1021 2038
   14.139903     3.882207    44.502844
   15.336859     3.882207    44.384943
   17.454481     5.817564    43.985785
   15.477302     7.794743    43.985785
   14.139903     7.972040    44.100053
    2.713656     0.645933    43.696223
   10.903629     0.645933    44.502844
   12.886370     9.343548    43.841486
   11.185925     9.118127    43.696223
    9.830804    -7.071769    43.637050
    9.984668    -6.903445    43.668787
   10.903629    -3.238723    44.120222
    2.233524     0.525511    43.637050
   14.926133     0.783781    44.120222
   21.143747     7.085779    42.971761
   21.737776     7.596462    42.727432
   21.212708     8.863936    42.727432
   20.950508     8.970195    42.793649
   20.147594     8.645856    43.077946
   19.652113     6.870147    43.451374
   20.635808     6.870147    43.152988
   18.795736     8.720675    43.287944
   14.940963    10.317382    43.287944
   12.886370    10.473545    43.498683
    8.800096    15.226368    41.543527
    6.180096    17.197318    40.616409
    3.974975    18.428680    39.965803
   -0.041448    18.123398    39.553742
   -8.512233    14.614691    39.553742
    1.324648     0.525511    43.487634
   -9.707039    14.548548    39.368140
   -6.892169     4.461034    41.489544
  -21.498038    19.311678    35.192959
  -25.285035    10.169004    35.192959
  -23.417008     8.562954    35.961392
  -13.754902     4.461034    39.407737
   -0.668771    -6.618257    41.985322
  -10.879821    -2.480152    39.407737
    1.752428    -9.039456    41.985322
    3.547195   -10.586111    42.026106
    8.857341    -9.104339    43.142755
    5.722433   -14.363618    41.153489
    8.586243   -15.549895    41.153489
    8.857341   -14.911302    41.381283
   12.169472   -13.539348    41.381283
   14.363544    -8.125315    42.747898
   16.065250    -6.423684    42.747898
   16.209549    -3.815697    43.152988
   26.800404     8.854592    39.983970
   26.532272     9.012980    40.104614
   23.591418     8.865789    41.697614
   23.318244     8.094909    41.954030
   27.003950     8.094909    39.983970
   23.308975     8.935492    41.807358
   22.422640     9.821826    41.807358
   20.990698    10.145869    42.277554
   19.308717    11.865371    41.834943
   18.926243    12.513086    41.543527
   -3.559572    26.497712    34.573718
   -4.380579    27.008320    34.183236
  -11.071132    26.540201    33.475162
  -18.313744    24.599579    33.475162
  -24.464993    24.258852    32.519867
  -24.394993    22.208634    33.419771
  -29.139437    27.749911    29.054242
  -31.789468    27.150098    28.183998
  -36.189700    22.749941    28.183998
  -35.801590    22.598004    28.413201
  -32.165565    12.339126    31.826030
  -38.195798    22.850342    27.097306
  -39.159992    22.280931    26.663519
  -40.891432    15.819062    26.663519
  -39.447774    14.470985    27.628232
  -35.762438    12.339126    29.903426
  -33.516237     3.956210    29.903426
  -26.515063    -0.178114    33.053536
  -24.127825    -2.513297    33.668105
  -22.876887    -2.821991    34.154169
  -21.721753    -2.850242    34.648982
    7.634803   -24.014156    37.319628
    8.586243   -23.676914    37.636107
    6.759814   -29.213445    34.415256
    8.848814   -29.773142    34.415256
    8.848814   -24.509563    37.228718
    9.648539   -31.155625    33.561771
   12.801170   -30.310890    33.561771
   12.577009   -25.830871    35.988457
   12.587539   -25.788159    36.005067
   27.445523   -10.930175    36.005067
   27.774534    -9.476506    36.482381
   25.741222    -6.753955    38.500937
   25.782821    -6.003021    38.617578
   29.217302     6.814533    38.617578
   31.520230     6.375036    36.848913
   34.610795     6.375036    34.312556
   34.397906     7.445415    34.312556
   34.199105     7.603284    34.449959
   30.352416     8.432225    37.471490
   29.768323     6.814533    38.214934
   29.677858     8.734467    37.905203
   26.631264    10.179015    39.452006
   28.348023    10.724771    37.905203
   28.185334    10.796772    37.990329
   26.830658    10.378408    39.204784
   18.791064    15.750323    39.204784
   17.374620    18.911481    37.172511
   15.556941    20.583230    36.306939
   13.564338    23.091557    34.573718
   -6.545510    29.766464    31.566277
  -10.405547    33.222968    28.099466
  -13.782041    32.970482    27.755476
  -23.516519    31.034161    27.755476
  -28.486310    30.682237    27.039690
  -29.038220    30.174669    27.302484
  -31.226361    29.677408    26.585438
  -34.645789    27.392574    26.585438
  -36.110951    27.037833    26.012616
  -38.360341    24.788443    26.012616
  -38.589098    24.687226    25.892861
  -40.226737    22.236440    25.892861
  -40.558121    22.087915    25.679824
  -41.934523    20.591312    24.967227
  -42.481985    19.844680    24.713331
  -41.042034    15.856879    26.546137
  -42.500597    19.823398    24.701541
  -43.122210    18.767182    24.363855
  -43.701112    15.856879    24.363855
  -43.860241    15.731934    24.212882
  -44.819022    14.661184    23.251210
  -44.784393    14.198033    23.204049
  -43.415925     7.318319    23.204049
  -42.339391     6.463054    23.947938
  -41.638288     5.700701    24.310910
  -38.179411     4.150858    26.534570
  -27.626002   -11.643439    26.534570
  -25.001331   -12.804802    27.908451
  -14.300139   -23.506069    27.908451
   -8.331897   -25.986292    29.334313
    3.646484   -33.989997    29.334313
    6.650589   -34.672785    30.318676
    6.894399   -33.624355    31.218876
    6.712209   -29.260680    34.371359
    9.648539   -32.629834    32.484719
    7.267530   -35.449301    29.782114
   10.114582   -36.015671    29.782114
   10.114582   -34.487406    31.036315
   12.350328   -38.864058    27.079510
   14.688403   -38.398979    27.079510
   14.114766   -35.931806    29.197874
   14.258694   -32.483384    31.689146
   17.978288   -40.754405    23.695304
   18.804782   -40.566579    23.424502
   29.026139   -33.736843    23.424502
   29.339059   -33.661134    23.302226
   29.365606   -33.551390    23.345085
   40.796154   -16.444387    23.345085
   41.463370   -13.508649    24.307055
   38.536160    -9.420151    28.512638
   37.103477    -9.087062    29.742814
   40.624641     1.079053    28.512638
   38.889789     3.016412    30.252681
   40.638804     1.075790    28.496028
   42.875439     1.075790    25.770659
   42.181232     5.458744    25.770659
   40.045220     6.564790    28.159899
   39.528383     6.935697    28.658050
   36.986836    11.923728    28.658050
   36.943161    11.925879    28.707435
   34.441211    10.326947    32.557832
   28.162570    20.706544    28.707435
   27.596125    19.820210    30.071454
   27.945009    25.043450    23.801340
   12.593248    32.865558    23.801340
   10.770750    35.405177    21.353521
    9.962126    36.966810    19.606805
   -8.094982    39.826764    19.606805
  -10.175158    38.425966    21.715084
  -10.405547    38.222049    22.008057
  -23.023633    36.223514    22.008057
  -23.281533    36.063866    22.152876
  -23.485153    35.949005    22.236444
  -28.190593    32.395881    25.179078
  -28.336227    32.193002    25.374616
  -32.969295    29.832311    25.374616
  -33.186485    29.774176    25.294828
  -36.103239    27.156994    25.908062
  -36.550077    26.957971    25.675375
  -38.627954    24.880094    25.675375
  -38.717603    24.678847    25.780151
  -40.601722    22.579021    25.338652
  -41.100318    22.228580    24.967227
  -44.000091    17.604633    23.636798
  -44.298032    17.076377    23.419979
  -44.640984    16.522464    23.108913
  -44.935811    14.661184    23.108913
  -45.518939    14.002199    22.271222
  -46.801540    12.097466    20.340758
  -47.432941    10.138083    19.193262
  -47.038454     7.647256    19.193262
  -46.911581     7.665571    19.351279
  -48.804153     4.339351    15.186775
  -48.610988     3.566617    14.953865
  -42.835614    -7.768201    14.953865
  -42.497631    -9.031077    14.489675
  -41.996292    -9.589810    14.607206
  -39.261060   -10.883756    16.323742
  -16.845616   -33.299126    16.323742
  -14.333285   -34.418297    17.631851
  -13.473052   -34.174264    18.668639
  -14.159547   -23.660304    27.895549
   -9.721127   -35.178351    20.047637
    5.905216   -43.140382    20.047637
    7.514455   -42.281410    21.996712
    7.770352   -40.510743    24.203687
   12.350328   -39.019331    26.904883
   12.673851   -43.098561    21.996712
   12.673851   -40.451051    25.222753
   13.210042   -43.572983    21.315185
   17.940990   -42.823681    21.315185
   17.841256   -42.133774    22.175121
   19.615260   -43.717356    19.287360
   21.841588   -43.160922    18.616436
   25.725650   -41.181889    18.616436
   28.327779   -40.485457    17.660028
   29.307174   -39.606686    17.865947
   29.673557   -33.995632    22.790135
   30.703079   -38.984851    17.139187
   36.112737   -33.575193    17.139187
   36.129717   -33.567184    17.128584
   39.121884   -30.232437    16.427406
   40.628571   -27.768675    16.555540
   41.510085   -24.474786    17.766213
   44.179099   -19.236640    17.766213
   45.384063   -14.415672    19.218992
   44.726783   -13.184384    20.710330
   44.842386   -11.833119    20.882584
   45.765128    -6.007248    20.882584
   46.017318    -2.921280    21.170886
   44.759706    -1.053771    23.063606
   47.710348    -2.921280    18.003350
   47.809192    -2.693115    17.762283
   47.710496    -1.568606    17.669965
   46.821937     5.180676    17.669965
   46.339655     5.146492    18.580695
   42.833914     5.761283    24.544711
   47.424494     7.280798    14.968769
   44.860256    13.471347    14.968769
   43.149726    12.700763    18.692293
   39.062785    13.559884    24.237130
   45.308428    18.189170     8.387812
   39.056186    26.337174     8.387812
   37.715079    24.996068    12.221970
   28.741175    26.053544    21.650202
   38.367317    31.239783     1.312263
   26.543246    40.312754     1.312263
   25.998232    39.102822     3.946055
   10.628008    38.403424    16.908427
   26.043687    41.387508    -0.279698
   14.618923    46.119791    -0.279698
   14.102234    46.259566    -0.143556
    9.630075    44.976447     5.608535
    9.585584    44.348086     6.795109
   -8.090978    39.843893    19.575662
    3.736874    45.752295     5.608535
    1.353567    45.961477     5.804221
    0.015649    45.723450     6.579105
   -5.841366    43.185685    12.769580
   -8.090978    41.967522    15.602617
  -15.241642    41.026167    15.602617
  -16.718668    40.093339    16.983988
  -21.973943    37.133206    20.707215
  -28.948719    33.685897    22.236444
  -30.221532    32.488274    23.466323
  -32.714287    30.635670    24.351397
  -33.111147    30.132625    24.808542
  -36.986459    27.158996    24.808542
  -37.186891    26.882930    25.006379
  -38.552912    25.516834    25.006379
  -38.611196    25.474568    24.964557
  -41.102245    22.228135    24.964557
  -41.441712    21.960300    24.656086
  -42.531147    20.494470    24.135616
  -43.016915    19.978227    23.636798
  -44.879752    16.246991    22.767593
  -45.713661    14.766479    21.718644
  -46.644116    13.293235    20.340758
  -47.439540    10.125255    19.178060
  -47.861686     9.345625    18.196293
  -49.187665     6.285387    14.961873
  -48.933696     4.356035    14.961873
  -48.909151     4.357815    15.008144
  -50.170026     0.046936     9.419484
  -50.539153    -1.342666     7.686263
  -50.464408    -3.535848     6.157034
  -50.191752    -4.543421     5.891423
  -49.100018    -7.179215     5.891423
  -48.953791    -7.673954     5.730588
  -49.375936   -12.118158    -0.468636
  -47.127733   -16.843471    -2.697264
  -40.055299   -26.060444    -2.697264
  -38.371093   -29.311845    -4.563660
  -36.736123   -30.946814    -4.563660
  -36.715064   -30.957714    -4.551573
  -18.231287   -45.140771    -4.551573
  -15.484934   -46.447397    -3.256293
  -12.334602   -46.148195     1.138155
  -12.016194   -45.441456     2.676579
    5.201888   -44.657969    17.197322
   -2.258804   -50.321671     1.138155
   -0.979614   -50.667811     1.475249
    5.455857   -48.821361     9.752647
    5.592890   -46.887709    13.403947
   13.037862   -44.990688    18.786836
   13.210042   -44.246205    20.137138
    8.883813   -49.272648     9.752647
   11.063723   -48.328104    12.056612
   13.037862   -47.259134    14.542768
   17.665813   -46.649905    14.542768
   19.096643   -45.746219    15.880982
   19.277351   -45.644409    16.008968
   19.550154   -45.570628    15.937115
   25.018689   -43.305518    15.937115
   25.951887   -43.029748    15.633613
   28.133873   -41.408052    16.408349
   28.653750   -41.160682    16.163129
   31.632050   -38.875403    16.163129
   32.143326   -38.610533    15.869711
   35.470435   -35.283424    15.869711
   35.901108   -34.743377    15.999922
   36.017600   -34.518550    16.129020
   38.820828   -30.865247    16.129020
   41.160905   -27.052370    16.301200
   43.391980   -22.908629    16.119380
   44.218844   -20.110369    17.029295
   45.083897   -18.021888    17.029295
   46.093249   -14.291320    18.012545
   46.566559   -13.450959    17.417108
   46.866947   -10.331549    17.756055
   47.445923    -5.933912    17.756055
   48.583187    -2.693115    15.210800
   48.721554    -2.130082    14.545363
   49.451280     1.518104    10.784838
   49.303792     3.127046    10.673462
   48.915683     6.571093    10.673462
   48.861033     7.103650    10.625931
   47.798069     7.451421    13.751793
   49.048859    13.544831     2.517895
   48.737200    14.644278     2.275345
   47.620699    17.835022     2.275345
   47.315342    17.745150     3.393774
   45.690087    18.453076     7.042701
   46.638190    23.806156    -6.285313
   45.616529    25.853335    -7.103502
   43.188656    29.717302    -7.103502
   43.183465    29.713668    -7.080589
   38.547135    31.419601     0.580609
   42.168700    32.365034   -11.359138
   40.744396    34.237882   -12.531846
   35.627340    39.355012   -12.531846
   35.172568    39.887569   -12.954510
   34.708527    40.275456   -13.027772
   26.533013    42.095285    -2.773936
   34.341773    40.606246   -13.338022
   28.784183    44.098269   -13.338022
   26.691105    45.142843   -12.501444
   25.090912    45.406155   -10.207341
   24.259673    45.667688    -9.980585
   22.125218    46.414543    -9.980585
   19.625789    47.123136    -9.429268
   18.895247    47.240370    -8.969602
   13.829653    47.092660    -2.593155
   13.214936    47.155689    -2.538357
   11.287957    47.372805    -2.538357
    9.488446    47.537792    -2.413708
    8.669960    47.499530    -1.983628
    2.983271    46.362118     3.878206
   -5.408172    45.112292     6.579105
   -9.150901    43.675679     9.924827
  -12.466295    42.452251    12.343060
  -15.219916    41.092533    15.407450
  -23.430429    38.219528    15.407450
  -25.475012    36.969035    17.184271
  -26.078680    36.623043    17.447139
  -28.487718    34.744263    19.860181
  -35.456414    30.365609    19.860181
  -35.724918    29.965487    20.575448
  -36.127116    29.494476    20.949320
  -40.915754    24.705838    20.949320
  -40.842196    24.653709    21.278035
  -40.972628    24.667724    20.847659
  -44.259177    19.437142    20.847659
  -44.760294    18.794618    20.204022
  -45.173318    18.340366    19.360177
  -46.977576    13.184084    19.360177
  -48.094967    10.921273    16.841988
  -48.420047    10.303515    15.999996
  -48.867256     9.138371    14.958462
  -49.188703     6.285090    14.958462
  -49.337081     5.672227    14.254689
  -50.039816     2.813533    10.876192
  -50.658833    -0.281037     7.686263
  -50.600179    -8.193238     0.294310
  -50.061616   -10.093077    -0.124795
  -49.911385   -10.522341    -0.124795
  -49.414569   -12.101326    -0.555468
  -48.776791   -15.977231    -6.112169
  -48.057298   -17.900502    -7.623601
  -46.174588   -21.672966    -9.131400
  -45.985798   -21.973503    -9.131400
  -42.828644   -27.671685   -11.929438
  -42.774958   -27.811090   -12.153450
  -39.815270   -31.702864   -14.590369
  -34.503418   -37.014716   -14.590369
  -33.518091   -38.168590   -15.506216
  -29.575597   -41.463888   -16.128200
  -26.101148   -43.388938   -14.422119
  -21.941687   -46.002561   -14.422119
  -16.253219   -48.841308   -12.148630
  -16.170095   -48.872451   -12.083229
  -14.294207   -49.181145    -9.393897
  -12.142178   -49.858223    -8.806913
  -11.026567   -50.248632    -8.806913
   -8.170839   -51.058145    -8.176995
   -7.142356   -51.240484    -7.587341
   -4.938199   -51.594187    -6.200631
   -0.794606   -51.473320    -0.984806
   -0.802688   -51.208599    -0.114933
    8.732766   -49.796677     8.081343
    0.977099   -51.672936    -0.984806
    2.172572   -51.782532    -0.902053
    6.088890   -50.999194     3.134985
    8.732766   -50.349255     6.259586
   11.436928   -50.044566     6.259586
   14.560046   -48.845831     9.051321
   15.300154   -48.572731     9.591219
   17.371283   -47.549957    11.896074
   21.393786   -46.142411    11.896074
   22.559376   -45.429517    12.909059
   25.025140   -44.016261    13.982627
   25.777853   -43.429277    14.736526
   29.113564   -41.333307    14.736526
   29.518284   -40.968258    15.078884
   32.056420   -38.846780    15.479303
   32.062055   -38.842480    15.475744
   34.991935   -35.912600    15.475744
   38.222795   -31.965732    15.561760
   38.813042   -30.900469    16.084825
   40.890771   -27.593677    16.084825
   43.975108   -21.891120    15.676398
   45.064915   -18.427646    16.621016
   45.977054   -15.820771    16.621016
   46.657321   -13.421299    17.150310
   47.713611   -10.558823    15.062423
   47.884382    -8.895009    15.210800
   49.558948     1.518104     9.691917
   49.558948    10.269406     0.940615
   49.303792    12.859893     0.940615
   49.251886    13.353743     0.907470
   48.466695    17.174257    -3.243835
   47.479069    21.691129    -7.492353
   47.119285    22.877333    -7.492353
   46.914775    23.511404    -7.627012
   45.916917    25.888557   -10.700671
   44.578257    28.802493   -13.167844
   43.994313    29.895117   -13.167844
   42.995565    31.649767   -13.853821
   42.694880    32.097273   -14.546546
   41.311730    33.951434   -15.988128
   39.686697    35.931505   -15.988128
   38.709082    37.039775   -16.697536
   37.006709    38.742074   -16.697536
   36.935597    38.804806   -16.743065
   33.867722    41.322625   -16.743065
   33.456922    41.629020   -16.423768
   31.992724    42.549019   -16.423768
   30.434872    43.435724   -15.814687
   28.853885    44.280830   -15.814687
   26.871664    45.191412   -14.136487
   26.451298    45.367893   -13.592882
   24.890629    45.871086   -13.261572
   23.587043    46.266537   -13.261572
   20.354180    46.973424   -10.220688
   17.634595    47.372805    -8.884920
   15.959658    47.537792    -8.884920
    3.422027    46.982693    -1.983628
    0.435718    46.668809    -1.783048
   -1.056584    46.362118    -0.161649
   -5.054395    45.488019     3.598729
  -15.350274    42.364752     3.598729
  -19.155662    41.137691     4.406685
  -19.851501    40.894177     4.406685
  -21.279068    40.238380     5.615357
  -32.701385    34.133031     5.615357
  -32.650517    33.985321     7.586678
  -35.623997    30.548245    17.956783
  -32.843682    34.037450     5.395052
  -39.609647    28.484753     5.395052
  -39.347670    28.222702    10.357724
  -41.351024    25.014902    16.904127
  -39.805037    28.289364     5.030597
  -43.727584    23.509698     5.030597
  -43.890050    23.267815     5.405063
  -43.518402    23.139830    10.364843
  -45.380275    18.500978    17.325011
  -47.233695    17.012384     5.405063
  -47.423375    16.560578     5.989229
  -47.187499    16.575112     8.559325
  -49.997772     8.073850     5.989229
  -50.039816     7.881426     5.808299
  -50.203691     7.084148     4.941912
  -50.932749    -0.318112     4.941912
  -50.716894    -0.318112     7.133685
  -50.932749    -4.907060     0.352964
  -50.716894    -7.098834     0.352964
  -50.602033    -8.191533     0.279628
  -50.057464   -10.841489    -2.599754
  -49.291255   -14.345450    -5.895572
  -49.105727   -14.957201    -5.895572
  -47.730660   -18.678501    -8.629616
  -45.858479   -22.753875   -12.080040
  -45.385837   -23.638207   -12.080040
  -43.239295   -27.409410   -13.554397
  -43.236552   -27.413489   -13.560700
  -40.899367   -30.546618   -15.996581
  -39.384968   -32.391955   -15.996581
  -37.395109   -34.647499   -17.440461
  -34.465897   -37.576711   -17.440461
  -34.188422   -37.821486   -17.618129
  -29.878951   -41.358148   -17.618129
  -29.281512   -41.803799   -17.153643
  -26.405911   -43.610652   -17.153643
  -22.830542   -45.645743   -15.755885
  -21.887704   -46.149752   -15.755885
  -18.675901   -47.731554   -14.235183
  -16.332635   -48.808014   -12.251182
  -13.520286   -49.726901   -11.520640
  -13.173627   -49.826709   -11.354244
  -12.755190   -49.938010   -11.181322
   -9.886856   -50.682938    -9.791053
   -4.346840   -51.656326    -6.160886
   -4.024354   -51.672936    -5.986185
   -1.476133   -51.792024    -4.647155
    2.172572   -51.792024    -0.998450
    3.449018   -51.666337    -0.998450
    4.712042   -51.533605    -0.913620
    5.666077   -51.380482    -0.313437
    7.521425   -50.999194     1.702523
   11.320139   -50.168622     5.275594
   13.399722   -49.537740     5.275594
   16.065621   -48.678100     5.841593
   17.211634   -48.197078     7.323439
   21.115273   -46.403795    10.628452
   23.305267   -45.233238    10.628452
   26.394572   -43.474732    11.836233
   26.424678   -43.454563    11.882801
   28.831936   -41.658833    13.754314
   31.297033   -39.635754    13.754314
   32.521499   -38.555587    14.538171
   34.194953   -36.882059    14.538171
   34.850676   -36.138837    15.014002
   37.946729   -32.366224    15.014002
   38.286862   -31.910340    15.368446
   40.699163   -28.071140    15.368446
   40.748177   -27.985050    15.334782
   44.045552   -21.816079    15.334782
   44.363366   -21.124244    14.749058
   45.667026   -17.398644    14.749058
   45.946948   -16.530625    14.564717
   47.776343   -10.499724    14.564717
   48.721554    -6.176833    10.498612
   48.849465    -5.554330     9.822275
   49.053531    -3.613263     9.691917
   49.323146    10.269406    -1.453073
   48.466695    14.551217    -5.866801
   47.674904    17.772142    -9.673449
   47.204189    21.949993    -9.673449
   46.456222    23.898623   -11.415419
   46.139149    24.757892   -12.042149
   45.061059    26.940991   -14.471578
   44.309458    29.088941   -14.471578
   43.552666    30.326383   -15.546999
   43.062153    31.182167   -15.919537
   42.323455    32.129380   -16.868307
   41.020017    34.203846   -16.868307
   40.397811    34.893679   -17.451881
   39.019480    36.542663   -17.712005
   38.759950    36.764302   -17.917998
   36.359884    39.164368   -17.917998
   36.142620    39.329578   -18.053992
   34.306180    40.864590   -17.764282
   34.113905    41.038031   -17.601667
   31.505622    42.676856   -17.601667
   31.326990    42.816261   -17.422665
   29.566705    43.825094   -16.656308
   28.914170    44.224178   -16.089196
   26.744346    44.983491   -16.089196
   25.960711    45.370414   -15.217173
   24.013119    46.089092   -13.796576
   23.607583    46.244810   -13.434049
   19.098571    46.752823   -13.434049
   18.201262    46.973424   -12.373606
   15.959658    47.421819   -10.062893
   11.169685    46.982693    -9.731287
    5.685950    46.364788    -9.731287
   -0.442756    45.735908    -9.184567
   -1.086170    45.498400    -9.653947
   -4.886367    44.421125    -8.815589
  -18.010316    39.828841    -8.815589
  -22.488258    38.419885    -7.594311
  -24.327293    37.365820    -8.395001
  -32.816468    33.958553     4.342396
  -25.036702    36.812575    -9.105596
  -35.482071    30.249340    -9.105596
  -35.876261    30.030963    -8.911986
  -36.050295    30.220569    -6.935622
  -39.550400    28.034727     0.207256
  -36.346012    29.480906    -9.348591
  -41.042628    24.784290    -9.348591
  -41.384467    25.097878    -5.786124
  -43.364686    23.384753     0.188570
  -41.044481    24.779396    -9.356451
  -44.389091    19.456496    -9.356451
  -44.761703    18.978663    -8.877876
  -44.823916    18.910295    -8.750780
  -45.080629    19.109615    -6.225991
  -47.037268    17.024471     3.264379
  -48.086365     9.586766    -8.750780
  -48.675648     8.393443    -7.422799
  -48.726738     8.427627    -6.935029
  -50.116043     7.119370     4.087240
  -48.771378     7.460542    -7.505997
  -50.116043    -4.473866    -7.505997
  -50.155715    -4.907060    -7.536028
  -50.057464    -5.398611    -8.042632
  -49.922730    -5.946518    -8.690198
  -48.939035   -14.677131    -8.690198
  -48.323947   -16.279622   -10.122734
  -48.063304   -16.985842   -10.637791
  -47.128178   -18.879674   -12.745328
  -45.721373   -22.900102   -12.745328
  -44.380267   -25.092691   -14.650877
  -43.672044   -26.328354   -15.188847
  -42.542863   -27.776313   -16.639253
  -40.686403   -30.730884   -16.639253
  -39.495899   -32.050709   -17.755680
  -37.601028   -34.317747   -18.113313
  -36.899776   -34.916596   -18.669970
  -33.672994   -38.143378   -18.669970
  -33.498441   -38.276109   -18.779269
  -30.405354   -40.861406   -18.291351
  -29.965190   -41.258414   -17.919036
  -26.785123   -43.256578   -17.919036
  -26.132366   -43.720470   -17.564072
  -25.426591   -44.114215   -17.378026
  -22.075456   -46.034891   -15.919092
  -18.391677   -47.830992   -14.235183
  -17.830720   -48.058711   -13.992262
  -15.791106   -48.914421   -12.893632
  -14.965279   -49.193676   -12.574631
   -9.630292   -50.711857    -9.791053
   -6.659407   -51.240484    -8.070365
   -5.716346   -51.382410    -7.572585
   -0.104773   -51.666337    -4.552241
    0.137999   -51.638975    -4.552241
    1.949894   -51.453002    -4.390590
    9.379220   -50.327900     0.505716
   10.785654   -49.835755     0.505716
   14.492717   -48.669276     1.516774
   16.411464   -48.353612     4.267502
   20.029619   -46.547946     5.713608
   24.072440   -44.007660     5.713608
   26.501721   -42.661659     6.906485
   27.395990   -42.317225     8.343766
   29.198987   -40.946087     9.472724
   35.526271   -34.618729     9.472724
   35.702307   -34.468423     9.612500
   35.941965   -34.181753     9.657733
   36.274980   -33.812552     9.970059
   42.183234   -24.409532     9.970059
   43.208751   -22.354642     9.148756
   43.434691   -20.981651     7.180401
   44.037247   -19.066611     6.658077
   47.256614    -9.866173     6.658077
   48.343974    -6.030309     5.811858
   48.183435    -0.524180    -1.119169
   48.333296     0.936088    -1.249453
   49.053531     7.328033    -1.249453
   46.501973    17.772142   -13.540160
   45.791749    19.411263   -15.272564
   45.496625    19.956278   -15.958912
   44.572177    26.978437   -15.958912
   44.559942    27.105014   -15.945120
   43.625928    28.763193   -17.119978
   43.289057    29.151970   -17.601741
   41.996817    32.271603   -17.601741
   41.761608    32.521642   -17.843253
   40.568434    34.127099   -18.413331
   40.320767    34.322415   -18.638307
   38.324012    36.924692   -18.638307
   38.038825    37.131723   -18.842669
   36.318433    38.852115   -18.842669
   33.459146    41.046262   -18.842446
   33.452547    41.054567   -18.834957
   31.715990    42.345176   -18.218312
   31.604317    42.450249   -18.110421
   28.572406    43.706155   -18.110421
   28.370417    43.881227   -17.860085
   26.819090    44.755030   -16.761010
   25.859568    44.847423   -16.865267
   20.443088    45.560539   -16.865267
   19.545186    45.639288   -16.938974
   19.098571    45.832824   -16.466925
   12.933160    45.291739   -15.960691
    5.481736    44.310713   -15.960691
   -1.701110    43.619027   -15.180320
   -5.164287    41.668320   -17.633923
  -10.695331    40.171866   -16.176250
  -20.410826    36.147583   -16.176250
  -26.052505    34.480506   -14.341591
  -29.447166    31.957571   -15.546851
  -30.888303    31.271891   -14.867177
  -36.374857    27.061932   -14.867177
  -37.438858    26.510763   -14.256465
  -38.318964    25.630583   -14.256465
  -40.903742    24.679514    -9.985331
  -38.633812    25.022836   -14.605348
  -41.723710    20.996032   -14.605348
  -41.868899    20.690898   -14.749202
  -42.019130    20.488761   -14.677423
  -42.859491    17.644972   -15.602242
  -45.075067    12.296044   -15.602242
  -45.586788    10.404584   -16.100690
  -45.428993     9.854601   -16.808022
  -45.805016     5.950221   -17.232244
  -47.095848    -3.854923   -17.232244
  -47.279447    -5.946518   -17.403979
  -46.917587    -6.781688   -18.286680
  -46.734877    -7.119152   -18.711643
  -45.099167   -19.543480   -18.711643
  -44.650920   -20.253259   -19.375448
  -44.603240   -20.337866   -19.435363
  -44.148394   -20.862711   -20.085821
  -41.007776   -28.444938   -20.085821
  -40.165265   -29.340393   -20.950948
  -40.041136   -29.601184   -20.827930
  -35.593743   -35.397098   -20.827930
  -35.497939   -35.466727   -20.896669
  -34.648903   -36.315689   -20.896669
  -33.778586   -37.514720   -20.037400
  -30.239254   -40.230524   -20.037400
  -29.600141   -41.040630   -19.301222
  -27.411259   -42.667443   -18.524039
  -22.305845   -45.406901   -17.378026
  -22.248007   -45.442642   -17.345621
  -21.535410   -46.060177   -16.462476
  -12.182442   -49.560060   -12.574631
  -11.757257   -49.790300   -12.039182
   -3.128677   -51.155284    -7.360140
   -1.332353   -50.918814    -7.360140
    0.854749   -50.708149    -7.122559
    2.078696   -51.059331    -5.548320
    5.723990   -50.073115    -4.587537
   12.639445   -47.208637    -4.587537
   15.496730   -46.364273    -3.658417
   15.781101   -46.152940    -3.759337
   16.964561   -45.589907    -3.201198
   28.245397   -36.933817    -3.201198
   28.511379   -37.199873    -2.118658
   28.285735   -36.646553    -3.615780
   28.819701   -35.615771    -4.207436
   38.372952   -23.165713    -4.207436
   38.391268   -23.178393    -4.142850
   38.137299   -20.684673    -7.668315
   39.134935   -17.308550    -8.766204
   44.755999    -3.738060    -8.766204
   45.377167    -1.442325    -9.371281
   44.603024     1.255682   -12.841503
   45.018199     5.566932   -13.309845
   46.255716    14.967060   -13.309845
   43.457826    19.956278   -19.773197
   43.293951    21.962079   -19.585816
   42.504088    26.949073   -19.585816
   42.300838    29.325262   -19.282907
   41.786671    30.006122   -19.708686
   41.668622    30.478394   -19.566389
   39.727777    34.287638   -19.566389
   39.682544    34.456629   -19.504250
   38.153241    36.160930   -19.862624
   38.041124    36.213949   -19.932920
   35.280681    38.974391   -19.932920
   35.147357    39.033787   -20.002326
   33.588022    40.433028   -19.674502
   33.366679    40.492275   -19.755846
   29.892898    42.262200   -19.755846
   29.482765    42.364752   -19.879457
   28.704618    42.952330   -19.392800
   26.477251    43.142825   -19.676726
   21.971057    43.856535   -19.676726
   19.545186    44.054816   -19.903334
   18.661299    43.459601   -20.799234
   11.211359    42.850742   -20.103321
    2.855508    41.527284   -20.103321
   -5.311478    40.828775   -19.062157
   -9.317965    37.803463   -21.567667
  -16.631021    35.975625   -19.363880
  -23.989458    32.226296   -19.363880
  -29.712629    30.694620   -17.260347
  -32.985089    27.758216   -17.948326
  -33.891222    27.354608   -17.476573
  -38.955852    22.289978   -17.476573
  -39.174451    21.799317   -17.732026
  -39.773893    21.131285   -17.591582
  -40.715545    17.612641   -18.884861
  -42.682343    13.752530   -18.884861
  -43.575351    10.179682   -19.961543
  -41.898041     7.037507   -23.767375
  -42.251966     2.899697   -24.294890
  -43.315968    -3.817995   -24.294890
  -43.585732    -7.119152   -24.603212
  -41.930519    -9.577204   -27.094484
  -40.843530   -10.805600   -28.656044
  -39.157990   -21.447842   -28.656044
  -39.611872   -21.658284   -27.803522
  -39.957196   -29.246591   -21.403940
  -39.078128   -21.489218   -28.745322
  -35.690140   -28.138543   -28.745322
  -36.226924   -30.030745   -26.464789
  -36.106724   -30.300657   -26.324197
  -32.148807   -34.258574   -26.324197
  -31.995758   -34.582023   -26.121170
  -31.892539   -36.640547   -23.792587
  -30.610531   -38.464306   -22.433684
  -26.966720   -40.320915   -22.433684
  -25.470637   -42.405614   -20.424323
  -25.382841   -42.575124   -20.234717
  -16.050488   -46.424261   -17.345621
  -15.014367   -47.341072   -16.028466
  -12.182442   -49.248029   -13.158279
   -8.931709   -48.982418   -12.854628
    1.445589   -47.338773   -12.854628
    1.814419   -46.999381   -13.197060
    1.972362   -46.880145   -13.295830
    2.503362   -46.747414   -13.135811
   17.233806   -39.241860   -13.135811
   17.994527   -38.159617   -13.942210
   18.379819   -37.813922   -14.023183
   19.803975   -34.803366   -15.912493
   30.132630   -24.474711   -15.912493
   31.168380   -22.149465   -17.123167
   31.028901   -21.657617   -17.716009
   32.409604   -16.498369   -19.612363
   38.549730    -4.447765   -19.612363
   39.505544    -0.623395   -20.764753
   40.363108     0.512163   -20.054603
   40.757150     5.119871   -20.642032
   42.434163    15.707983   -20.642032
   42.687910    18.812860   -20.932039
   41.120419    18.812860   -22.841963
   40.884023    21.974092   -22.519922
   39.776569    27.541767   -22.519922
   39.598382    30.058251   -22.157469
   39.708868    30.212561   -21.998784
   39.462017    31.298511   -21.642931
   36.103171    36.325473   -21.642931
   36.099463    36.340748   -21.636925
   35.268965    37.171172   -21.636925
   35.242493    37.177623   -21.647306
   30.644054    40.250244   -21.647306
   29.670888    40.471364   -21.966232
   29.533040    40.372743   -22.107936
   27.449083    40.520304   -22.408101
   21.846111    41.634803   -22.408101
   18.661299    41.872978   -22.732589
   16.659279    40.080215   -24.530618
    9.047392    39.511027   -23.755214
   -3.562390    37.002774   -23.755214
   -9.438906    36.586635   -22.908773
  -13.311772    33.024687   -24.752998
  -18.839331    31.768410   -22.941845
  -31.613061    23.233261   -22.941845
  -33.307352    22.823054   -22.279448
  -33.992735    22.137670   -22.279448
  -34.766804    18.940697   -23.529348
  -40.121219    10.927279   -23.529348
  -40.984641     7.128268   -24.774132
  -37.046745     1.628219   -30.431753
  -37.239539    -1.093739   -30.823792
  -38.647159    -8.170399   -30.823792
  -38.844254   -10.805600   -31.092221
  -36.074098   -13.899132   -33.870609
  -38.519396   -21.408467   -29.441754
  -34.505346   -15.130494   -35.359054
  -33.327002   -21.054319   -35.359054
  -33.631988   -21.480320   -34.920892
  -34.288526   -21.828759   -34.104780
  -34.798838   -27.568836   -30.117053
  -31.540022   -24.611076   -34.920892
  -32.463506   -27.601389   -32.240089
  -32.576143   -27.714025   -32.067686
  -28.838752   -30.023330   -32.240089
  -28.745395   -30.231770   -32.106097
  -27.886645   -34.216753   -28.975860
  -27.528345   -34.667817   -28.664200
  -19.759404   -36.213137   -28.664200
  -17.050868   -39.663857   -25.390109
  -16.226821   -40.401740   -24.650002
  -16.050488   -41.181889   -23.733414
    2.855656   -36.605992   -24.650002
    2.971407   -36.824072   -24.378978
    2.881387   -36.486831   -24.743581
   20.460959   -24.740545   -24.743581
   20.858856   -23.841382   -25.214222
   22.484779   -22.215534   -25.214222
   22.967210   -20.222857   -25.993259
   31.593046    -7.313355   -25.993259
   32.178029    -4.739403   -26.836659
   35.607393    -1.010689   -25.061173
   35.691259     0.173735   -25.231721
   38.223092    12.902011   -25.231721
   38.441320    15.820916   -25.529069
   36.594574    15.820916   -27.044729
   36.424099    18.257464   -26.786904
   33.788009    28.095383   -26.786904
   35.171901    29.948358   -25.413022
   35.585370    30.225760   -25.056649
   29.175481    35.944778   -25.413022
   29.686163    36.706019   -24.756929
   27.704090    34.845925   -26.503941
   18.537021    37.302198   -26.503941
   16.659279    37.433595   -26.702667
   11.926329    32.364960   -30.089765
    9.710604    32.209983   -29.855224
  -13.606673    25.962115   -29.855224
  -14.305404    24.778803   -30.387707
  -17.028177    21.995299   -31.104308
  -17.801208    18.862838   -32.321433
  -33.433261     3.230710   -32.321433
  -33.764942     1.765252   -32.802603
  -30.596665    -2.477111   -35.947967
  -30.747341    -5.197586   -36.370408
  -32.881573   -13.162584   -36.370408
  -33.019199   -15.130494   -36.578700
  -31.228289   -16.802835   -37.775508
  -32.711840   -20.911281   -35.887311
  -30.385407   -17.290382   -38.295830
  -29.631359   -20.104511   -38.295830
  -29.991291   -20.586422   -37.938567
  -30.606453   -20.999150   -37.408309
  -30.854935   -23.925989   -35.770299
  -28.284395   -22.293319   -37.938567
  -28.298928   -22.583548   -37.781292
  -29.099544   -23.776945   -36.752660
  -21.711001   -24.348802   -37.781292
  -20.111402   -27.114065   -36.074173
  -19.866405   -27.376413   -35.898878
  -19.759404   -27.803007   -35.566160
    2.752289   -35.931880   -25.220154
   -2.595897   -22.748758   -35.898878
    2.263259   -22.479588   -35.144237
    3.282177   -23.240532   -34.388780
    6.145542   -22.592521   -33.448612
   19.005733    -9.732329   -33.448612
   22.013694    -8.989997   -32.279760
   24.708068    -6.354500   -31.586145
   27.082848    -4.952144   -30.517620
   31.373039    11.059195   -30.517620
   31.693596    11.244574   -30.319710
   27.281648    11.059195   -32.704500
   33.244329    27.882568   -27.107980
   25.504827    10.498757   -33.574002
   20.993071    21.391112   -33.574002
   21.142042    21.759868   -33.443421
   27.053409    27.671236   -29.825267
   27.259551    33.710293   -27.174568
   11.173541    25.889001   -33.443421
   11.926329    28.275794   -32.275459
    4.491367    18.116724   -36.640691
    2.379603    13.142633   -38.414917
  -17.327305     4.979799   -38.414917
  -19.304187     0.101586   -39.646353
  -22.170519    -2.764746   -39.646353
  -22.297837    -5.064632   -40.003542
  -26.876552   -16.118713   -40.003542
  -26.915556   -16.631619   -40.056189
  -27.488674   -17.124357   -39.820387
  -28.015076   -17.290382   -39.562784
  -28.912830   -19.823254   -38.720199
  -26.838215   -18.694740   -39.820387
  -27.933287   -19.789811   -39.150131
  -27.993424   -21.549875   -38.377619
  -25.528475   -18.165594   -40.284206
  -25.458699   -18.169450   -40.295032
  -22.229543   -19.507071   -40.295032
  -21.711001   -19.546446   -40.348199
  -20.731384   -18.407032   -40.816911
  -15.885204   -18.038647   -40.319798
   -5.089913   -13.567155   -40.319798
    1.945742   -13.177711   -39.227026
    3.136617   -11.986910   -39.227026
    9.500458    -9.407842   -37.620605
   14.955571     3.761858   -37.620605
   20.315992     6.037646   -35.708605
   12.241399     3.761858   -38.443911
   15.677363    16.075404   -35.854461
    4.297906    -0.042713   -40.375486
   -1.017283     5.272475   -40.375486
    2.379603    12.364782   -38.650942
   -8.056646    -2.429580   -41.827449
   -9.532189    -2.625192   -41.701317
  -20.045036   -13.138114   -41.701317
  -20.062684   -13.271216   -41.712737
  -22.240963   -15.262113   -41.302085
  -25.100398   -16.631619   -40.606765
  -20.705950   -16.797126   -41.302085
  -20.731384   -16.850367   -41.289183
  -17.483394   -13.271216   -41.966780
  -16.259447   -12.588502   -42.020095
  -11.064977   -11.899856   -41.576298
   -3.550822    -4.385700   -41.576298
    0.716975    -3.315544   -41.050563
   -8.056646    -4.385700   -42.020095
     1      2      3
     1      3      4
     1      4      5
     6      7      1
     6      1      5
     6      5      8
     6      8      9
    10     11     12
    10     12      7
    10      7      6
    10      6     13
    12     14      2
    12      2      1
    12      1      7
    15     16     17
    15     17     18
    15     18     19
    15     19     20
    15     20     21
     3     20     19
     3     19     22
     3     22      4
     5      4     22
     5     22     23
     5     23     24
     5     24      8
     9      8     24
     9     24     25
     9     25     26
     9     26     27
     9     27     28
     9     28     29
    30     13      6
    30      6      9
    30      9     29
    30     29     31
    30     31     32
    32     31     33
    32     33     34
    32     34     35
    32     35     36
    37     30     32
    37     32     36
    37     36     38
    37     39     40
    37     40     41
    37     41     10
    37     10     13
    37     13     30
    40     42     43
    40     43     44
    40     44     41
    41     44     45
    41     45     46
    41     46     11
    41     11     10
    46     47     48
    46     48     14
    46     14     12
    46     12     11
    48     21     20
    48     20      3
    48      3      2
    48      2     14
    49     50     51
    49     51     52
    49     52     53
    52     51     54
    52     54     17
    52     17     16
    18     17     54
    18     54     55
    18     55     56
    22     19     18
    22     18     56
    22     56     57
    22     57     23
    24     23     57
    24     57     58
    24     58     25
    27     59     60
    27     60     61
    27     61     62
    27     62     28
    29     28     62
    29     62     63
    29     63     64
    29     64     33
    29     33     31
    63     65     66
    63     66     67
    63     67     68
    63     68     64
    33     64     68
    33     68     69
    33     69     34
    68     67     70
    68     70     71
    68     71     72
    68     72     73
    68     73     74
    68     74     69
    34     69     74
    34     74     75
    34     75     76
    34     76     35
    36     35     76
    36     76     77
    36     77     78
    36     78     79
    36     79     38
    38     79     39
    38     39     37
    80     81     43
    80     43     42
    82     83     84
    82     84     81
    82     81     80
    85     86     87
    85     87     84
    85     84     83
    43     81     84
    43     84     87
    43     87     88
    43     88     45
    43     45     44
    45     88     89
    45     89     90
    45     90     91
    45     91     47
    45     47     46
    91     92     15
    91     15     21
    91     21     48
    91     48     47
    93     53     52
    93     52     16
    93     16     15
    93     15     92
    94     95     96
    94     96     97
    94     97     98
    94     98     99
    99     98    100
    99    100     49
    99     49     53
    99     53     93
   101     50     49
   101     49    100
   101    100    102
   101    102    103
   101    103    104
    55     54     51
    55     51     50
    55     50    101
    57     56     55
    57     55    101
    57    101    104
    57    104    105
    57    105     58
    25     58    105
    25    105    106
    25    106    107
    25    107     26
    26    107    108
    26    108     59
    26     59     27
    60    109    110
    60    110    111
    60    111    112
    60    112     61
    62     61    112
    62    112    113
    62    113    114
    62    114     65
    62     65     63
   114    115    116
   114    116     66
   114     66     65
    66    116    117
    66    117    118
    66    118     70
    66     70     67
    70    118    119
    70    119    120
    70    120     71
    71    120    121
    71    121    122
    71    122    123
    71    123    124
    71    124     72
   123    125    126
   123    126    127
   123    127    124
    72    124    127
    72    127    128
    72    128    129
    72    129    130
    72    130    131
    72    131    132
    72    132     73
    74     73    132
    74    132    133
    74    133    134
    74    134     75
    76     75    134
    76    134    135
    76    135    136
    76    136     77
    77    136    137
    77    137     78
   138    139    140
   138    140    141
   138    141    142
   142    141    143
   142    143     85
   142     85     83
   142     83     82
   140    144    145
   140    145    146
   140    146    143
   140    143    141
   145    147    148
   145    148    149
   145    149    146
   143    146    149
   143    149    150
   143    150     86
   143     86     85
   149    148    151
   149    151    152
   149    152    153
   149    153    150
    87     86    150
    87    150    153
    87    153    154
    87    154    155
    87    155     89
    87     89     88
    89    155    156
    89    156    157
    89    157    158
    89    158    159
    89    159     90
    90    159     94
    90     94     99
    90     99     93
    90     93     92
    90     92     91
   158    160    161
   158    161     95
   158     95     94
   158     94    159
   162    163    164
   162    164    165
   162    165    161
   162    161    160
   161    165    166
   161    166     96
   161     96     95
    96    166    167
    96    167    168
    96    168    169
    96    169     97
    97    169    102
    97    102    100
    97    100     98
   103    102    169
   103    169    168
   103    168    170
   103    170    171
   105    104    103
   105    103    171
   105    171    106
   106    171    170
   106    170    172
   106    172    173
   106    173    108
   106    108    107
   108    173    174
   108    174    109
   108    109     60
   108     60     59
   174    175    176
   174    176    177
   174    177    178
   174    178    110
   174    110    109
   110    178    179
   110    179    180
   110    180    111
   112    111    180
   112    180    181
   112    181    182
   112    182    183
   112    183    113
   113    183    184
   113    184    115
   113    115    114
   184    185    186
   184    186    117
   184    117    116
   184    116    115
   117    186    187
   117    187    188
   117    188    189
   117    189    119
   117    119    118
   119    189    190
   119    190    121
   119    121    120
   121    190    191
   121    191    122
   127    126    192
   127    192    193
   127    193    128
   128    193    194
   128    194    195
   128    195    129
   129    195    196
   129    196    197
   129    197    198
   129    198    199
   129    199    200
   129    200    130
   130    200    131
   132    131    200
   132    200    199
   132    199    201
   132    201    202
   132    202    203
   132    203    133
   134    133    203
   134    203    204
   134    204    205
   134    205    206
   134    206    135
   137    136    135
   137    135    206
   137    206    207
   137    207    208
   137    208    209
   137    209    210
   210    209    211
   210    211    139
   210    139    138
   211    212    213
   211    213    214
   211    214    144
   211    144    140
   211    140    139
   214    215    147
   214    147    145
   214    145    144
   213    216    217
   213    217    215
   213    215    214
   218    219    220
   218    220    217
   218    217    216
   217    220    151
   217    151    148
   217    148    147
   217    147    215
   151    220    219
   151    219    221
   151    221    222
   151    222    223
   151    223    152
   153    152    223
   153    223    224
   153    224    225
   153    225    226
   153    226    154
   225    227    228
   225    228    226
   154    226    228
   154    228    229
   154    229    230
   154    230    231
   154    231    232
   154    232    156
   154    156    155
   156    232    233
   156    233    234
   156    234    235
   156    235    157
   157    235    236
   157    236    162
   157    162    160
   157    160    158
   236    237    238
   236    238    239
   236    239    163
   236    163    162
   238    240    241
   238    241    242
   238    242    243
   238    243    244
   238    244    239
   239    244    245
   239    245    164
   239    164    163
   245    244    243
   245    243    246
   245    246    247
   245    247    248
   167    166    165
   167    165    164
   167    164    245
   167    245    248
   167    248    249
   249    248    247
   249    247    250
   249    250    251
   249    251    252
   170    168    167
   170    167    249
   170    249    252
   170    252    253
   170    253    172
   252    251    254
   252    254    255
   252    255    256
   252    256    253
   172    253    256
   172    256    257
   172    257    175
   172    175    174
   172    174    173
   256    255    258
   256    258    259
   256    259    260
   256    260    261
   256    261    262
   256    262    257
   257    262    263
   257    263    176
   257    176    175
   261    264    265
   261    265    266
   261    266    267
   261    267    268
   261    268    263
   261    263    262
   176    263    268
   176    268    269
   176    269    270
   176    270    177
   177    270    271
   177    271    179
   177    179    178
   181    272    273
   181    273    182
   182    273    274
   182    274    275
   182    275    185
   182    185    184
   182    184    183
   275    276    277
   275    277    187
   275    187    186
   275    186    185
   187    277    278
   187    278    188
   188    278    279
   188    279    280
   188    280    191
   188    191    190
   188    190    189
   122    191    280
   122    280    281
   122    281    282
   122    282    125
   122    125    123
   282    283    192
   282    192    126
   282    126    125
   194    284    285
   194    285    196
   194    196    195
   196    285    286
   196    286    197
   287    288    289
   287    289    290
   287    290    291
   199    198    287
   199    287    291
   199    291    201
   201    291    290
   201    290    292
   201    292    293
   201    293    294
   201    294    295
   201    295    296
   201    296    202
   203    202    296
   203    296    297
   203    297    204
   204    297    298
   204    298    299
   204    299    300
   204    300    205
   206    205    300
   206    300    301
   206    301    302
   206    302    303
   206    303    207
   207    303    304
   207    304    305
   207    305    306
   207    306    307
   207    307    208
   208    307    308
   208    308    212
   208    212    211
   208    211    209
   306    309    310
   306    310    311
   306    311    312
   306    312    308
   306    308    307
   308    312    313
   308    313    314
   308    314    218
   308    218    216
   308    216    213
   308    213    212
   311    315    316
   311    316    317
   311    317    313
   311    313    312
   313    317    318
   313    318    319
   313    319    314
   314    319    320
   314    320    221
   314    221    219
   314    219    218
   320    321    322
   320    322    222
   320    222    221
   223    222    322
   223    322    323
   223    323    324
   223    324    224
   224    324    325
   224    325    326
   224    326    227
   224    227    225
   228    227    326
   228    326    327
   228    327    328
   228    328    329
   228    329    330
   228    330    229
   229    330    331
   229    331    230
   231    332    333
   231    333    334
   231    334    233
   231    233    232
   233    334    335
   233    335    336
   233    336    234
   234    336    337
   234    337    338
   234    338    237
   234    237    236
   234    236    235
   338    339    240
   338    240    238
   338    238    237
   241    340    341
   241    341    342
   241    342    343
   241    343    344
   241    344    242
   242    344    345
   242    345    346
   242    346    246
   242    246    243
   346    345    347
   346    347    348
   346    348    349
   346    349    350
   247    246    346
   247    346    350
   247    350    351
   247    351    250
   350    349    352
   350    352    353
   350    353    354
   350    354    355
   350    355    351
   250    351    355
   250    355    356
   250    356    254
   250    254    251
   355    354    357
   355    357    358
   355    358    359
   355    359    356
   254    356    359
   254    359    360
   254    360    361
   254    361    362
   254    362    258
   254    258    255
   361    363    364
   361    364    365
   361    365    366
   361    366    362
   258    362    366
   258    366    367
   258    367    259
   259    367    368
   259    368    369
   259    369    370
   259    370    371
   259    371    260
   260    371    372
   260    372    264
   260    264    261
   372    373    374
   372    374    375
   372    375    376
   372    376    265
   372    265    264
   266    377    378
   266    378    267
   268    267    378
   268    378    379
   268    379    380
   268    380    269
   271    270    269
   271    269    380
   271    380    381
   271    381    382
   180    179    271
   180    271    382
   180    382    383
   180    383    384
   180    384    272
   180    272    181
   384    385    386
   384    386    274
   384    274    273
   384    273    272
   274    386    387
   274    387    276
   274    276    275
   387    388    389
   387    389    279
   387    279    278
   387    278    277
   387    277    276
   280    279    389
   280    389    281
   281    389    388
   281    388    390
   281    390    391
   281    391    283
   281    283    282
   192    283    391
   192    391    392
   192    392    284
   192    284    194
   192    194    193
   392    393    394
   392    394    286
   392    286    285
   392    285    284
   197    286    394
   197    394    395
   197    395    288
   197    288    287
   197    287    198
   395    396    397
   395    397    398
   395    398    289
   395    289    288
   292    399    400
   292    400    401
   292    401    293
   290    289    398
   290    398    399
   290    399    292
   294    402    403
   294    403    404
   294    404    295
   296    295    404
   296    404    405
   296    405    298
   296    298    297
   298    405    406
   298    406    407
   298    407    408
   298    408    409
   298    409    299
   300    299    409
   300    409    410
   300    410    301
   301    410    411
   301    411    412
   301    412    413
   301    413    302
   302    413    414
   302    414    415
   302    415    416
   302    416    304
   302    304    303
   304    416    417
   304    417    418
   304    418    419
   304    419    420
   304    420    305
   305    420    421
   305    421    309
   305    309    306
   421    422    423
   421    423    424
   421    424    425
   421    425    426
   421    426    427
   421    427    310
   421    310    309
   310    427    428
   310    428    315
   310    315    311
   426    429    430
   426    430    431
   426    431    432
   426    432    428
   426    428    427
   428    432    433
   428    433    434
   428    434    316
   428    316    315
   316    434    435
   316    435    436
   316    436    318
   316    318    317
   318    436    437
   318    437    438
   318    438    321
   318    321    320
   318    320    319
   322    321    438
   322    438    439
   322    439    440
   322    440    323
   323    440    441
   323    441    442
   323    442    325
   323    325    324
   325    442    443
   325    443    327
   325    327    326
   327    443    444
   327    444    445
   327    445    328
   329    446    447
   329    447    331
   329    331    330
   230    331    447
   230    447    448
   230    448    332
   230    332    231
   333    449    450
   333    450    335
   333    335    334
   335    450    451
   335    451    452
   335    452    337
   335    337    336
   337    452    453
   337    453    454
   337    454    339
   337    339    338
   454    340    241
   454    241    240
   454    240    339
   342    455    456
   342    456    457
   342    457    343
   343    457    458
   343    458    347
   343    347    345
   343    345    344
   347    458    459
   347    459    460
   347    460    461
   347    461    348
   348    461    462
   348    462    352
   348    352    349
   352    462    463
   352    463    464
   352    464    465
   352    465    353
   353    465    466
   353    466    357
   353    357    354
   357    466    467
   357    467    468
   357    468    469
   357    469    358
   359    358    469
   359    469    470
   359    470    471
   359    471    360
   360    471    472
   360    472    473
   360    473    474
   360    474    363
   360    363    361
   474    475    476
   474    476    364
   474    364    363
   364    476    477
   364    477    478
   364    478    479
   364    479    365
   366    365    479
   366    479    480
   366    480    368
   366    368    367
   368    480    481
   368    481    482
   368    482    369
   370    483    373
   370    373    372
   370    372    371
   484    374    373
   484    373    483
   375    485    486
   375    486    487
   375    487    376
   265    376    487
   265    487    488
   265    488    377
   265    377    266
   378    377    488
   378    488    489
   378    489    490
   378    490    379
   380    379    490
   380    490    491
   380    491    492
   380    492    381
   382    381    492
   382    492    493
   382    493    494
   382    494    383
   383    494    495
   383    495    385
   383    385    384
   493    496    497
   493    497    498
   493    498    495
   493    495    494
   495    498    499
   495    499    390
   495    390    388
   495    388    387
   495    387    386
   495    386    385
   497    500    501
   497    501    502
   497    502    503
   497    503    499
   497    499    498
   390    499    503
   390    503    504
   390    504    393
   390    393    392
   390    392    391
   503    502    505
   503    505    506
   503    506    507
   503    507    504
   394    393    504
   394    504    507
   394    507    396
   394    396    395
   507    506    508
   507    508    397
   507    397    396
   398    397    508
   398    508    509
   398    509    400
   398    400    399
   400    509    510
   400    510    511
   400    511    512
   400    512    401
   512    511    513
   512    513    514
   293    401    512
   293    512    514
   293    514    515
   293    515    402
   293    402    294
   515    516    517
   515    517    518
   515    518    403
   515    403    402
   404    403    518
   404    518    406
   404    406    405
   407    519    520
   407    520    521
   407    521    408
   409    408    521
   409    521    522
   409    522    411
   409    411    410
   411    522    523
   411    523    524
   411    524    525
   411    525    412
   412    525    526
   412    526    527
   412    527    414
   412    414    413
   414    527    528
   414    528    529
   414    529    530
   414    530    415
   415    530    531
   415    531    532
   415    532    417
   415    417    416
   417    532    533
   417    533    534
   417    534    535
   417    535    418
   419    536    537
   419    537    422
   419    422    421
   419    421    420
   537    538    539
   537    539    423
   537    423    422
   425    540    541
   425    541    429
   425    429    426
   541    542    543
   541    543    430
   541    430    429
   430    543    544
   430    544    545
   430    545    546
   430    546    547
   430    547    431
   431    547    548
   431    548    433
   431    433    432
   433    548    549
   433    549    550
   433    550    551
   433    551    435
   433    435    434
   435    551    552
   435    552    437
   435    437    436
   437    552    553
   437    553    554
   437    554    555
   437    555    439
   437    439    438
   439    555    556
   439    556    441
   439    441    440
   441    556    557
   441    557    558
   441    558    444
   441    444    443
   441    443    442
   444    558    559
   444    559    560
   444    560    445
   328    445    560
   328    560    561
   328    561    562
   328    562    446
   328    446    329
   447    446    562
   447    562    563
   447    563    448
   448    563    564
   448    564    565
   448    565    449
   448    449    333
   448    333    332
   565    566    567
   565    567    451
   565    451    450
   565    450    449
   451    567    568
   451    568    569
   451    569    453
   451    453    452
   453    569    570
   453    570    341
   453    341    340
   453    340    454
   570    571    572
   570    572    455
   570    455    342
   570    342    341
   456    573    574
   456    574    459
   456    459    458
   456    458    457
   459    574    575
   459    575    576
   459    576    460
   460    576    577
   460    577    578
   460    578    463
   460    463    462
   460    462    461
   463    578    579
   463    579    580
   463    580    464
   464    580    581
   464    581    582
   464    582    467
   464    467    466
   464    466    465
   467    582    583
   467    583    584
   467    584    468
   469    468    584
   469    584    585
   469    585    586
   469    586    470
   470    586    587
   470    587    588
   470    588    472
   470    472    471
   472    588    589
   472    589    590
   472    590    591
   472    591    473
   473    591    592
   473    592    593
   473    593    475
   473    475    474
   593    594    595
   593    595    477
   593    477    476
   593    476    475
   477    595    596
   477    596    597
   477    597    478
   479    478    597
   479    597    598
   479    598    599
   479    599    481
   479    481    480
   481    599    600
   481    600    601
   481    601    482
   369    482    601
   369    601    602
   369    602    484
   369    484    483
   369    483    370
   602    603    485
   602    485    375
   602    375    374
   602    374    484
   604    605    486
   604    486    485
   604    485    603
   487    486    605
   487    605    606
   487    606    607
   487    607    489
   487    489    488
   490    489    607
   490    607    608
   490    608    609
   490    609    491
   492    491    609
   492    609    610
   492    610    611
   492    611    496
   492    496    493
   610    612    613
   610    613    614
   610    614    615
   610    615    611
   611    615    616
   611    616    500
   611    500    497
   611    497    496
   614    617    618
   614    618    619
   614    619    616
   614    616    615
   616    619    620
   616    620    501
   616    501    500
   618    621    622
   618    622    623
   618    623    624
   618    624    625
   618    625    620
   618    620    619
   501    620    625
   501    625    626
   501    626    505
   501    505    502
   626    625    624
   626    624    627
   626    627    628
   626    628    629
   508    506    505
   508    505    626
   508    626    629
   508    629    630
   508    630    510
   508    510    509
   629    628    631
   629    631    632
   629    632    630
   510    630    632
   510    632    633
   510    633    513
   510    513    511
   514    513    633
   514    633    634
   514    634    516
   514    516    515
   517    516    634
   517    634    635
   517    635    636
   406    518    517
   406    517    636
   406    636    637
   406    637    638
   406    638    519
   406    519    407
   638    639    640
   638    640    520
   638    520    519
   521    520    640
   521    640    641
   521    641    642
   521    642    523
   521    523    522
   523    642    643
   523    643    644
   523    644    524
   524    644    645
   524    645    646
   524    646    526
   524    526    525
   526    646    647
   526    647    648
   526    648    528
   526    528    527
   528    648    649
   528    649    650
   528    650    651
   528    651    529
   529    651    652
   529    652    653
   529    653    531
   529    531    530
   531    653    654
   531    654    655
   531    655    533
   531    533    532
   534    656    657
   534    657    658
   534    658    535
   418    535    658
   418    658    659
   418    659    536
   418    536    419
   423    539    660
   423    660    661
   423    661    424
   424    661    662
   424    662    540
   424    540    425
   663    544    543
   663    543    542
   664    665    545
   664    545    544
   664    544    663
   546    666    549
   546    549    548
   546    548    547
   549    666    667
   549    667    668
   549    668    669
   549    669    550
   550    669    670
   550    670    553
   550    553    552
   550    552    551
   553    670    671
   553    671    672
   553    672    673
   553    673    554
   554    673    674
   554    674    557
   554    557    556
   554    556    555
   557    674    675
   557    675    676
   557    676    559
   557    559    558
   560    559    676
   560    676    677
   560    677    678
   560    678    561
   561    678    679
   561    679    564
   561    564    563
   561    563    562
   564    679    680
   564    680    566
   564    566    565
   680    681    682
   680    682    683
   680    683    568
   680    568    567
   680    567    566
   568    683    684
   568    684    571
   568    571    570
   568    570    569
   684    685    686
   684    686    687
   684    687    572
   684    572    571
   572    687    573
   572    573    456
   572    456    455
   575    688    689
   575    689    577
   575    577    576
   577    689    690
   577    690    691
   577    691    692
   577    692    579
   577    579    578
   579    692    693
   579    693    581
   579    581    580
   581    693    694
   581    694    695
   581    695    583
   581    583    582
   584    583    695
   584    695    696
   584    696    697
   584    697    585
   585    697    698
   585    698    699
   585    699    587
   585    587    586
   587    699    700
   587    700    701
   587    701    589
   587    589    588
   589    701    702
   589    702    703
   589    703    590
   590    703    704
   590    704    705
   590    705    592
   590    592    591
   592    705    706
   592    706    707
   592    707    594
   592    594    593
   707    708    596
   707    596    595
   707    595    594
   597    596    708
   597    708    709
   597    709    710
   597    710    598
   598    710    711
   598    711    712
   598    712    600
   598    600    599
   601    600    712
   601    712    713
   601    713    604
   601    604    603
   601    603    602
   713    714    715
   713    715    606
   713    606    605
   713    605    604
   607    606    715
   607    715    716
   607    716    717
   607    717    608
   609    608    717
   609    717    718
   609    718    719
   609    719    612
   609    612    610
   719    720    721
   719    721    613
   719    613    612
   613    721    722
   613    722    723
   613    723    617
   613    617    614
   723    724    725
   723    725    621
   723    621    618
   723    618    617
   726    727    725
   726    725    724
   725    727    728
   725    728    729
   725    729    622
   725    622    621
   622    729    730
   622    730    731
   622    731    623
   624    623    731
   624    731    732
   624    732    627
   631    628    627
   631    627    732
   631    732    733
   631    733    734
   631    734    735
   633    632    631
   633    631    735
   633    735    736
   633    736    635
   633    635    634
   636    635    736
   636    736    737
   636    737    637
   637    737    738
   637    738    739
   637    739    639
   637    639    638
   640    639    739
   640    739    740
   640    740    741
   640    741    641
   641    741    742
   641    742    743
   641    743    643
   641    643    642
   643    743    744
   643    744    745
   643    745    645
   643    645    644
   645    745    746
   645    746    647
   645    647    646
   647    746    747
   647    747    748
   647    748    749
   647    749    649
   647    649    648
   649    749    750
   649    750    751
   649    751    650
   650    751    752
   650    752    652
   650    652    651
   654    753    754
   654    754    755
   654    755    655
   533    655    755
   533    755    656
   533    656    534
   659    756    757
   659    757    538
   659    538    537
   659    537    536
   757    660    539
   757    539    538
   662    758    664
   662    664    663
   662    663    542
   662    542    541
   662    541    540
   759    760    761
   759    761    665
   759    665    664
   759    664    758
   545    665    761
   545    761    762
   545    762    667
   545    667    666
   545    666    546
   763    764    668
   763    668    667
   763    667    762
   668    764    765
   668    765    766
   668    766    671
   668    671    670
   668    670    669
   671    766    767
   671    767    768
   671    768    672
   672    768    675
   672    675    674
   672    674    673
   676    675    768
   676    768    767
   676    767    769
   676    769    770
   676    770    771
   676    771    772
   676    772    677
   677    772    681
   677    681    680
   677    680    679
   677    679    678
   771    773    774
   771    774    775
   771    775    682
   771    682    681
   771    681    772
   682    775    776
   682    776    685
   682    685    684
   682    684    683
   776    777    778
   776    778    779
   776    779    686
   776    686    685
   686    779    688
   686    688    575
   686    575    574
   686    574    573
   686    573    687
   690    780    781
   690    781    691
   691    781    782
   691    782    783
   691    783    694
   691    694    693
   691    693    692
   695    694    783
   695    783    784
   695    784    785
   695    785    696
   696    785    786
   696    786    787
   696    787    698
   696    698    697
   698    787    788
   698    788    700
   698    700    699
   700    788    789
   700    789    790
   700    790    701
   701    790    791
   701    791    792
   701    792    702
   702    792    793
   702    793    794
   702    794    704
   702    704    703
   704    794    795
   704    795    796
   704    796    706
   704    706    705
   706    796    797
   706    797    798
   706    798    709
   706    709    708
   706    708    707
   709    798    799
   709    799    711
   709    711    710
   712    711    799
   712    799    800
   712    800    801
   712    801    714
   712    714    713
   715    714    801
   715    801    802
   715    802    803
   715    803    716
   717    716    803
   717    803    804
   717    804    805
   717    805    718
   718    805    806
   718    806    807
   718    807    720
   718    720    719
   807    808    809
   807    809    722
   807    722    721
   807    721    720
   722    809    810
   722    810    726
   722    726    724
   722    724    723
   810    811    812
   810    812    728
   810    728    727
   810    727    726
   730    729    728
   730    728    812
   730    812    813
   730    813    814
   732    731    730
   732    730    814
   732    814    815
   732    815    733
   734    733    815
   734    815    816
   734    816    817
   734    817    818
   736    735    734
   736    734    818
   736    818    819
   736    819    738
   736    738    737
   738    819    820
   738    820    740
   738    740    739
   740    820    821
   740    821    822
   740    822    823
   740    823    742
   740    742    741
   742    823    824
   742    824    744
   742    744    743
   822    825    826
   822    826    827
   822    827    824
   822    824    823
   744    824    827
   744    827    828
   744    828    747
   744    747    746
   744    746    745
   747    828    829
   747    829    830
   747    830    831
   747    831    748
   748    831    832
   748    832    750
   748    750    749
   750    832    833
   750    833    834
   750    834    835
   750    835    752
   750    752    751
   652    752    835
   652    835    753
   652    753    654
   652    654    653
   755    754    836
   755    836    837
   755    837    657
   755    657    656
   658    657    837
   658    837    838
   658    838    756
   658    756    659
   838    839    759
   838    759    758
   838    758    662
   838    662    661
   838    661    660
   838    660    757
   838    757    756
   840    760    759
   840    759    839
   841    842    843
   841    843    763
   841    763    762
   841    762    761
   841    761    760
   841    760    840
   843    844    765
   843    765    764
   843    764    763
   767    766    765
   767    765    844
   767    844    845
   767    845    846
   767    846    769
   769    846    847
   769    847    848
   769    848    770
   770    848    849
   770    849    773
   770    773    771
   849    850    851
   849    851    852
   849    852    774
   849    774    773
   774    852    853
   774    853    854
   774    854    777
   774    777    776
   774    776    775
   854    855    856
   854    856    778
   854    778    777
   778    856    857
   778    857    780
   778    780    690
   778    690    689
   778    689    688
   778    688    779
   857    858    859
   857    859    782
   857    782    781
   857    781    780
   783    782    859
   783    859    860
   783    860    861
   783    861    862
   783    862    784
   784    862    863
   784    863    786
   784    786    785
   786    863    864
   786    864    865
   786    865    789
   786    789    788
   786    788    787
   789    865    866
   789    866    791
   789    791    790
   791    866    867
   791    867    868
   791    868    793
   791    793    792
   793    868    869
   793    869    795
   793    795    794
   795    869    870
   795    870    871
   795    871    872
   795    872    797
   795    797    796
   799    798    797
   799    797    872
   799    872    873
   799    873    800
   800    873    874
   800    874    875
   800    875    802
   800    802    801
   803    802    875
   803    875    876
   803    876    877
   803    877    804
   804    877    878
   804    878    879
   804    879    806
   804    806    805
   806    879    880
   806    880    881
   806    881    808
   806    808    807
   881    882    811
   881    811    810
   881    810    809
   881    809    808
   813    812    811
   813    811    882
   813    882    883
   813    883    884
   815    814    813
   815    813    884
   815    884    885
   815    885    816
   816    885    886
   816    886    887
   816    887    888
   816    888    817
   818    817    888
   818    888    889
   818    889    821
   818    821    820
   818    820    819
   821    889    890
   821    890    891
   821    891    825
   821    825    822
   890    892    893
   890    893    894
   890    894    895
   890    895    891
   891    895    896
   891    896    826
   891    826    825
   896    895    894
   896    894    897
   896    897    898
   896    898    899
   827    826    896
   827    896    899
   827    899    829
   827    829    828
   829    899    898
   829    898    900
   829    900    901
   829    901    902
   829    902    830
   830    902    903
   830    903    833
   830    833    832
   830    832    831
   833    903    904
   833    904    905
   833    905    834
   835    834    905
   835    905    906
   835    906    907
   835    907    836
   835    836    754
   835    754    753
   837    836    907
   837    907    841
   837    841    840
   837    840    839
   837    839    838
   907    906    908
   907    908    909
   907    909    842
   907    842    841
   909    845    844
   909    844    843
   909    843    842
   908    910    911
   908    911    847
   908    847    846
   908    846    845
   908    845    909
   911    912    913
   911    913    850
   911    850    849
   911    849    848
   911    848    847
   913    914    915
   913    915    851
   913    851    850
   851    915    916
   851    916    917
   851    917    853
   851    853    852
   853    917    918
   853    918    919
   853    919    855
   853    855    854
   919    920    858
   919    858    857
   919    857    856
   919    856    855
   859    858    920
   859    920    921
   859    921    922
   859    922    860
   860    922    923
   860    923    924
   860    924    925
   860    925    861
   861    925    864
   861    864    863
   861    863    862
   864    925    924
   864    924    926
   864    926    927
   864    927    867
   864    867    866
   864    866    865
   867    927    870
   867    870    869
   867    869    868
   870    927    926
   870    926    928
   870    928    929
   870    929    871
   872    871    929
   872    929    930
   872    930    874
   872    874    873
   875    874    930
   875    930    931
   875    931    932
   875    932    876
   876    932    933
   876    933    878
   876    878    877
   878    933    934
   878    934    935
   878    935    880
   878    880    879
   880    935    936
   880    936    937
   880    937    883
   880    883    882
   880    882    881
   884    883    937
   884    937    938
   884    938    886
   884    886    885
   886    938    939
   886    939    940
   886    940    941
   886    941    887
   888    887    941
   888    941    942
   888    942    892
   888    892    890
   888    890    889
   942    943    944
   942    944    893
   942    893    892
   945    946    947
   945    947    948
   945    948    944
   945    944    943
   893    944    948
   893    948    949
   893    949    897
   893    897    894
   949    948    947
   949    947    950
   949    950    951
   949    951    952
   898    897    949
   898    949    952
   898    952    900
   900    952    951
   900    951    953
   900    953    954
   900    954    901
   901    954    955
   901    955    956
   901    956    904
   901    904    903
   901    903    902
   905    904    956
   905    956    957
   905    957    910
   905    910    908
   905    908    906
   956    955    958
   956    958    959
   956    959    960
   956    960    957
   957    960    961
   957    961    912
   957    912    911
   957    911    910
   961    962    963
   961    963    914
   961    914    913
   961    913    912
   963    964    965
   963    965    916
   963    916    915
   963    915    914
   916    965    966
   916    966    967
   916    967    918
   916    918    917
   918    967    921
   918    921    920
   918    920    919
   966    968    969
   966    969    923
   966    923    922
   966    922    921
   966    921    967
   969    968    970
   969    970    971
   969    971    972
   969    972    973
   928    926    924
   928    924    923
   928    923    969
   928    969    973
   928    973    974
   974    973    972
   974    972    975
   974    975    976
   930    929    928
   930    928    974
   930    974    976
   930    976    931
   931    976    975
   931    975    977
   931    977    934
   931    934    933
   931    933    932
   934    977    978
   934    978    979
   934    979    936
   934    936    935
   936    979    980
   936    980    981
   936    981    939
   936    939    938
   936    938    937
   939    981    982
   939    982    983
   939    983    940
   941    940    983
   941    983    984
   941    984    985
   941    985    986
   941    986    945
   941    945    943
   941    943    942
   986    987    946
   986    946    945
   985    988    989
   985    989    987
   985    987    986
   947    946    987
   947    987    989
   947    989    990
   947    990    950
   990    989    988
   990    988    991
   990    991    992
   990    992    993
   951    950    990
   951    990    993
   951    993    994
   951    994    953
   953    994    995
   953    995    996
   953    996    958
   953    958    955
   953    955    954
   958    996    997
   958    997    998
   958    998    959
   959    998    999
   959    999   1000
   959   1000    962
   959    962    961
   959    961    960
  1000   1001   1002
  1000   1002    964
  1000    964    963
  1000    963    962
  1002    970    968
  1002    968    966
  1002    966    965
  1002    965    964
  1003   1004    971
  1003    971    970
  1003    970   1002
  1003   1002   1001
  1005   1006   1007
  1005   1007   1004
  1005   1004   1003
   975    972    971
   975    971   1004
   975   1004   1007
   975   1007    978
   975    978    977
   978   1007   1006
   978   1006   1008
   978   1008   1009
   978   1009    980
   978    980    979
   980   1009   1010
   980   1010    982
   980    982    981
   983    982   1010
   983   1010   1011
   983   1011   1012
   983   1012   1013
   983   1013    984
   984   1013    991
   984    991    988
   984    988    985
  1012   1014   1015
  1012   1015    992
  1012    992    991
  1012    991   1013
   993    992   1015
   993   1015    995
   993    995    994
   995   1015   1014
   995   1014   1016
   995   1016   1017
   995   1017   1018
   995   1018    997
   995    997    996
   997   1018   1019
   997   1019   1020
   997   1020    999
   997    999    998
   999   1020   1005
   999   1005   1003
   999   1003   1001
   999   1001   1000
  1019   1021   1008
  1019   1008   1006
  1019   1006   1005
  1019   1005   1020
  1010   1009   1008
  1010   1008   1021
  1010   1021   1017
  1010   1017   1016
  1010   1016   1011
  1011   1016   1014
  1011   1014   1012
  1017   1021   1019
  1017   1019   1018
    79     78    137
    79    137    210
    79    210    138
    79    138    142
    79    142     82
    79     82     80
    79     80     42
    79     42     40
    79     40     39
