1021 2038
    1.292983    -3.327857    34.617451
    1.292983   -15.500584    35.816370
    8.767455   -15.500584    35.080165
   13.541002   -14.303652    34.492146
   15.689534   -12.339960    34.087117
    3.864150    -0.514576    34.087117
   -3.828662    -4.006856    34.179879
  -16.381139   -16.559332    34.179879
  -13.111652   -17.379188    34.582648
   -0.585621   -17.379188    35.816370
   -9.743101   -20.747739    34.582648
   -1.927040   -21.783947    35.250411
   -0.585621   -20.316265    35.527122
    4.645297   -19.622742    35.080165
   26.804815    -4.606932    30.988152
   31.352143    -0.697360    29.117495
   36.688498     6.396404    26.607370
   36.796469     6.589807    26.550370
   34.676986    11.706656    26.550370
   30.071972     7.101574    28.525914
   20.313662   -10.125179    32.962668
   25.740106    -5.887789    31.373792
    4.031793    -0.164629    34.002028
   34.701992    11.768521    26.528447
    9.752281    22.102997    26.528447
    9.033821    22.157599    26.602163
    4.031793    16.339690    28.995480
  -30.489401     3.432539    28.573255
   -0.084130    16.026807    28.573255
  -30.961501     3.406369    28.499949
  -26.083751   -14.074076    32.176040
  -20.894898   -16.559332    33.437783
  -31.157781     3.485703    28.430412
  -35.644479    -7.346154    28.430412
  -35.814177    -9.577924    28.659371
  -31.910566   -12.934007    30.265238
  -29.225192   -14.074076    31.223071
  -26.886821   -19.719409    31.223071
  -22.489186   -21.501551    32.333133
  -22.246593   -21.403582    32.419044
  -13.774141   -21.872530    33.734978
  -10.875086   -23.073368    33.734978
   -2.917484   -23.678240    34.551339
   -1.927040   -22.526250    35.025289
    1.993494   -22.228233    34.623068
    6.819177   -20.229395    34.623068
    9.909100   -20.058326    34.143158
   14.004128   -15.963298    34.143158
   17.425637   -14.576731    33.279457
   18.773976   -13.842376    32.962668
   38.888959     8.959419    25.219912
   40.135013    10.122919    24.387246
   43.243844    15.121178    22.009687
   43.736360    16.123268    21.602876
   43.114292    18.444992    21.602876
   42.111859    18.052569    22.194937
   40.946304    18.012765    22.706499
   46.676247    23.214429    18.066819
   46.962274    24.211587    17.522167
   46.610957    25.763948    17.012387
   41.389151    30.985754    17.012387
   40.881357    33.043441    16.212879
   40.655549    33.055979    16.247956
   22.196033    38.002170    16.247956
   15.629245    38.461596    16.942918
    9.033752    31.398319    21.662891
    6.203550    31.200326    21.363367
  -21.757092    23.708315    21.363367
  -22.180070    23.684885    21.297666
  -23.212511    23.100292    21.365559
  -31.736345    14.386206    23.608976
  -31.972772    13.428099    23.981258
  -31.650160     3.978082    28.129038
  -38.471667     6.929204    23.981258
  -38.900263     5.035460    24.603120
  -38.279566     4.204369    25.219296
  -38.476737     0.644881    25.772100
  -39.288713    -2.385369    25.772100
  -39.605228    -6.909405    26.250846
  -36.747416    -9.577924    28.160552
  -36.671987   -10.655650    28.046484
  -34.471251   -18.868862    28.046484
  -34.249417   -18.999852    28.146302
  -34.057042   -18.990261    28.250506
  -30.590179   -19.845809    29.597611
  -26.634226   -23.801762    29.597611
  -23.373920   -24.539611    30.668211
  -22.572425   -23.941043    31.262396
  -14.573306   -24.384095    32.504681
   -9.322452   -25.791077    32.504681
   -3.498446   -26.198573    33.120994
   -2.917484   -25.576368    33.536779
   -2.481762   -25.545881    33.490672
    5.397465   -23.434619    33.490672
    7.204476   -23.334527    33.210057
    9.925953   -20.552349    33.926325
   11.895811   -20.106488    33.279457
   18.823714   -13.830113    32.943349
   26.049838    -6.761698    31.083037
   26.860582    -6.283021    30.718292
   29.093722    -4.462308    29.785396
   31.091122    -1.671430    29.117495
   46.293552    19.075898    19.056852
   47.120600    20.820839    18.093264
   47.102240    21.066583    18.068189
   46.676932    23.204701    18.068189
   44.437625    17.003344    20.918259
   48.725165    26.673824    14.989365
   48.222167    28.886892    14.264259
   47.027770    30.674446    14.264259
   46.322257    33.588367    13.125012
   46.247513    33.663111    13.125012
   40.998098    33.217524    16.062843
   45.160539    36.119593    11.839223
   40.754066    39.063933    11.839223
   40.205646    40.287858    11.052321
   38.175226    42.155226    10.085512
   34.431515    42.420290    10.624683
   28.526874    43.594819    10.624683
   22.658816    44.033624    11.222499
   19.657750    42.863273    12.672848
   15.629245    39.255897    16.290980
   12.580497    39.027965    15.980426
   -4.994149    35.532123    15.980426
   -5.297852    35.353381    16.077504
  -14.388672    30.707810    17.691934
  -15.155021    30.145825    17.952476
  -24.423693    22.825020    20.968751
  -34.972125    15.776815    20.968751
  -35.448062    14.701282    21.531695
  -38.253601    11.895743    21.531695
  -38.727208     9.939792    22.296400
  -40.238531     7.677946    22.296400
  -40.662400     5.812839    22.907506
  -40.070819     4.986544    23.757505
  -40.378976     0.634125    24.384369
  -40.783114    -1.397323    24.384369
  -41.102438    -5.668078    24.819405
  -39.990937    -6.909405    25.934263
  -39.725668   -10.456424    25.572943
  -38.615469   -16.037768    25.572943
  -38.426656   -18.703685    25.188946
  -39.072291   -19.605477    24.261394
  -35.810615   -24.486996    24.261394
  -34.685686   -24.139584    25.269856
  -33.628925   -24.395467    25.683038
  -26.165003   -29.382696    25.683038
  -24.657517   -29.725313    26.176992
  -23.200933   -28.682459    27.675230
  -18.292353   -29.030077    28.382250
   -4.962086   -31.681606    28.382250
   -3.873194   -31.763064    28.493167
   -3.498446   -31.285620    28.946153
    5.990142   -29.398248    28.946153
    6.148742   -28.662317    29.524237
    7.067662   -26.611481    30.842706
   13.777703   -22.128003    30.842706
   14.571662   -20.333667    31.781904
   18.999852   -15.905408    31.781904
   21.031848   -15.006287    30.718292
   37.202320     4.973390    25.953377
   37.832883     5.474264    25.517724
   39.616052     7.513728    24.387246
   47.709852    21.486821    17.246690
   49.239535    23.758396    14.944354
   48.826970    26.363202    14.944354
   48.801074    26.666288    14.905715
   49.757537    28.458090    12.735466
   49.545979    29.304390    12.480473
   48.450441    31.454565    12.480473
   47.907091    33.484917    11.734197
   47.927987    33.558497    11.645409
   47.111625    35.391130    10.691275
   45.075107    37.427580    10.691275
   44.301565    39.062905     9.665000
   42.690218    40.508733     9.326220
   42.222365    41.174373     8.830278
   38.062048    43.294130     8.830278
   38.028752    43.340511     8.785542
   36.368763    44.593964     7.747483
   32.588126    44.917330     8.229449
   30.445144    45.256726     8.229449
   26.458704    45.582490     8.601799
   23.945085    44.899791     9.918828
   17.487501    42.685902    12.470128
    6.628652    40.966035    12.470128
    5.418977    40.862586    12.315913
   -2.304802    37.562886    14.298582
  -27.789710    23.708178    17.952476
  -28.175967    23.158594    18.361959
  -34.805852    17.209626    19.755856
  -34.890256    17.031227    19.867869
  -39.587826    12.333588    19.867869
  -39.828706    11.792910    20.149376
  -39.994500    11.608208    20.110531
  -40.439949     9.943629    20.722390
  -41.874199     7.128704    20.722390
  -41.960590     6.783073    20.826525
  -41.403401     5.739260    22.090802
  -41.757801     1.595864    22.619012
  -42.334721    -2.046726    22.619012
  -42.609924    -5.414592    22.933677
  -42.439267    -5.668078    23.190519
  -42.067602   -10.215818    22.765691
  -41.275630   -15.216269    22.765691
  -40.897731   -19.634320    22.202473
  -39.405933   -19.782506    23.846705
  -42.204827   -22.082992    19.236690
  -42.071027   -22.618121    19.075418
  -40.299299   -26.095329    19.075418
  -39.947091   -25.870206    19.617467
  -37.362564   -26.038945    21.885684
  -40.870190   -28.107731    16.649971
  -38.068077   -30.909913    16.649971
  -37.296863   -30.691162    17.579441
  -37.080852   -30.353135    18.099567
  -26.254134   -36.317723    17.579441
  -23.945222   -36.894780    18.275225
  -23.371111   -37.328309    17.916166
  -22.525016   -37.400724    18.024000
   -5.268393   -40.133848    18.024000
   -3.483031   -40.279774    18.190821
   -3.483031   -33.489713    26.464459
   -3.233656   -40.447691    17.938021
    3.792489   -39.334889    17.938021
    5.332723   -36.360405    21.265192
    5.336286   -36.355404    21.269988
    6.021588   -29.457509    28.872505
    9.722274   -34.120619    21.269988
   11.916159   -30.999593    23.595480
   11.966993   -29.986061    24.742126
   13.472424   -26.803719    26.739251
   22.418278   -17.857864    26.739251
   23.768124   -14.827614    28.316960
   29.452096    -8.493142    26.985132
   31.421475    -7.108768    25.517724
   39.825007     7.663696    24.185828
   43.910375    13.074109    20.802410
   45.640723    14.954288    19.056852
   49.437939    23.804297    14.584542
   50.330278    23.804297    12.915030
   51.189389    25.390844    10.917014
   50.802720    28.327990    10.917014
   50.586709    28.312712    11.324852
   51.069086    29.256570     9.722617
   49.694782    32.574493     9.722617
   49.501790    33.227732     9.510237
   49.530496    33.530271     9.088149
   49.270913    34.075950     8.830826
   46.902945    37.161968     8.830826
   46.321230    38.284910     8.186219
   45.709096    38.897043     8.186219
   45.249876    39.529662     7.732891
   42.052324    41.983198     7.732891
   41.743825    42.374320     7.377463
   40.324990    43.428752     6.873711
   40.277445    43.442796     6.889126
   36.775916    44.893214     6.889126
   36.293402    45.023725     7.016348
   35.454296    45.496373     6.421821
   32.501598    45.780757     6.742584
   30.954445    45.984436     6.742584
   27.987360    46.244841     6.986204
   23.317879    44.844709     9.867378
   13.887661    43.603246     9.867378
   12.063729    43.427587     9.669248
    9.662671    42.801957    10.098461
    7.725629    42.161871    10.681683
   -4.358105    37.007342    13.757424
  -19.054043    30.920121    13.757424
  -19.704337    30.727952    13.545935
  -27.537937    24.906001    16.327359
  -28.063885    24.655735    16.079354
  -38.305189    16.797266    16.079354
  -38.468516    16.712657    15.985564
  -38.920200    16.260973    15.985564
  -39.185332    15.749137    16.279402
  -42.288888    11.704601    16.279402
  -42.246549    11.259151    16.900716
  -42.058285    11.174336    17.310541
  -43.798704     7.511878    16.900716
  -43.511580     6.511158    18.187944
  -43.786920     3.652318    18.498498
  -44.826828    -4.246914    18.498498
  -44.929319    -5.414592    18.594343
  -44.978646    -5.528387    18.474109
  -44.589853    -9.957742    18.110460
  -43.708271   -16.654424    18.110460
  -43.202327   -21.908018    17.539706
  -43.905648   -24.359294    14.386891
  -43.719712   -25.046583    14.205752
  -42.333830   -28.392389    14.205752
  -42.308687   -28.477341    14.178142
  -41.543298   -28.638202    15.216543
  -42.524561   -30.750286    11.007584
  -41.590706   -31.967360    11.007584
  -41.197324   -31.573978    12.132170
  -38.812914   -31.854936    14.637362
  -41.440876   -33.033987     9.468172
  -38.012036   -35.665032     9.468172
  -37.913382   -35.789993     9.354583
  -37.074618   -36.413363     9.056771
  -35.911324   -36.757144     9.435082
  -26.020927   -40.853885     9.435082
  -22.590101   -41.782122    10.339272
  -20.004478   -43.238500     8.507392
  -18.152388   -43.416831     8.708605
   -8.370099   -44.704676     8.708605
   -2.944203   -45.180886     9.154123
   -2.944203   -41.699431    15.667542
   -2.795400   -45.245422     8.996825
   -2.132226   -45.187189     8.942360
    2.402565   -44.590196     8.942360
    2.534926   -44.506614     9.066157
    3.449667   -43.570909    10.591388
    3.432197   -43.324206    11.057253
    4.038644   -39.865907    16.940657
    5.902518   -42.554911    10.591388
    7.090887   -41.436696    11.739609
    7.742688   -40.034441    13.816822
    8.746765   -38.761737    14.973402
   15.073152   -33.907280    14.973402
   17.676519   -30.320799    17.543542
   20.190276   -27.807043    17.543542
   21.556632   -25.169352    19.057674
   35.034948    -7.604024    19.057674
   35.698328    -6.209784    19.715230
   40.181805    -0.177166    17.573275
   41.179443     0.883089    16.548782
   47.114982    15.212844    16.548782
   48.200038    16.464926    14.997107
   48.743594    17.429953    14.313449
   49.687931    18.925176    12.915030
   53.019693    25.523273     4.934134
   52.634052    28.945947     4.934134
   52.599523    29.011579     5.023608
   52.175380    29.024528     6.417094
   51.656967    25.523273     9.426586
   51.197610    25.390844    10.891597
   51.234742    29.332273     9.182966
   51.235770    32.908957     5.023608
   51.069360    32.860041     5.633207
   51.232892    32.926358     4.998670
   48.590749    37.131413     4.998670
   48.491753    37.310017     4.910909
   48.279099    37.564531     4.951056
   48.261697    37.587413     4.936737
   44.627260    41.221850     4.936737
   44.538197    41.326122     4.853978
   43.973815    41.797879     4.764915
   43.732318    41.931679     4.883505
   40.128916    44.195786     4.883505
   39.952572    44.283821     4.954002
   39.453890    44.569643     4.736895
   38.714397    44.802302     4.938587
   35.869259    45.797884     4.938587
   35.303164    45.958334     5.063480
   35.106884    46.030749     4.920295
   32.839077    46.263476     5.122604
   30.879016    46.484351     5.122604
   29.518619    46.609039     5.216805
   27.987360    46.302732     6.795267
   27.426266    46.251350     6.756422
   19.698650    45.380592     6.756422
   19.294512    45.339144     6.720386
   -0.893229    39.718543     8.780403
   -9.304297    36.775436     8.780403
  -14.266314    35.214101     7.427064
  -18.909488    32.552912     9.448578
  -20.861739    31.578636     8.668322
  -33.972775    23.340418     8.668322
  -35.490058    22.499736     7.923279
  -36.716313    21.474763     8.116682
  -36.899302    21.335620     8.002134
  -42.910887    15.324035     8.002134
  -42.417686    14.974087    10.206295
  -43.031259    12.217807    13.663292
  -43.189653    15.136935     7.503726
  -45.009201    12.241237     7.503726
  -45.060583    11.928902     7.951573
  -44.245181    11.689049    10.937772
  -44.427623     7.799071    14.852072
  -46.362267     8.208759     7.951573
  -46.332191     7.175976     9.251613
  -46.408305     6.433810     9.317862
  -47.647645    -4.565073     9.317862
  -47.454927    -5.528387    10.310841
  -47.252070    -7.741180    10.157653
  -45.959841   -19.209971    10.157653
  -45.484453   -23.842731     9.744334
  -45.497538   -24.291812     9.179130
  -45.292557   -25.014863     9.019639
  -43.478010   -30.200496     9.019639
  -43.364010   -30.562844     8.920780
  -42.682682   -30.859627    10.450395
  -43.178280   -31.691472     7.302787
  -42.373018   -32.973013     7.302787
  -42.234149   -32.874565     7.923279
  -41.537680   -33.130791     9.074173
  -42.114874   -33.643175     6.225747
  -40.903417   -34.854631     6.225747
  -40.618897   -35.187794     5.961299
  -40.587519   -35.234586     5.877581
  -40.396994   -35.406408     5.716446
  -36.693430   -37.733475     5.716446
  -36.445836   -37.857067     5.815442
  -33.569801   -39.505478     4.563291
  -29.855892   -40.674047     5.576207
  -23.703862   -42.826757     5.576207
  -19.774765   -43.940587     6.442991
  -17.969809   -44.606638     5.126441
  -11.908554   -45.228638     5.667119
   -8.102295   -45.657508     5.667119
   -2.951122   -46.129745     6.023712
   -2.795400   -46.098573     6.184298
   -1.290105   -45.960595     6.080095
    1.197686   -45.680253     6.080095
    1.753231   -45.623253     6.030563
    2.107289   -45.492605     6.288844
    2.231839   -45.457254     6.261372
    4.598505   -44.629110     6.261372
    4.986887   -44.391655     6.598850
    5.141033   -44.303278     6.665990
    5.298194   -44.224834     6.603166
   10.750399   -40.799009     6.603166
   11.010735   -40.564157     6.823356
   13.340201   -38.617113     7.190842
   13.757973   -38.299365     6.929204
   26.613810   -25.443528     6.929204
   27.001986   -25.112010     6.621116
   32.521946   -18.507953     5.579290
   32.665405   -18.249123     5.706375
   45.550016     2.256708     5.706375
   45.888043     2.933995     5.977057
   47.715059     6.121680     4.589256
   47.806245     6.270689     4.459705
   52.402352    19.405772     4.459705
   52.452433    19.582390     4.498618
   52.448802    19.707488     4.656122
   52.041032    19.695019     5.995691
   53.077584    25.288011     4.656122
   53.227346    25.268006     3.306893
   53.667178    25.268006    -1.158704
   53.435478    27.620011    -1.158704
   53.250639    28.519543    -0.181277
   53.196037    28.541466     0.351112
   53.196037    25.288011     3.604567
   52.711536    28.997740     4.194983
   52.345284    31.504166    -0.181277
   52.263072    31.759091    -0.127154
   52.155718    32.014769     0.203474
   52.118174    32.017098     0.612750
   51.251459    32.940745     4.816640
   50.312945    35.462380     0.203474
   50.063227    35.901048     0.374953
   50.059185    35.907556     0.374953
   49.961353    36.038615     0.476896
   47.271253    39.316597     0.476896
   46.964878    39.663872     0.699141
   46.821624    39.807126     0.699141
   46.460921    40.125285     0.930087
   43.521788    42.537373     0.930087
   42.992277    42.932399     1.341762
   42.959735    42.952815     1.341762
   42.323691    43.314889     1.590452
   39.454644    44.848409     1.590452
   38.871078    45.116487     2.084475
   38.843195    45.126216     2.084475
   38.151110    45.349420     2.231428
   35.181628    46.250185     2.231428
   34.827296    46.327669     2.564728
   33.978119    46.423377     2.564728
   33.397910    46.484351     2.603641
   29.518619    46.866429     2.603641
   29.490804    46.866429     2.575826
   23.245670    46.251350     2.575826
   22.576399    46.180990     2.530884
   22.069975    46.123922     2.530884
   -5.393628    39.080786     0.701470
   -7.250514    38.517568     0.701470
   -7.634100    38.393840     0.782928
  -12.806510    36.583952     0.782928
  -14.255558    35.918312    -0.443874
  -26.934846    29.141063    -0.443874
  -28.470559    28.266948    -1.044293
  -32.918754    25.471959    -1.044293
  -34.372940    24.387177    -2.174839
  -41.689977    18.382237    -2.174839
  -41.666272    18.358533    -1.726169
  -43.500276    15.421935     4.266850
  -42.256894    17.815320    -3.232423
  -42.344792    17.715707    -3.296205
  -45.072230    14.392303    -3.296205
  -44.799150    14.298240     0.347961
  -45.478492    12.605640     2.887545
  -45.391074    13.917737    -4.030834
  -46.450576    11.935547    -4.030834
  -46.086241    11.957950    -0.060288
  -46.769557     8.481085     4.064678
  -46.553477    11.690420    -4.347691
  -47.699507     7.912523    -4.347691
  -47.766783     7.585252    -3.992126
  -47.686764     7.617452    -3.212007
  -47.686764    -4.540067     8.945443
  -48.729892    -2.193679    -3.992126
  -48.729892    -4.540067    -1.645739
  -47.506652   -16.960182    -1.645739
  -47.252070   -19.381930    -1.483097
  -47.148141   -20.304413    -1.483097
  -46.478185   -23.368370     1.398830
  -44.586154   -29.605695     1.398830
  -44.514082   -29.829174     1.446307
  -44.198869   -30.579971     2.417089
  -44.037803   -30.930603     2.713942
  -43.262479   -31.756830     6.474505
  -42.957679   -32.951433     2.713942
  -42.735708   -33.281786     3.225366
  -42.660759   -33.255958     4.225128
  -42.162625   -33.686952     5.728230
  -41.701281   -34.542227     3.225366
  -41.608656   -34.634921     3.398216
  -41.585225   -34.611490     3.841474
  -39.734985   -36.172551     3.398216
  -39.732793   -36.174196     3.399929
  -38.304435   -37.071672     3.399929
  -38.213797   -37.123260     3.435348
  -33.525407   -39.629275     3.435348
  -33.353859   -39.708061     3.580589
  -26.377794   -42.149128     3.580589
  -25.169763   -42.538674     3.837089
  -18.646822   -44.517370     3.837089
  -17.900135   -44.680629     4.539381
   -9.760571   -45.597699     4.539381
   -9.191941   -45.657508     4.577541
   -3.410000   -46.226960     4.577541
   -2.951122   -46.226960     5.036419
   -0.258898   -45.961828     5.036419
   -0.247183   -45.960595     5.037173
    1.635326   -45.748489     5.037173
    2.020350   -45.664290     4.675031
    3.568942   -45.194520     4.675031
    4.219647   -44.984675     4.536915
    4.432027   -44.895544     4.262260
    5.819484   -44.258198     3.087593
    7.641225   -43.284402     3.087593
    9.530584   -42.209006     2.348991
    9.968018   -41.915099     1.671773
   13.421179   -39.339205    -1.012915
   17.649732   -35.868917    -1.012915
   22.183701   -31.868980    -3.915395
   23.777579   -30.275103    -3.915395
   27.484225   -26.073543    -6.605153
   36.560385   -15.014303    -6.605153
   38.591148   -12.291866    -8.721691
   41.613451    -7.481871    -8.721691
   41.707858    -7.316078    -8.656880
   49.087718     6.490674    -8.656880
   50.021368     8.523150    -6.936055
   50.103511     8.718882    -6.682980
   50.612126    10.296042    -6.348173
   52.695026    17.162491    -6.348173
   53.075665    18.903185    -4.710861
   53.377587    20.372443    -3.114381
   53.227346    20.312017    -1.649096
   53.667178    23.312329    -3.114381
   53.414309    23.312329    -5.681711
   53.412185    23.335486    -5.680067
   53.412185    27.629397    -1.386156
   53.114236    25.979958    -5.680067
   53.039835    26.704380    -5.615463
   53.076076    27.945912    -4.052689
   52.973312    28.308465    -3.972738
   51.966562    31.185391    -3.972738
   51.545434    32.523795    -3.607650
   51.536664    32.539142    -3.614364
   51.278999    33.055499    -3.408013
   49.265158    36.260449    -3.408013
   48.909798    36.901905    -3.093006
   48.544711    37.338723    -3.161926
   48.330892    37.619818    -2.985925
   45.570912    40.379798    -2.985925
   45.189587    40.826344    -2.631456
   44.772774    41.174716    -2.565687
   44.444545    41.470746    -2.288086
   41.302144    43.445263    -2.288086
   40.845458    43.801444    -1.830578
   40.366370    44.076031    -1.622035
   40.111857    44.231685    -1.400817
   36.245514    45.584614    -1.400817
   36.070061    45.671210    -1.205564
   35.544044    45.865366    -0.821910
   34.309020    45.992109    -0.932074
   30.481386    46.423377    -0.932074
   29.490804    46.514153    -1.000652
   28.045593    46.225111    -2.490395
   27.564381    46.180990    -2.457099
   17.855261    45.087028    -2.457099
   17.634317    45.064351    -2.437368
    9.178307    42.938291    -5.549488
    7.714599    42.398161    -6.617142
    4.812324    41.439094    -7.490983
   -1.523175    39.643045    -6.093386
  -11.844087    36.031627    -6.093386
  -15.290260    34.947325    -5.153502
  -23.222445    30.401024    -8.607005
  -23.505595    30.259757    -8.493827
  -36.184815    22.292837    -8.493827
  -36.682400    21.844030    -8.914751
  -39.272271    19.679262    -9.323274
  -40.336774    18.432729   -10.312759
  -44.177699    14.591735   -10.312759
  -44.252786    14.660587    -9.530858
  -45.191094    13.848816    -6.699902
  -44.469756    13.833676   -11.531203
  -45.650931    11.953839   -11.531203
  -45.880233    12.131896    -9.276071
  -46.278548    11.707341    -7.343961
  -45.860023    10.682985   -13.353217
  -46.625207     8.496225   -13.353217
  -46.876569     8.664279   -10.954352
  -47.656551     7.929787    -4.766148
  -46.582731     7.038545   -15.188112
  -46.645212     6.429357   -15.242440
  -47.523643    -1.366699   -15.242440
  -47.656551    -1.907446   -14.603382
  -47.713825    -2.193679   -14.308311
  -47.506652    -4.454087   -14.151835
  -46.467429   -13.677405   -14.151835
  -46.161191   -16.661412   -13.885675
  -46.290948   -21.111594    -8.283845
  -46.175098   -21.520322    -8.193687
  -44.382064   -26.644434    -8.193687
  -44.342123   -26.771382    -8.159089
  -43.734990   -30.460970    -2.869527
  -43.842687   -30.544620    -1.809957
  -42.886498   -32.926906     1.764535
  -42.948499   -31.712641    -2.869527
  -42.341435   -33.288569    -0.336519
  -42.403094   -33.345158     0.305964
  -41.673123   -34.514070     2.691402
  -41.002756   -34.627248    -0.336519
  -40.649932   -35.152991     0.603433
  -40.499964   -35.288297     0.730313
  -36.734605   -37.654210     0.730313
  -36.609026   -37.752179     0.856097
  -33.825890   -39.347289     2.067758
  -32.267295   -39.837750     1.642656
  -24.744318   -42.470096     1.642656
  -22.353057   -43.147999     1.115200
  -18.649220   -44.514835     3.816879
  -13.750231   -45.017559     3.379855
   -8.601045   -45.597699     3.379855
   -3.955337   -46.023624     3.058203
   -3.410000   -46.132691     3.620324
   -1.545920   -45.961828     3.749397
    2.130171   -45.547619     3.749397
    2.172715   -45.531245     3.711305
    3.284284   -45.121077     2.900562
    4.332688   -44.603418     1.733842
    6.116885   -43.979090     1.733842
    8.581725   -42.471466    -0.408249
    8.943662   -42.142346    -1.080671
   12.678397   -39.229726    -4.821641
   14.513291   -38.076846    -4.821641
   19.622057   -33.468749    -9.143093
   19.901234   -33.052759    -9.886834
   25.096800   -26.968621   -14.716080
   29.966398   -22.099092   -14.716080
   34.032995   -16.751708   -18.064353
   35.592138   -14.886327   -17.770104
   36.756254   -12.785272   -18.801791
   43.991079    -1.271197   -18.801791
   44.228397    -0.966877   -18.496991
   46.386108     2.797797   -16.857898
   47.815699     5.135141   -14.826586
   49.808645    10.830829   -14.826586
   49.858109    10.948665   -14.763146
   50.921105    13.101307   -12.367638
   51.529676    14.750609   -11.164608
   52.319867    16.809256    -9.324370
   52.680981    20.013795    -9.324370
   53.075665    21.619250    -7.426926
   52.623227    20.013795    -9.514690
   52.477165    21.677689    -9.378082
   52.207990    23.722154    -9.378082
   52.053707    25.324321    -9.203999
   52.500321    26.880929    -7.201941
   52.098855    28.364917    -6.810819
   50.983243    31.058168    -6.810819
   50.399198    33.034604    -6.168130
   50.109882    33.423875    -6.306314
   49.709101    34.266339    -5.909027
   47.433826    37.231505    -5.909027
   47.103610    37.868919    -5.543116
   46.304993    38.667605    -5.543116
   46.093915    38.958291    -5.334779
   42.951377    41.369694    -5.334779
   42.749958    41.624961    -5.102736
   41.795756    42.334173    -4.763956
   41.779382    42.349588    -4.748130
   37.259594    44.221751    -4.748130
   37.197182    44.238604    -4.764573
   36.570318    44.591703    -4.320493
   34.264626    44.813743    -4.571033
   30.075534    45.365246    -4.571033
   28.045593    45.543371    -4.737648
   25.710990    44.531826    -7.205229
   23.132971    44.305538    -6.993534
   11.179200    42.731803    -6.993534
   -0.884254    38.230444   -11.526887
   -3.485223    37.119218   -12.194582
   -6.595425    36.277782   -11.374864
  -22.108272    29.852124   -11.374864
  -23.661386    29.393178   -10.869811
  -32.594634    22.753976   -14.041671
  -32.684108    22.640455   -14.144847
  -41.190062    16.113677   -14.144847
  -41.863032    15.186467   -14.809253
  -42.560186    14.489382   -14.809253
  -44.426184    13.802778   -11.725908
  -43.247544    13.162487   -15.570875
  -45.031056    10.838228   -15.570875
  -45.078738    10.871181   -15.402684
  -45.651616    10.621669   -14.116484
  -44.869373     9.136311   -17.944872
  -45.661071     7.225029   -17.944872
  -45.807750     7.292031   -17.466880
  -44.910821     4.610289   -21.307942
  -44.892803     4.426135   -21.437837
  -45.055171     2.740318   -21.620963
  -45.546454    -0.991335   -21.620963
  -45.579407    -1.366699   -21.651792
  -45.064283    -2.555547   -22.908328
  -44.973576    -3.588878   -22.823445
  -44.008206   -10.921947   -22.823445
  -43.777192   -13.320744   -22.562834
  -44.858000   -17.087816   -17.717625
  -44.824362   -17.212161   -17.684878
  -43.034684   -21.532860   -17.684878
  -42.979123   -21.720919   -17.623698
  -43.471296   -26.902715   -10.395587
  -43.691349   -27.054875    -9.620195
  -42.694602   -31.532461    -4.004252
  -42.351095   -28.362587   -10.395587
  -41.890162   -31.643035    -5.661227
  -42.025674   -31.778616    -5.109587
  -40.986177   -34.603817    -0.441134
  -38.882451   -33.950920    -5.661227
  -38.507566   -34.426103    -5.229411
  -38.129393   -35.239792    -4.024120
  -37.547951   -35.786842    -3.462410
  -27.193881   -40.075615    -3.462410
  -26.927653   -40.147619    -3.532563
  -22.535224   -42.621777    -0.420581
  -22.522619   -42.629724    -0.408797
   -9.342594   -44.364936    -0.408797
   -3.955337   -44.837721    -0.851095
   -3.949102   -44.835050    -0.857672
   -3.057723   -44.756812    -0.784504
    4.612892   -43.746979    -0.784504
    7.009977   -42.233053    -3.026414
    7.541132   -41.689771    -3.912038
   10.741835   -38.916089    -7.878405
   13.271417   -37.868302    -7.878405
   17.920756   -33.493618   -12.370720
   18.301190   -32.675133   -13.583136
   22.852493   -26.905867   -18.825632
   26.011884   -24.481584   -18.825632
   29.944818   -19.063497   -22.708348
   31.222592   -17.785792   -22.708348
   32.425964   -15.462698   -24.041889
   37.686272    -8.607348   -24.041889
   38.061226    -7.819213   -24.413554
   41.223426    -3.564420   -22.902847
   42.957679    -1.721305   -21.121939
   44.610475     2.269040   -21.121939
   46.183525     4.809584   -19.695499
   46.497436     5.171726   -19.246692
   48.664808     9.019639   -16.520556
   50.243270    13.874165   -14.763146
   51.119166    16.592491   -13.171187
   51.227412    16.792334   -12.919551
   50.942412    18.755410   -12.969152
   50.592122    20.967107   -12.969152
   50.384058    23.399816   -12.659009
   51.466305    25.427291   -10.203349
   50.840880    27.929538    -9.449332
   49.176027    31.197037    -9.449332
   48.488875    33.764642    -8.505543
   48.152013    34.140075    -8.584466
   47.670870    35.220199    -8.022138
   44.434885    38.456184    -8.022138
   44.218531    38.913486    -7.735151
   43.293171    39.743823    -7.540584
   43.247407    39.756086    -7.557369
   38.483382    42.183452    -7.557369
   37.609610    42.401861    -7.820720
   37.505475    42.480510    -7.755567
   34.186251    42.764414    -8.178683
   29.274793    43.542272    -8.178683
   25.710990    43.833507    -8.511640
   22.023526    41.350443   -12.248910
   17.917331    41.014883   -11.865393
    1.770838    38.457485   -11.865393
  -12.509041    30.305316   -17.837723
  -15.521274    29.552395   -16.929970
  -33.101195    20.594962   -16.929970
  -33.114897    20.591331   -16.924900
  -38.726386    15.556146   -18.104705
  -39.296455    14.351061   -18.860983
  -43.616605    10.030910   -18.860983
  -43.936271     9.313271   -19.234635
  -44.840393     9.123226   -18.007969
  -43.592147     8.100239   -20.696631
  -43.832411     7.202420   -21.026642
  -44.677477     5.543870   -21.026642
  -43.670796     2.136816   -24.210628
  -43.493356     1.322579   -24.746853
  -43.594203     0.143391   -24.897163
  -43.900578    -1.790911   -24.897163
  -43.963059    -2.555547   -24.968550
  -42.640548    -4.519514   -26.959030
  -42.576492    -5.303333   -26.885793
  -41.819460   -10.082977   -26.885793
  -41.692375   -11.568746   -26.696432
  -42.725980   -13.505035   -24.351141
  -42.678091   -13.696725   -24.293388
  -40.984670   -17.020265   -24.293388
  -40.965213   -17.092954   -24.266669
  -42.261142   -21.661110   -18.760959
  -42.472151   -21.827451   -18.311467
  -41.770476   -27.781968   -12.055508
  -39.776502   -24.145749   -18.760959
  -39.617628   -27.313088   -15.177904
  -40.138712   -27.974275   -13.769825
  -30.253317   -32.084443   -15.177904
  -28.886960   -33.988326   -13.342804
  -28.359093   -34.386916   -13.012724
  -27.856781   -34.849219   -12.546379
   -5.764197   -38.348350   -12.546379
   -4.011652   -38.491535   -12.710117
   -3.949102   -38.761942   -12.219657
   -3.052379   -37.642769   -13.929452
   11.365547   -35.359205   -13.929452
   14.419296   -32.548870   -16.764519
   14.482257   -32.501393   -16.803843
   18.179175   -27.349809   -21.769218
   23.308561   -24.736234   -21.769218
   26.138353   -20.710607   -24.768776
   27.675984   -19.330891   -25.092073
   28.600384   -17.376790   -26.318396
   32.681299   -13.295806   -26.318396
   33.173747   -12.190403   -26.893946
   36.079036    -8.952568   -26.213234
   37.533633    -7.930061   -25.129411
   39.234522    -4.591860   -25.129411
   41.169509    -2.378792   -23.902677
   41.549052    -1.733911   -23.696532
   44.394053     2.033846   -21.340347
   46.511138     6.877822   -19.695499
   48.266767    10.581865   -17.650075
   48.597668    11.430425   -17.239976
   48.390153    14.204998   -16.957305
   47.650385    17.924182   -16.957305
   47.452393    20.720335   -16.554605
   49.438145    23.493812   -13.701589
   48.757502    26.488643   -12.720325
   45.304478    31.656395   -12.720325
   44.765170    33.883781   -11.849499
   44.909725    34.351770   -11.429946
   44.667064    34.900121   -11.142890
   38.086369    39.297277   -11.142890
   37.914135    39.336396   -11.199274
   36.950753    38.646641   -12.190266
   34.407880    38.826684   -12.556519
   26.763435    40.347256   -12.556519
   22.023526    40.701725   -13.039443
   15.806754    35.134836   -18.622843
   12.690181    34.901834   -18.305370
  -11.256068    30.138563   -18.305370
  -12.534596    30.048062   -18.121216
  -23.288351    20.157734   -23.241901
  -24.664642    19.844987   -22.790971
  -39.588854     9.872927   -22.790971
  -39.860974     9.257984   -23.112898
  -40.838881     8.280077   -23.112898
  -41.333384     6.237667   -23.911378
  -43.463281     3.050050   -23.911378
  -42.055818    -1.637860   -27.025210
  -42.419262    -3.464807   -27.025210
  -41.994434    -0.770939   -26.900317
  -42.498117    -4.519514   -27.132633
  -40.890675    -6.314604   -28.744871
  -40.834976    -7.059509   -28.669031
  -40.156456   -10.470468   -28.669031
  -40.120009   -10.984839   -28.594904
  -40.614786   -11.675827   -27.884116
  -40.539151   -12.008647   -27.775049
  -38.493316   -15.070412   -27.775049
  -38.873271   -16.300845   -26.671975
  -39.745056   -17.172631   -25.337475
  -39.334889   -23.454761   -19.824297
  -31.182650   -22.729997   -25.487785
  -31.260203   -21.387756   -26.671975
  -30.898609   -22.194868   -26.153082
  -25.189768   -22.599075   -26.975335
   -4.684827   -26.677798   -26.975335
   -3.066081   -26.798854   -27.140238
   -3.052379   -26.859485   -27.068920
   -2.994900   -26.708148   -27.226286
   15.678435   -22.993760   -27.226286
   18.632709   -22.784600   -26.800773
   21.350555   -20.284956   -28.094920
   21.460445   -20.039760   -28.252561
   28.429658   -15.383090   -28.252561
   28.735417   -15.309031   -28.133012
   31.234718   -12.809730   -28.133012
   32.540991   -12.231714   -27.449285
   34.707815    -8.988878   -27.449285
   35.584670    -8.273911   -27.082964
   36.002099    -8.086880   -26.814612
   39.167588    -4.645092   -25.175655
   42.065067     0.860481   -23.696532
   43.844468     3.721445   -22.335656
   44.038967     4.117019   -22.175069
   43.815900     7.305116   -21.837659
   41.684496    15.259430   -21.837659
   41.599886    16.787127   -21.600410
   44.625479    20.838377   -18.596810
   44.451464    21.607193   -18.344352
   37.176492    33.239653   -16.096481
   35.426961    30.631764   -18.344352
   34.076156    29.622891   -19.345826
   19.635211    33.492385   -19.345826
   15.806754    33.760189   -19.750992
    6.820822    24.136912   -26.181719
    5.601144    24.051549   -26.052647
  -23.269374    16.315712   -26.052647
  -23.449143    16.305778   -26.024764
  -31.010965     8.575217   -28.014901
  -31.230813     8.525410   -27.942692
  -40.582518    -0.826295   -27.942692
  -40.742899    -0.718666   -27.804508
  -39.893174    -1.749326   -28.627103
  -39.903998    -1.944647   -28.657384
  -40.773386    -5.189333   -28.657384
  -40.852104    -6.314604   -28.776523
  -39.209653    -7.848329   -29.874116
  -39.055712    -7.937392   -29.969139
  -38.217839   -11.064241   -29.969139
  -38.135422   -11.112952   -30.006203
  -38.469269   -15.046365   -27.804850
  -33.287130   -14.606533   -30.705070
  -37.739915   -11.093152   -30.220432
  -36.492697   -11.400898   -30.705070
  -31.526706   -15.004917   -31.283154
  -31.507455   -14.990530   -31.297404
  -21.512855   -15.544088   -32.849559
  -12.408127   -17.983717   -32.849559
   -4.059471   -18.567830   -33.733059
   -2.994900   -19.707899   -32.971232
    5.024704   -19.146805   -32.122534
   12.084282   -17.255185   -32.122534
   21.598697   -16.728209   -30.644987
   22.334423   -15.976041   -30.838595
   25.902200   -15.168518   -29.667080
   28.510089   -12.560629   -29.667080
   31.158124   -11.907116   -28.638133
   33.278909    -9.832643   -28.092180
   36.880873    -3.436581   -27.082964
   38.411447    -2.551094   -26.138010
   35.107980    -3.436581   -28.030590
   35.099142    -3.320800   -28.018737
   28.823246    11.830590   -28.018737
   33.503415    16.510759   -25.154143
   33.939068    29.272807   -19.552588
   27.627479    11.347529   -28.442127
    7.217013    19.801826   -28.442127
    6.820822    19.831902   -28.482822
   -1.648685     9.980898   -32.535305
   -4.734086     9.746321   -32.218722
  -27.058026     0.499435   -32.218722
  -30.728363     0.296304   -31.648653
  -32.187687    -1.163020   -31.648653
  -34.120687    -1.946359   -31.160727
  -36.738304    -8.265896   -31.160727
  -37.779993    -7.937392   -30.651015
  -34.043751   -11.317316   -31.779918
  -35.002406    -9.003060   -31.779918
  -31.418324   -12.381271   -32.442680
  -20.872563   -12.500546   -34.281616
  -17.208119   -14.018378   -34.281616
  -30.407190   -11.972816   -32.800712
   -5.410345   -14.915169   -35.491976
   -4.059471   -16.486438   -34.845588
    7.447342   -15.611775   -33.665098
   10.728133   -14.252749   -33.665098
   20.795216   -13.695629   -32.101502
   22.277011   -14.294198   -31.576786
   26.706640   -12.499039   -30.458640
   28.782072    -7.488448   -30.458640
   31.968593    -6.135656   -29.322065
   21.490384    -7.488448   -32.670543
   26.405335    10.125385   -28.966431
   19.349320    -8.513901   -33.191217
   11.009159    -8.513901   -34.562437
   -0.204844     2.700103   -34.562437
   -1.648685     2.891519   -34.685823
   -6.181078    -2.067621   -35.620638
  -14.097232    -3.117121   -34.944310
  -20.161228    -9.181116   -34.944310
  -29.628166    -9.181116   -33.387839
  -29.999968    -9.003060   -33.297407
  -19.342743    -9.386371   -35.045156
  -17.241757   -11.487357   -35.045156
   -6.427850   -12.921059   -35.969009
   -5.410345   -14.034272   -35.759164
    4.999355   -12.654213   -34.869840
    8.513969    -9.139599   -34.869840
   -6.181078    -9.139599   -36.317175
   -6.427850    -9.386371   -36.317175
     1      2      3
     1      3      4
     1      4      5
     1      5      6
     7      8      9
     7      9     10
     7     10      2
     7      2      1
     9     11     12
     9     12     13
     9     13     10
    10     13     14
    10     14      3
    10      3      2
    15     16     17
    15     17     18
    15     18     19
    15     19     20
     6      5     21
     6     21     22
     6     22     15
     6     15     20
     6     20     23
    23     20     19
    23     19     24
    23     24     25
    23     25     26
    23     26     27
    28      7      1
    28      1      6
    28      6     23
    28     23     27
    28     27     29
    28     30     31
    28     31     32
    28     32      8
    28      8      7
    33     34     35
    33     35     36
    33     36     37
    33     37     31
    33     31     30
    31     37     38
    31     38     39
    31     39     40
    31     40     32
    32     40     41
    32     41     11
    32     11      9
    32      9      8
    41     42     43
    41     43     44
    41     44     12
    41     12     11
    12     44     45
    12     45     46
    12     46     14
    12     14     13
     3     14     46
     3     46     47
     3     47     48
     3     48      4
     4     48     49
     4     49     50
     4     50     21
     4     21      5
    51     52     53
    51     53     54
    51     54     55
    51     55     56
    19     18     51
    19     51     56
    19     56     57
    19     57     24
    56     55     58
    56     58     59
    56     59     60
    56     60     61
    56     61     57
    24     57     61
    24     61     62
    24     62     63
    24     63     25
    25     63     64
    25     64     65
    25     65     66
    25     66     26
    27     26     66
    27     66     67
    27     67     68
    27     68     29
    29     68     69
    29     69     70
    29     70     71
    29     71     72
    29     72     73
    29     73     33
    29     33     30
    29     30     28
    72     74     75
    72     75     76
    72     76     73
    73     76     77
    73     77     34
    73     34     33
    77     78     79
    77     79     80
    77     80     35
    77     35     34
    35     80     81
    35     81     82
    35     82     83
    35     83     84
    35     84     36
    36     84     85
    36     85     38
    36     38     37
    38     85     86
    38     86     87
    38     87     88
    38     88     39
    39     88     89
    39     89     42
    39     42     41
    39     41     40
    89     90     91
    89     91     92
    89     92     43
    89     43     42
    43     92     93
    43     93     94
    43     94     45
    43     45     44
    46     45     94
    46     94     95
    46     95     96
    46     96     47
    47     96     97
    47     97     49
    47     49     48
    21     50     98
    21     98     99
    21     99     22
    22     99    100
    22    100    101
    22    101    102
    22    102     16
    22     16     15
   103    104    105
   103    105    106
   103    106    107
    54    107    106
    54    106     58
    54     58     55
    59    108    109
    59    109    110
    59    110     60
    61     60    110
    61    110    111
    61    111    112
    61    112    113
    61    113     62
   112    114    115
   112    115    113
    62    113    115
    62    115    116
    62    116    117
    62    117    118
    62    118     64
    62     64     63
    64    118    119
    64    119    120
    64    120    121
    64    121    122
    64    122     65
    66     65    122
    66    122    123
    66    123    124
    66    124    125
    66    125     67
    68     67    125
    68    125    126
    68    126    127
    68    127     69
    70    128    129
    70    129    130
    70    130     71
    71    130    131
    71    131    132
    71    132     74
    71     74     72
   132    133    134
   132    134    135
   132    135     75
   132     75     74
    75    135    136
    75    136     78
    75     78     77
    75     77     76
   136    137    138
   136    138    139
   136    139     79
   136     79     78
    79    139    140
    79    140    141
    79    141     81
    79     81     80
    81    141    142
    81    142     82
    82    142    143
    82    143    144
    82    144    145
    82    145     83
    83    145    146
    83    146     86
    83     86     85
    83     85     84
    86    146    147
    86    147    148
    86    148    149
    86    149     87
    87    149    150
    87    150     90
    87     90     89
    87     89     88
   150    151    152
   150    152    153
   150    153     91
   150     91     90
    91    153    154
    91    154    155
    91    155     93
    91     93     92
    94     93    155
    94    155    156
    94    156     95
    95    156    157
    95    157    158
    95    158     97
    95     97     96
    49     97    158
    49    158    159
    49    159     98
    49     98     50
    98    159    160
    98    160    100
    98    100     99
   102    161     17
   102     17     16
    17    161    162
    17    162    163
    17    163     52
    17     52     51
    17     51     18
   105    104    164
   105    164    165
   105    165    166
    58    106    105
    58    105    166
    58    166    167
    58    167    108
    58    108     59
   167    168    169
   167    169    170
   167    170    109
   167    109    108
   110    109    170
   110    170    171
   110    171    111
   111    171    172
   111    172    173
   111    173    174
   111    174    114
   111    114    112
   115    114    174
   115    174    175
   115    175    176
   115    176    116
   116    176    177
   116    177    178
   116    178    117
   117    178    179
   117    179    180
   117    180    181
   117    181    119
   117    119    118
   119    181    182
   119    182    183
   119    183    184
   119    184    120
   122    121    185
   122    185    186
   122    186    123
   123    186    187
   123    187    188
   123    188    124
    69    127    189
    69    189    190
    69    190    128
    69    128     70
   190    191    192
   190    192    129
   190    129    128
   129    192    193
   129    193    194
   129    194    131
   129    131    130
   131    194    195
   131    195    196
   131    196    133
   131    133    132
   196    197    198
   196    198    199
   196    199    134
   196    134    133
   134    199    200
   134    200    137
   134    137    136
   134    136    135
   200    201    202
   200    202    203
   200    203    138
   200    138    137
   138    203    204
   138    204    205
   138    205    140
   138    140    139
   140    205    206
   140    206    207
   140    207    143
   140    143    142
   140    142    141
   206    208    209
   206    209    210
   206    210    211
   206    211    207
   143    207    211
   143    211    212
   143    212    144
   211    210    213
   211    213    214
   211    214    215
   211    215    216
   211    216    212
   144    212    216
   144    216    147
   144    147    146
   144    146    145
   147    216    215
   147    215    217
   147    217    218
   147    218    148
   148    218    219
   148    219    220
   148    220    151
   148    151    150
   148    150    149
   220    221    222
   220    222    223
   220    223    152
   220    152    151
   222    224    225
   222    225    226
   222    226    223
   152    223    226
   152    226    227
   152    227    228
   152    228    154
   152    154    153
   228    227    229
   228    229    230
   228    230    231
   155    154    228
   155    228    231
   155    231    232
   155    232    157
   155    157    156
   158    157    232
   158    232    233
   158    233    234
   158    234    160
   158    160    159
   100    160    234
   100    234    235
   100    235    101
   101    235    236
   101    236    162
   101    162    161
   101    161    102
   163    237    238
   163    238     53
   163     53     52
    53    238    239
    53    239    103
    53    103    107
    53    107     54
   240    241    242
   240    242    243
   240    243    244
   166    165    240
   166    240    244
   166    244    168
   166    168    167
   244    243    245
   244    245    246
   244    246    169
   244    169    168
   170    169    246
   170    246    247
   170    247    172
   170    172    171
   172    247    248
   172    248    249
   172    249    250
   172    250    173
   173    250    251
   173    251    252
   173    252    175
   173    175    174
   175    252    253
   175    253    254
   175    254    177
   175    177    176
   177    254    255
   177    255    256
   177    256    257
   177    257    179
   177    179    178
   179    257    258
   179    258    259
   179    259    180
   180    259    260
   180    260    261
   180    261    182
   180    182    181
   182    261    262
   182    262    263
   182    263    183
   120    184    264
   120    264    265
   120    265    185
   120    185    121
   185    265    266
   185    266    267
   185    267    268
   185    268    187
   185    187    186
   125    124    188
   125    188    269
   125    269    270
   125    270    126
   126    270    271
   126    271    272
   126    272    189
   126    189    127
   189    272    273
   189    273    274
   189    274    191
   189    191    190
   274    275    276
   274    276    277
   274    277    193
   274    193    192
   274    192    191
   193    277    278
   193    278    279
   193    279    280
   193    280    195
   193    195    194
   195    280    197
   195    197    196
   279    281    282
   279    282    198
   279    198    197
   279    197    280
   198    282    283
   198    283    201
   198    201    200
   198    200    199
   283    284    285
   283    285    202
   283    202    201
   202    285    286
   202    286    287
   202    287    288
   202    288    204
   202    204    203
   204    288    289
   204    289    208
   204    208    206
   204    206    205
   289    290    291
   289    291    292
   289    292    209
   289    209    208
   209    292    293
   209    293    294
   209    294    213
   209    213    210
   293    295    296
   293    296    297
   293    297    294
   213    294    297
   213    297    298
   213    298    214
   298    297    296
   298    296    299
   298    299    300
   215    214    298
   215    298    300
   215    300    301
   215    301    302
   215    302    303
   215    303    217
   217    303    304
   217    304    305
   217    305    219
   217    219    218
   219    305    306
   219    306    307
   219    307    221
   219    221    220
   307    308    309
   307    309    310
   307    310    224
   307    224    222
   307    222    221
   309    311    312
   309    312    313
   309    313    314
   309    314    315
   309    315    316
   309    316    310
   310    316    317
   310    317    225
   310    225    224
   317    316    315
   317    315    318
   317    318    319
   317    319    320
   226    225    317
   226    317    320
   226    320    321
   226    321    229
   226    229    227
   230    229    321
   230    321    322
   230    322    323
   232    231    230
   232    230    323
   232    323    324
   232    324    325
   232    325    233
   234    233    325
   234    325    326
   234    326    327
   234    327    236
   234    236    235
   236    327    328
   236    328    237
   236    237    163
   236    163    162
   328    329    330
   328    330    239
   328    239    238
   328    238    237
   239    330    331
   239    331    332
   239    332    164
   239    164    104
   239    104    103
   332    333    241
   332    241    240
   332    240    165
   332    165    164
   334    335    336
   334    336    337
   334    337    338
   242    339    338
   242    338    337
   242    337    340
   242    340    245
   242    245    243
   340    337    336
   340    336    341
   340    341    342
   246    245    340
   246    340    342
   246    342    248
   246    248    247
   248    342    341
   248    341    343
   248    343    344
   248    344    249
   249    344    345
   249    345    346
   249    346    251
   249    251    250
   251    346    347
   251    347    348
   251    348    253
   251    253    252
   253    348    349
   253    349    350
   253    350    351
   253    351    255
   253    255    254
   255    351    352
   255    352    353
   255    353    256
   256    353    354
   256    354    355
   256    355    258
   256    258    257
   258    355    356
   258    356    357
   258    357    260
   258    260    259
   260    357    358
   260    358    359
   260    359    262
   260    262    261
   262    359    360
   262    360    361
   262    361    362
   262    362    263
   183    263    362
   183    362    363
   183    363    364
   183    364    264
   183    264    184
   264    364    365
   264    365    266
   264    266    265
   188    187    268
   188    268    366
   188    366    367
   188    367    269
   269    367    368
   269    368    369
   269    369    271
   269    271    270
   271    369    370
   271    370    371
   271    371    273
   271    273    272
   273    371    372
   273    372    373
   273    373    275
   273    275    274
   373    374    375
   373    375    376
   373    376    276
   373    276    275
   276    376    377
   276    377    278
   276    278    277
   375    378    379
   375    379    380
   375    380    381
   375    381    377
   375    377    376
   278    377    381
   278    381    382
   278    382    281
   278    281    279
   381    380    383
   381    383    384
   381    384    382
   382    384    385
   382    385    284
   382    284    283
   382    283    282
   382    282    281
   385    386    387
   385    387    286
   385    286    285
   385    285    284
   286    387    388
   286    388    389
   286    389    287
   287    389    390
   287    390    290
   287    290    289
   287    289    288
   390    391    392
   390    392    393
   390    393    291
   390    291    290
   291    393    394
   291    394    395
   291    395    295
   291    295    293
   291    293    292
   394    396    397
   394    397    398
   394    398    395
   296    295    395
   296    395    398
   296    398    399
   296    399    299
   399    398    397
   399    397    400
   399    400    401
   300    299    399
   300    399    401
   300    401    402
   300    402    301
   301    402    403
   301    403    404
   301    404    405
   301    405    406
   301    406    302
   302    406    407
   302    407    408
   302    408    304
   302    304    303
   304    408    409
   304    409    410
   304    410    306
   304    306    305
   306    410    411
   306    411    412
   306    412    308
   306    308    307
   412    413    414
   412    414    415
   412    415    311
   412    311    309
   412    309    308
   415    416    417
   415    417    312
   415    312    311
   312    417    418
   312    418    419
   312    419    313
   313    419    420
   313    420    421
   313    421    422
   313    422    314
   314    422    423
   314    423    318
   314    318    315
   319    318    423
   319    423    424
   319    424    425
   319    425    426
   321    320    319
   321    319    426
   321    426    427
   321    427    322
   323    322    427
   323    427    428
   323    428    429
   323    429    324
   325    324    429
   325    429    430
   325    430    431
   325    431    432
   325    432    326
   326    432    433
   326    433    434
   326    434    329
   326    329    328
   326    328    327
   434    435    331
   434    331    330
   434    330    329
   331    435    436
   331    436    437
   331    437    438
   331    438    439
   331    439    440
   331    440    333
   331    333    332
   440    339    242
   440    242    241
   440    241    333
   439    441    334
   439    334    338
   439    338    339
   439    339    440
   442    443    444
   442    444    445
   442    445    446
   442    446    447
   447    446    448
   447    448    335
   447    335    334
   447    334    441
   448    446    445
   448    445    449
   448    449    450
   448    450    451
   448    451    452
   341    336    335
   341    335    448
   341    448    452
   341    452    453
   341    453    343
   452    451    454
   452    454    455
   452    455    453
   343    453    455
   343    455    456
   343    456    457
   343    457    345
   343    345    344
   345    457    458
   345    458    459
   345    459    347
   345    347    346
   347    459    460
   347    460    461
   347    461    349
   347    349    348
   349    461    462
   349    462    463
   349    463    350
   350    463    464
   350    464    465
   350    465    352
   350    352    351
   352    465    466
   352    466    467
   352    467    354
   352    354    353
   354    467    468
   354    468    469
   354    469    356
   354    356    355
   356    469    470
   356    470    471
   356    471    358
   356    358    357
   358    471    472
   358    472    473
   358    473    360
   358    360    359
   360    473    474
   360    474    361
   362    361    474
   362    474    475
   362    475    476
   362    476    363
   363    476    477
   363    477    478
   363    478    365
   363    365    364
   268    267    479
   268    479    480
   268    480    481
   268    481    366
   366    481    482
   366    482    368
   366    368    367
   368    482    483
   368    483    484
   368    484    370
   368    370    369
   370    484    485
   370    485    486
   370    486    372
   370    372    371
   372    486    487
   372    487    488
   372    488    489
   372    489    374
   372    374    373
   489    490    378
   489    378    375
   489    375    374
   488    491    492
   488    492    493
   488    493    494
   488    494    490
   488    490    489
   494    495    379
   494    379    378
   494    378    490
   493    496    497
   493    497    498
   493    498    495
   493    495    494
   379    495    498
   379    498    499
   379    499    383
   379    383    380
   497    500    501
   497    501    502
   497    502    503
   497    503    499
   497    499    498
   383    499    503
   383    503    504
   383    504    386
   383    386    385
   383    385    384
   503    502    505
   503    505    506
   503    506    504
   504    506    507
   504    507    508
   504    508    388
   504    388    387
   504    387    386
   388    508    509
   388    509    510
   388    510    391
   388    391    390
   388    390    389
   510    511    512
   510    512    513
   510    513    392
   510    392    391
   392    513    514
   392    514    515
   392    515    396
   392    396    394
   392    394    393
   514    516    517
   514    517    518
   514    518    515
   397    396    515
   397    515    518
   397    518    519
   397    519    400
   519    518    517
   519    517    520
   519    520    521
   519    521    522
   401    400    519
   401    519    522
   401    522    403
   401    403    402
   403    522    521
   403    521    523
   403    523    524
   403    524    404
   404    524    525
   404    525    526
   404    526    405
   405    526    527
   405    527    528
   405    528    407
   405    407    406
   407    528    529
   407    529    530
   407    530    409
   407    409    408
   409    530    531
   409    531    532
   409    532    411
   409    411    410
   411    532    533
   411    533    534
   411    534    413
   411    413    412
   534    535    536
   534    536    414
   534    414    413
   414    536    537
   414    537    538
   414    538    416
   414    416    415
   538    539    418
   538    418    417
   538    417    416
   418    539    540
   418    540    541
   418    541    420
   418    420    419
   420    541    542
   420    542    421
   423    422    421
   423    421    542
   423    542    543
   423    543    544
   423    544    545
   423    545    424
   425    424    545
   425    545    546
   427    426    425
   427    425    546
   427    546    547
   427    547    548
   427    548    549
   427    549    428
   429    428    549
   429    549    550
   429    550    551
   429    551    430
   430    551    552
   430    552    553
   430    553    431
   431    553    554
   431    554    555
   431    555    556
   431    556    433
   431    433    432
   433    556    557
   433    557    558
   433    558    559
   433    559    436
   433    436    435
   433    435    434
   559    560    437
   559    437    436
   437    560    561
   437    561    562
   437    562    563
   437    563    564
   437    564    438
   438    564    442
   438    442    447
   438    447    441
   438    441    439
   563    565    443
   563    443    442
   563    442    564
   566    567    568
   566    568    444
   566    444    443
   566    443    565
   569    570    571
   569    571    568
   569    568    567
   444    568    571
   444    571    572
   444    572    449
   444    449    445
   449    572    573
   449    573    574
   449    574    450
   450    574    575
   450    575    576
   450    576    454
   450    454    451
   455    454    576
   455    576    577
   455    577    578
   455    578    456
   456    578    579
   456    579    580
   456    580    458
   456    458    457
   458    580    581
   458    581    582
   458    582    460
   458    460    459
   460    582    583
   460    583    584
   460    584    462
   460    462    461
   462    584    585
   462    585    586
   462    586    464
   462    464    463
   464    586    587
   464    587    588
   464    588    466
   464    466    465
   466    588    589
   466    589    590
   466    590    468
   466    468    467
   468    590    591
   468    591    470
   468    470    469
   470    591    592
   470    592    593
   470    593    472
   470    472    471
   474    473    472
   474    472    593
   474    593    594
   474    594    475
   475    594    595
   475    595    596
   475    596    477
   475    477    476
   478    477    596
   478    596    597
   478    597    598
   479    599    600
   479    600    601
   479    601    602
   479    602    480
   480    602    603
   480    603    604
   480    604    483
   480    483    482
   480    482    481
   483    604    605
   483    605    606
   483    606    485
   483    485    484
   485    606    607
   485    607    487
   485    487    486
   487    607    608
   487    608    609
   487    609    491
   487    491    488
   609    610    611
   609    611    612
   609    612    492
   609    492    491
   492    612    613
   492    613    496
   492    496    493
   611    614    615
   611    615    616
   611    616    613
   611    613    612
   613    616    617
   613    617    500
   613    500    497
   613    497    496
   615    618    619
   615    619    620
   615    620    617
   615    617    616
   617    620    621
   617    621    501
   617    501    500
   619    622    623
   619    623    624
   619    624    625
   619    625    621
   619    621    620
   501    621    625
   501    625    626
   501    626    505
   501    505    502
   505    626    627
   505    627    507
   505    507    506
   507    627    628
   507    628    629
   507    629    630
   507    630    509
   507    509    508
   509    630    631
   509    631    511
   509    511    510
   631    632    633
   631    633    634
   631    634    635
   631    635    512
   631    512    511
   512    635    636
   512    636    516
   512    516    514
   512    514    513
   634    637    638
   634    638    639
   634    639    636
   634    636    635
   517    516    636
   517    636    639
   517    639    640
   517    640    520
   640    639    638
   640    638    641
   640    641    642
   521    520    640
   521    640    642
   521    642    643
   521    643    523
   523    643    644
   523    644    645
   523    645    525
   523    525    524
   525    645    646
   525    646    527
   525    527    526
   527    646    647
   527    647    648
   527    648    529
   527    529    528
   529    648    649
   529    649    650
   529    650    531
   529    531    530
   531    650    651
   531    651    652
   531    652    533
   531    533    532
   533    652    653
   533    653    654
   533    654    535
   533    535    534
   654    655    537
   654    537    536
   654    536    535
   537    655    656
   537    656    540
   537    540    539
   537    539    538
   542    541    540
   542    540    656
   542    656    657
   542    657    658
   542    658    543
   544    543    658
   544    658    659
   544    659    660
   546    545    544
   546    544    660
   546    660    661
   546    661    547
   547    661    662
   547    662    663
   547    663    664
   547    664    548
   549    548    664
   549    664    665
   549    665    550
   550    665    666
   550    666    667
   550    667    668
   550    668    552
   550    552    551
   552    668    669
   552    669    670
   552    670    554
   552    554    553
   554    670    671
   554    671    672
   554    672    673
   554    673    555
   555    673    674
   555    674    675
   555    675    557
   555    557    556
   557    675    676
   557    676    677
   557    677    678
   557    678    558
   558    678    679
   558    679    680
   558    680    561
   558    561    560
   558    560    559
   680    681    682
   680    682    562
   680    562    561
   562    682    566
   562    566    565
   562    565    563
   683    684    569
   683    569    567
   683    567    566
   683    566    682
   683    682    681
   685    686    687
   685    687    570
   685    570    569
   685    569    684
   571    570    687
   571    687    688
   571    688    573
   571    573    572
   573    688    689
   573    689    690
   573    690    575
   573    575    574
   576    575    690
   576    690    691
   576    691    692
   576    692    577
   577    692    693
   577    693    694
   577    694    579
   577    579    578
   579    694    695
   579    695    696
   579    696    581
   579    581    580
   581    696    697
   581    697    698
   581    698    583
   581    583    582
   583    698    699
   583    699    700
   583    700    585
   583    585    584
   585    700    701
   585    701    587
   585    587    586
   587    701    702
   587    702    703
   587    703    589
   587    589    588
   589    703    704
   589    704    705
   589    705    592
   589    592    591
   589    591    590
   593    592    705
   593    705    706
   593    706    595
   593    595    594
   596    595    706
   596    706    707
   596    707    708
   596    708    597
   598    597    708
   598    708    709
   598    709    600
   598    600    599
   601    710    711
   601    711    712
   601    712    603
   601    603    602
   603    712    713
   603    713    714
   603    714    605
   603    605    604
   605    714    715
   605    715    608
   605    608    607
   605    607    606
   608    715    716
   608    716    717
   608    717    610
   608    610    609
   717    718    719
   717    719    720
   717    720    614
   717    614    611
   717    611    610
   719    721    722
   719    722    723
   719    723    720
   720    723    724
   720    724    618
   720    618    615
   720    615    614
   722    725    726
   722    726    727
   722    727    724
   722    724    723
   724    727    622
   724    622    619
   724    619    618
   726    728    729
   726    729    730
   726    730    731
   726    731    623
   726    623    622
   726    622    727
   623    731    732
   623    732    624
   625    624    732
   625    732    733
   625    733    734
   625    734    628
   625    628    627
   625    627    626
   628    734    735
   628    735    736
   628    736    737
   628    737    629
   629    737    738
   629    738    632
   629    632    631
   629    631    630
   738    739    740
   738    740    741
   738    741    742
   738    742    633
   738    633    632
   633    742    743
   633    743    637
   633    637    634
   741    744    745
   741    745    746
   741    746    743
   741    743    742
   638    637    743
   638    743    746
   638    746    747
   638    747    641
   747    746    745
   747    745    748
   747    748    749
   747    749    750
   642    641    747
   642    747    750
   642    750    751
   642    751    644
   642    644    643
   644    751    752
   644    752    647
   644    647    646
   644    646    645
   647    752    753
   647    753    754
   647    754    755
   647    755    649
   647    649    648
   649    755    756
   649    756    651
   649    651    650
   651    756    757
   651    757    653
   651    653    652
   653    757    758
   653    758    759
   653    759    657
   653    657    656
   653    656    655
   653    655    654
   658    657    759
   658    759    760
   658    760    659
   660    659    760
   660    760    761
   660    761    662
   660    662    661
   662    761    762
   662    762    763
   662    763    764
   662    764    663
   664    663    764
   664    764    765
   664    765    666
   664    666    665
   666    765    766
   666    766    767
   666    767    768
   666    768    667
   667    768    769
   667    769    770
   667    770    669
   667    669    668
   669    770    771
   669    771    772
   669    772    671
   669    671    670
   671    772    773
   671    773    774
   671    774    775
   671    775    672
   672    775    776
   672    776    777
   672    777    778
   672    778    674
   672    674    673
   674    778    779
   674    779    676
   674    676    675
   677    780    781
   677    781    782
   677    782    679
   677    679    678
   679    782    683
   679    683    681
   679    681    680
   781    783    685
   781    685    684
   781    684    683
   781    683    782
   784    785    786
   784    786    686
   784    686    685
   784    685    783
   786    787    689
   786    689    688
   786    688    687
   786    687    686
   690    689    787
   690    787    788
   690    788    789
   690    789    691
   691    789    790
   691    790    791
   691    791    693
   691    693    692
   693    791    792
   693    792    793
   693    793    695
   693    695    694
   695    793    794
   695    794    697
   695    697    696
   697    794    795
   697    795    796
   697    796    699
   697    699    698
   699    796    797
   699    797    798
   699    798    702
   699    702    701
   699    701    700
   704    703    702
   704    702    798
   704    798    799
   704    799    800
   706    705    704
   706    704    800
   706    800    801
   706    801    707
   708    707    801
   708    801    802
   708    802    803
   708    803    709
   600    709    803
   600    803    804
   600    804    710
   600    710    601
   711    805    806
   711    806    713
   711    713    712
   713    806    807
   713    807    808
   713    808    716
   713    716    715
   713    715    714
   716    808    809
   716    809    718
   716    718    717
   809    810    811
   809    811    721
   809    721    719
   809    719    718
   811    812    813
   811    813    725
   811    725    722
   811    722    721
   814    815    816
   814    816    813
   814    813    812
   813    816    728
   813    728    726
   813    726    725
   729    817    818
   729    818    819
   729    819    820
   729    820    730
   732    731    730
   732    730    820
   732    820    821
   732    821    733
   733    821    822
   733    822    823
   733    823    735
   733    735    734
   735    823    824
   735    824    825
   735    825    826
   735    826    736
   736    826    827
   736    827    739
   736    739    738
   736    738    737
   827    828    829
   827    829    830
   827    830    831
   827    831    740
   827    740    739
   740    831    832
   740    832    744
   740    744    741
   830    833    834
   830    834    835
   830    835    832
   830    832    831
   745    744    832
   745    832    835
   745    835    748
   748    835    834
   748    834    836
   748    836    837
   748    837    749
   750    749    837
   750    837    838
   750    838    839
   750    839    753
   750    753    752
   750    752    751
   753    839    840
   753    840    754
   754    840    841
   754    841    842
   754    842    758
   754    758    757
   754    757    756
   754    756    755
   760    759    758
   760    758    842
   760    842    762
   760    762    761
   762    842    841
   762    841    843
   762    843    844
   762    844    763
   764    763    844
   764    844    845
   764    845    846
   764    846    766
   764    766    765
   766    846    847
   766    847    848
   766    848    767
   767    848    849
   767    849    850
   767    850    769
   767    769    768
   769    850    851
   769    851    852
   769    852    771
   769    771    770
   771    852    853
   771    853    854
   771    854    855
   771    855    773
   771    773    772
   773    855    856
   773    856    857
   773    857    774
   774    857    858
   774    858    859
   774    859    776
   774    776    775
   777    860    861
   777    861    779
   777    779    778
   676    779    861
   676    861    862
   676    862    780
   676    780    677
   862    863    784
   862    784    783
   862    783    781
   862    781    780
   864    865    866
   864    866    785
   864    785    784
   864    784    863
   866    867    788
   866    788    787
   866    787    786
   866    786    785
   788    867    868
   788    868    869
   788    869    870
   788    870    790
   788    790    789
   790    870    871
   790    871    792
   790    792    791
   792    871    872
   792    872    795
   792    795    794
   792    794    793
   797    796    795
   797    795    872
   797    872    873
   799    798    797
   799    797    873
   799    873    874
   799    874    875
   799    875    876
   801    800    799
   801    799    876
   801    876    877
   801    877    802
   803    802    877
   803    877    878
   803    878    879
   803    879    804
   804    879    880
   804    880    881
   804    881    805
   804    805    711
   804    711    710
   881    882    883
   881    883    807
   881    807    806
   881    806    805
   807    883    884
   807    884    810
   807    810    809
   807    809    808
   884    885    886
   884    886    814
   884    814    812
   884    812    811
   884    811    810
   886    887    888
   886    888    815
   886    815    814
   888    817    729
   888    729    728
   888    728    816
   888    816    815
   889    890    819
   889    819    818
   889    818    891
   820    819    890
   820    890    892
   820    892    822
   820    822    821
   822    892    893
   822    893    894
   822    894    824
   822    824    823
   824    894    895
   824    895    896
   824    896    897
   824    897    825
   825    897    898
   825    898    828
   825    828    827
   825    827    826
   898    899    900
   898    900    901
   898    901    829
   898    829    828
   829    901    902
   829    902    833
   829    833    830
   903    902    901
   903    901    900
   903    900    904
   903    904    905
   834    833    902
   834    902    903
   834    903    836
   837    836    903
   837    903    905
   837    905    906
   837    906    907
   837    907    838
   841    840    839
   841    839    838
   841    838    907
   841    907    908
   841    908    909
   841    909    843
   844    843    909
   844    909    845
   845    909    908
   845    908    910
   845    910    911
   845    911    912
   845    912    847
   845    847    846
   847    912    913
   847    913    849
   847    849    848
   849    913    914
   849    914    915
   849    915    916
   849    916    851
   849    851    850
   851    916    917
   851    917    918
   851    918    853
   851    853    852
   853    918    919
   853    919    920
   853    920    921
   853    921    854
   854    921    922
   854    922    856
   854    856    855
   858    923    924
   858    924    859
   776    859    924
   776    924    925
   776    925    860
   776    860    777
   861    860    925
   861    925    926
   861    926    864
   861    864    863
   861    863    862
   926    927    928
   926    928    929
   926    929    865
   926    865    864
   929    930    868
   929    868    867
   929    867    866
   929    866    865
   931    869    868
   931    868    930
   931    930    932
   873    872    871
   873    871    870
   873    870    869
   873    869    931
   873    931    874
   875    874    931
   875    931    932
   875    932    933
   875    933    934
   877    876    875
   877    875    934
   877    934    935
   877    935    878
   878    935    936
   878    936    937
   878    937    880
   878    880    879
   880    937    938
   880    938    939
   880    939    882
   880    882    881
   939    940    941
   939    941    885
   939    885    884
   939    884    883
   939    883    882
   941    942    943
   941    943    887
   941    887    886
   941    886    885
   943    891    818
   943    818    817
   943    817    888
   943    888    887
   944    945    946
   944    946    889
   944    889    891
   944    891    943
   944    943    942
   946    947    893
   946    893    892
   946    892    890
   946    890    889
   893    947    948
   893    948    895
   893    895    894
   895    948    949
   895    949    950
   895    950    896
   896    950    951
   896    951    952
   896    952    899
   896    899    898
   896    898    897
   953    952    951
   953    951    954
   953    954    955
   904    900    899
   904    899    952
   904    952    953
   904    953    956
   906    905    904
   906    904    956
   906    956    957
   906    957    958
   906    958    959
   908    907    906
   908    906    959
   908    959    960
   908    960    961
   908    961    910
   910    961    962
   910    962    911
   911    962    963
   911    963    964
   911    964    914
   911    914    913
   911    913    912
   914    964    965
   914    965    966
   914    966    915
   915    966    967
   915    967    968
   915    968    917
   915    917    916
   917    968    969
   917    969    919
   917    919    918
   920    970    971
   920    971    922
   920    922    921
   856    922    971
   856    971    923
   856    923    858
   856    858    857
   924    923    971
   924    971    970
   924    970    972
   924    972    973
   924    973    927
   924    927    926
   924    926    925
   973    974    975
   973    975    928
   973    928    927
   932    930    929
   932    929    928
   932    928    975
   932    975    976
   932    976    933
   976    975    974
   976    974    977
   976    977    978
   934    933    976
   934    976    978
   934    978    979
   934    979    936
   934    936    935
   936    979    980
   936    980    981
   936    981    938
   936    938    937
   938    981    982
   938    982    983
   938    983    940
   938    940    939
   983    984    985
   983    985    944
   983    944    942
   983    942    941
   983    941    940
   985    986    987
   985    987    945
   985    945    944
   987    949    948
   987    948    947
   987    947    946
   987    946    945
   986    954    951
   986    951    950
   986    950    949
   986    949    987
   988    955    954
   988    954    986
   988    986    989
   990    957    956
   990    956    953
   990    953    955
   990    955    988
   991    992    958
   991    958    957
   991    957    990
   991    990    993
   959    958    992
   959    992    994
   959    994    995
   959    995    960
   960    995    996
   960    996    963
   960    963    962
   960    962    961
   963    996    997
   963    997    998
   963    998    999
   963    999    965
   963    965    964
   965    999   1000
   965   1000    967
   965    967    966
   967   1000   1001
   967   1001   1002
   967   1002    969
   967    969    968
   919    969   1002
   919   1002    972
   919    972    970
   919    970    920
   972   1002   1001
   972   1001   1003
   972   1003   1004
   972   1004    977
   972    977    974
   972    974    973
  1004   1003   1005
  1004   1005   1006
  1004   1006   1007
   978    977   1004
   978   1004   1007
   978   1007   1008
   978   1008    980
   978    980    979
   980   1008   1009
   980   1009   1010
   980   1010    982
   980    982    981
   982   1010   1011
   982   1011   1012
   982   1012   1013
   982   1013    984
   982    984    983
  1013    989    986
  1013    986    985
  1013    985    984
  1012    993    990
  1012    990    988
  1012    988    989
  1012    989   1013
  1011   1014   1015
  1011   1015    991
  1011    991    993
  1011    993   1012
  1015   1016   1017
  1015   1017    994
  1015    994    992
  1015    992    991
   994   1017   1018
   994   1018    997
   994    997    996
   994    996    995
  1005    998    997
  1005    997   1018
  1005   1018   1019
  1005   1019   1006
  1001   1000    999
  1001    999    998
  1001    998   1005
  1001   1005   1003
  1007   1006   1019
  1007   1019   1020
  1007   1020   1009
  1007   1009   1008
  1009   1020   1021
  1009   1021   1014
  1009   1014   1011
  1009   1011   1010
  1021   1016   1015
  1021   1015   1014
  1019   1018   1017
  1019   1017   1016
  1019   1016   1021
  1019   1021   1020
   266    365    478
   266    478    598
   266    598    599
   266    599    479
   266    479    267
