1022 2040
    0.036945     0.066452     0.625979
    0.002071     0.028294     0.633172
   -0.009679     0.009444     0.636186
    0.035458     0.063769     0.626390
   -0.073029    -0.077728     0.644727
   -0.110699    -0.115397     0.644727
   -0.111127    -0.118630     0.645003
   -0.076567    -0.084070     0.645003
   -0.146903    -0.191768     0.639635
   -0.141689    -0.170974     0.642197
   -0.145983    -0.176142     0.641265
   -0.175227    -0.228894     0.633189
   -0.158929    -0.211062     0.636550
   -0.125957    -0.145217     0.643845
   -0.078364    -0.097624     0.643845
    0.172099     0.224485     0.573240
    0.131534     0.183920     0.590642
    0.116475     0.167472     0.597277
    0.115572     0.164236     0.597957
    0.147290     0.191506     0.584909
    0.106405     0.159101     0.600309
    0.050292     0.087244     0.621349
    0.048552     0.083610     0.622233
    0.208298     0.268360     0.555382
    0.205226     0.269633     0.555382
    0.021052     0.075132     0.621349
   -0.112016    -0.110676     0.643734
   -0.063173    -0.061833     0.643734
   -0.116618    -0.112542     0.642572
   -0.138594    -0.165596     0.642572
   -0.212208    -0.281885     0.618426
   -0.234658    -0.311730     0.607866
   -0.230447    -0.321896     0.607866
   -0.220634    -0.312082     0.612076
   -0.175587    -0.229427     0.633072
   -0.189429    -0.246079     0.628059
   -0.214334    -0.310324     0.613401
   -0.239179    -0.343511     0.600212
   -0.238521    -0.345135     0.599802
   -0.225597    -0.350488     0.599802
   -0.214334    -0.323959     0.609265
   -0.202735    -0.319154     0.609265
   -0.072778    -0.117642     0.639635
   -0.014862     0.002083     0.637110
   -0.062775    -0.113589     0.637110
    0.356404     0.401405     0.462266
    0.334210     0.392717     0.475373
    0.284744     0.343251     0.508898
    0.280103     0.330157     0.513254
    0.276921     0.336874     0.513427
    0.209186     0.269140     0.554885
    0.266201     0.314414     0.522093
    0.382445     0.418963     0.443761
    0.390993     0.430409     0.435275
    0.384625     0.436778     0.435275
    0.337755     0.401774     0.470024
    0.251889     0.328002     0.521754
    0.239237     0.316830     0.528858
    0.207511     0.276877     0.551837
    0.324173     0.405413     0.470024
    0.030707     0.229503     0.551837
    0.032927     0.185144     0.575865
    0.019196     0.129505     0.597484
   -0.100111     0.010198     0.597484
   -0.127804    -0.112160     0.637663
   -0.158142    -0.141836     0.629852
   -0.162128    -0.144190     0.628059
   -0.270372    -0.345172     0.584550
   -0.268890    -0.350702     0.584550
   -0.251604    -0.343935     0.594758
   -0.242976    -0.319591     0.602857
   -0.239263    -0.315386     0.605218
   -0.268935    -0.350762     0.584505
   -0.239919    -0.379778     0.584505
   -0.239683    -0.379172     0.584862
   -0.225597    -0.374180     0.589548
   -0.240037    -0.382122     0.583235
   -0.235656    -0.389542     0.579897
   -0.224381    -0.392563     0.579897
   -0.224381    -0.378035     0.587662
   -0.207215    -0.384119     0.581951
   -0.217064    -0.405211     0.572088
   -0.213399    -0.409136     0.569465
   -0.206061    -0.407170     0.569465
   -0.201331    -0.360277     0.591215
   -0.044915    -0.114199     0.629271
   -0.071145    -0.230091     0.591215
    0.061605    -0.010004     0.601848
    0.099252     0.012227     0.584909
    0.502881     0.479464     0.339507
    0.449331     0.467012     0.385487
    0.436916     0.432629     0.401289
    0.448073     0.432629     0.392133
    0.491385     0.466626     0.351037
    0.445773     0.467160     0.388057
    0.511431     0.485358     0.330226
    0.513668     0.488482     0.327013
    0.501551     0.506615     0.327013
    0.468213     0.496319     0.356901
    0.446397     0.474503     0.383948
    0.421837     0.472418     0.397693
    0.405494     0.464570     0.410172
    0.395561     0.453079     0.421224
    0.463691     0.499341     0.356901
    0.457580     0.498009     0.360926
    0.330211     0.429482     0.451258
    0.365338     0.472557     0.410172
    0.360802     0.472897     0.410634
    0.330211     0.445504     0.438109
    0.195143     0.435403     0.424349
    0.011839     0.398942     0.424349
   -0.025244     0.396316     0.419008
   -0.028523     0.317790     0.475738
   -0.115790     0.461144     0.325868
   -0.157451     0.433306     0.325868
   -0.124288     0.325919     0.422143
   -0.126229     0.317901     0.425278
   -0.307230     0.047014     0.425278
   -0.340920    -0.101221     0.473849
   -0.307471    -0.147939     0.521906
   -0.299017    -0.149905     0.529166
   -0.348360    -0.353498     0.521906
   -0.303559    -0.353498     0.558673
   -0.352098    -0.356433     0.518358
   -0.321205    -0.363090     0.542625
   -0.305722    -0.359490     0.555920
   -0.283338    -0.360424     0.572091
   -0.307490    -0.383617     0.542625
   -0.293897    -0.389631     0.549740
   -0.287038    -0.387513     0.555890
   -0.285507    -0.385982     0.557787
   -0.238325    -0.420061     0.555890
   -0.236381    -0.418668     0.557891
   -0.234735    -0.411592     0.563967
   -0.209674    -0.423981     0.557891
   -0.181652    -0.443555     0.538104
   -0.196246    -0.438285     0.544811
   -0.183973    -0.453920     0.529976
   -0.148643    -0.485557     0.498245
   -0.145828    -0.484997     0.498245
   -0.047527    -0.508324     0.435501
   -0.107927    -0.503198     0.469304
   -0.048651    -0.545638     0.408329
   -0.013758    -0.567923     0.374441
    0.001725    -0.557577     0.374441
    0.335589     0.022094     0.414171
    0.014612    -0.561557     0.362888
    0.300018    -0.134417     0.362888
    0.361559     0.050332     0.400725
    0.373994     0.060210     0.392133
    0.627927     0.500777     0.191251
    0.625766     0.514421     0.191251
    0.614789     0.520105     0.203530
    0.584539     0.515733     0.241233
    0.579669     0.500777     0.250054
    0.568090     0.517368     0.259363
    0.602842     0.543553     0.203530
    0.588381     0.544278     0.219888
    0.569404     0.532150     0.249093
    0.541670     0.533960     0.273433
    0.510105     0.515168     0.313919
    0.577772     0.554887     0.219888
    0.558779     0.549500     0.242779
    0.543776     0.537257     0.268360
    0.500856     0.514346     0.320345
    0.446428     0.498963     0.362347
    0.364734     0.511902     0.362347
    0.363896     0.511970     0.362426
    0.360802     0.509887     0.365561
    0.166047     0.493971     0.347368
    0.064618     0.477907     0.347368
   -0.116466     0.462418     0.324283
   -0.232475     0.516561     0.197391
   -0.243772     0.510805     0.197391
   -0.240478     0.505651     0.205323
   -0.214079     0.489934     0.239184
   -0.176300     0.486576     0.265429
   -0.275276     0.519742     0.159421
   -0.277994     0.520286     0.156359
   -0.313016     0.516477     0.127053
   -0.316286     0.515020     0.125350
   -0.331606     0.499701     0.125350
   -0.341275     0.495127     0.119282
   -0.346545     0.489254     0.118047
   -0.356953     0.481938     0.110292
   -0.593933     0.016838     0.110292
   -0.619247    -0.084443     0.140813
   -0.606157    -0.108967     0.170516
   -0.529868    -0.119993     0.265602
   -0.457381    -0.342598     0.396889
   -0.442861    -0.348347     0.414500
   -0.400044    -0.358022     0.464805
   -0.358530    -0.358022     0.511483
   -0.624149    -0.222567     0.170516
   -0.618023    -0.231664     0.179737
   -0.593993    -0.258822     0.214259
   -0.554882    -0.293122     0.268535
   -0.497807    -0.330019     0.345202
   -0.415739    -0.362390     0.444838
   -0.411738    -0.363914     0.449419
   -0.401480    -0.362431     0.462205
   -0.372300    -0.365330     0.494366
   -0.386459    -0.381683     0.468255
   -0.377934    -0.382111     0.477899
   -0.373542    -0.379304     0.484658
   -0.298889    -0.461156     0.477899
   -0.290123    -0.447440     0.499008
   -0.251012    -0.443963     0.526179
   -0.298155    -0.475779     0.461357
   -0.255574    -0.497476     0.461357
   -0.250874    -0.494967     0.467049
   -0.247953    -0.474754     0.492242
   -0.142643    -0.512109     0.467049
   -0.136493    -0.517034     0.460136
   -0.092907    -0.555599     0.404732
   -0.052102    -0.583077     0.363375
   -0.007917    -0.576079     0.363375
    0.047970    -0.594915     0.311824
    0.036130    -0.593862     0.320050
    0.133540    -0.645859     0.202068
    0.208969    -0.682502     0.110384
    0.240539    -0.691458     0.072335
    0.281861    -0.699719     0.025782
    0.293368    -0.698467     0.016153
    0.313822    -0.678013     0.016153
    0.314903    -0.675585     0.017417
    0.186793    -0.675865     0.134803
    0.195122    -0.680311     0.124434
    0.315399    -0.675033     0.017301
    0.339930    -0.583371     0.050992
    0.589017     0.076076     0.151896
    0.586230     0.081296     0.158219
    0.505326    -0.258763     0.050992
    0.592602     0.155795     0.167716
    0.626111     0.367359     0.167716
    0.636246     0.491376     0.179301
    0.654529     0.491768     0.145192
    0.651450     0.515151     0.145192
    0.650537     0.516044     0.146681
    0.644011     0.515582     0.159004
    0.637943     0.491768     0.176222
    0.632591     0.517584     0.178432
    0.639460     0.542787     0.146681
    0.638906     0.543044     0.147502
    0.633642     0.540673     0.158960
    0.606442     0.546390     0.195862
    0.616972     0.571629     0.147502
    0.612475     0.572261     0.153992
    0.604351     0.564137     0.177216
    0.590654     0.565752     0.191607
    0.581503     0.559621     0.209808
    0.609090     0.574859     0.153992
    0.596789     0.573691     0.171150
    0.593336     0.571705     0.178647
    0.563082     0.558783     0.225343
    0.562508     0.562860     0.218298
    0.562467     0.562286     0.219382
    0.363896     0.589008     0.218298
    0.350699     0.596154     0.201679
    0.275868     0.589586     0.195535
   -0.043952     0.547481     0.195535
   -0.231017     0.529467     0.175212
   -0.233059     0.517821     0.195024
   -0.245674     0.533673     0.156359
   -0.324098     0.517530     0.111595
   -0.328143     0.515605     0.109687
   -0.331194     0.513263     0.109687
   -0.339654     0.508881     0.104831
   -0.360874     0.505899     0.074207
   -0.398348     0.478697     0.047353
   -0.403344     0.472186     0.047353
   -0.515993     0.383318    -0.055011
   -0.605151     0.263354    -0.097606
   -0.615457     0.252401    -0.108189
   -0.713389     0.015972    -0.108189
   -0.733966    -0.060083    -0.088145
   -0.724459    -0.093218    -0.045527
   -0.685166    -0.096002     0.028670
   -0.659412    -0.197074     0.101747
   -0.645263    -0.212518     0.130786
   -0.634263    -0.220228     0.152170
   -0.726375    -0.107776    -0.045527
   -0.722194    -0.117425    -0.035329
   -0.709355    -0.141138    -0.005467
   -0.699727    -0.155569     0.016100
   -0.618929    -0.235220     0.177166
   -0.608839    -0.246863     0.191594
   -0.537225    -0.311888     0.286667
   -0.497815    -0.330205     0.345045
   -0.472011    -0.350562     0.368493
   -0.400139    -0.444227     0.368493
   -0.377120    -0.460937     0.384989
   -0.361482    -0.476575     0.384989
   -0.304111    -0.483336     0.445264
   -0.341148    -0.504586     0.364916
   -0.298078    -0.537636     0.364916
   -0.294409    -0.529492     0.382643
   -0.269896    -0.528377     0.403316
   -0.286259    -0.563063     0.327250
   -0.273900    -0.574692     0.315309
   -0.260825    -0.580108     0.315309
   -0.244525    -0.594233     0.295110
   -0.237507    -0.601412     0.283408
   -0.194127    -0.628809     0.242836
   -0.190974    -0.630131     0.241138
   -0.044260    -0.649447     0.241138
   -0.044260    -0.616991     0.301859
   -0.028004    -0.658249     0.220667
    0.053221    -0.693443     0.134817
    0.068230    -0.696114     0.126124
    0.123112    -0.691297     0.121618
    0.196044    -0.681695     0.121618
    0.236252    -0.691263     0.075950
    0.274766    -0.702313     0.026413
    0.277162    -0.701665     0.025782
    0.294622    -0.698513     0.014606
    0.304971    -0.699496     0.000170
    0.307266    -0.698404    -0.000913
    0.309392    -0.696772    -0.000913
    0.311756    -0.695548    -0.002269
    0.318000    -0.694671    -0.011281
    0.328518    -0.687036    -0.018819
    0.342022    -0.669437    -0.018819
    0.353911    -0.660058    -0.029622
    0.415358    -0.577380    -0.058979
    0.419963    -0.570443    -0.060605
    0.456171    -0.503191    -0.063556
    0.508405    -0.326428    -0.006073
    0.622818     0.039169     0.061845
    0.623078     0.082049     0.093950
    0.553096    -0.218534    -0.006073
    0.632869     0.131013     0.090388
    0.647533     0.283289     0.106931
    0.654919     0.339397     0.106931
    0.666100     0.466785     0.117390
    0.658265     0.484868     0.136503
    0.668068     0.466785     0.110904
    0.662803     0.513508     0.110904
    0.662507     0.513517     0.111878
    0.653980     0.516307     0.136950
    0.662967     0.519114     0.103847
    0.655203     0.541301     0.103847
    0.652841     0.540606     0.112499
    0.642696     0.545024     0.135275
    0.653141     0.553837     0.085875
    0.638757     0.576729     0.085875
    0.636064     0.574818     0.097907
    0.624438     0.579096     0.117118
    0.634554     0.587639     0.068338
    0.626549     0.595644     0.068338
    0.621150     0.588034     0.102349
    0.618591     0.588604     0.105557
    0.619701     0.605848     0.050095
    0.616226     0.594033     0.093367
    0.606292     0.594499     0.103363
    0.616721     0.611871     0.033558
    0.595299     0.631352    -0.006240
    0.593969     0.632165    -0.007395
    0.589971     0.634906    -0.014200
    0.581681     0.639000    -0.023426
    0.353302     0.605184     0.172877
    0.545156     0.658217    -0.073210
    0.499692     0.675668    -0.113851
    0.353302     0.692162    -0.113851
    0.351360     0.692640    -0.116147
    0.328532     0.697206    -0.139677
    0.213211     0.686634    -0.147661
   -0.060530     0.655790    -0.147661
   -0.091352     0.643960    -0.120109
   -0.149083     0.622656    -0.077999
   -0.230836     0.582286     0.012978
   -0.246296     0.535034     0.151925
   -0.278883     0.565474     0.012978
   -0.291948     0.557483     0.024333
   -0.318442     0.533391     0.073552
   -0.317937     0.531674     0.079837
   -0.356954     0.509192     0.073552
   -0.360356     0.507307     0.071881
   -0.389113     0.496229     0.025661
   -0.407447     0.482286     0.014180
   -0.418423     0.471311     0.014180
   -0.514709     0.389087    -0.062246
   -0.527542     0.380474    -0.085189
   -0.582718     0.319304    -0.136933
   -0.628259     0.246825    -0.136933
   -0.660092     0.206006    -0.177820
   -0.691468     0.151263    -0.201654
   -0.709773     0.093089    -0.185788
   -0.721720     0.058945    -0.185788
   -0.736655     0.006260    -0.174166
   -0.742192    -0.028246    -0.152457
   -0.741221    -0.061539    -0.110548
   -0.738126    -0.061445    -0.100378
   -0.731846    -0.103855    -0.063924
   -0.729910    -0.106757    -0.056801
   -0.742323    -0.071317    -0.110548
   -0.740611    -0.079877    -0.101723
   -0.737221    -0.093668    -0.085425
   -0.733446    -0.101549    -0.070053
   -0.722656    -0.120543    -0.038009
   -0.720553    -0.124803    -0.033268
   -0.699699    -0.155615     0.016139
   -0.645117    -0.215637     0.127648
   -0.626899    -0.238996     0.151047
   -0.599746    -0.282210     0.151047
   -0.525511    -0.364512     0.220665
   -0.525288    -0.364779     0.220707
   -0.456565    -0.423466     0.275255
   -0.355879    -0.524152     0.275255
   -0.325429    -0.547308     0.294322
   -0.313956    -0.556898     0.292512
   -0.309916    -0.560542     0.289094
   -0.268815    -0.586368     0.289094
   -0.251257    -0.600060     0.271507
   -0.249914    -0.600830     0.270923
   -0.217596    -0.620596     0.242836
   -0.168422    -0.641268     0.216041
   -0.103608    -0.665186     0.168765
   -0.093329    -0.667921     0.164517
   -0.032052    -0.683835     0.134817
    0.072085    -0.697061     0.121567
    0.126803    -0.708006     0.065164
    0.197967    -0.711332     0.027768
    0.229769    -0.708416     0.025566
    0.234857    -0.707843     0.025566
    0.274281    -0.703797     0.022049
    0.293406    -0.704355    -0.002025
    0.304603    -0.700437    -0.002025
    0.304586    -0.700379    -0.001814
    0.312170    -0.699192    -0.012873
    0.316802    -0.696281    -0.012873
    0.317562    -0.695860    -0.013246
    0.324746    -0.693093    -0.024792
    0.332133    -0.685706    -0.024792
    0.351331    -0.669311    -0.040031
    0.352040    -0.668463    -0.040165
    0.372102    -0.646221    -0.058979
    0.475924    -0.468728    -0.078561
    0.488843    -0.433501    -0.073979
    0.552503    -0.231179    -0.018797
    0.628975     0.024610     0.024482
    0.573359    -0.171578    -0.018797
    0.645307     0.170153     0.068003
    0.659500     0.308462     0.080341
    0.662627     0.336211     0.080341
    0.672606     0.445064     0.087876
    0.669105     0.462567     0.105918
    0.669105     0.510621     0.057865
    0.675561     0.445064     0.057865
    0.668544     0.515954     0.057507
    0.664266     0.519983     0.091448
    0.667935     0.518916     0.054288
    0.664492     0.534666     0.039474
    0.659633     0.550683     0.039474
    0.658215     0.550771     0.054922
    0.654412     0.554824     0.073370
    0.652671     0.567267     0.018031
    0.644327     0.582879     0.018031
    0.643294     0.582523     0.031809
    0.635926     0.588898     0.054041
    0.637335     0.593285     0.001922
    0.624270     0.609205     0.001922
    0.623638     0.608573     0.013890
    0.617317     0.612521     0.026790
    0.613403     0.620072    -0.018351
    0.604373     0.627482    -0.018351
    0.603713     0.627975    -0.018864
    0.581335     0.643010    -0.053506
    0.575736     0.645766    -0.059670
    0.551231     0.657023    -0.080417
    0.580781     0.643354    -0.054664
    0.498636     0.676789    -0.122748
    0.530647     0.665664    -0.107033
    0.513390     0.672120    -0.120595
    0.503253     0.675389    -0.122748
    0.419061     0.692640    -0.183848
    0.456490     0.686005    -0.162390
    0.328532     0.703003    -0.198540
    0.400031     0.695693    -0.195821
    0.359543     0.699949    -0.198540
    0.204285     0.692748    -0.218668
    0.146111     0.686634    -0.214761
    0.315281     0.703003    -0.211791
    0.302195     0.702391    -0.218668
    0.055774     0.676455    -0.214761
   -0.026266     0.666811    -0.211207
   -0.056346     0.660234    -0.182914
   -0.129232     0.638124    -0.182914
   -0.208593     0.612533    -0.166064
   -0.215636     0.609577    -0.156957
   -0.247468     0.594954    -0.130007
   -0.350480     0.539892    -0.130007
   -0.360877     0.533975    -0.125942
   -0.359619     0.530322    -0.077202
   -0.388734     0.513194    -0.147600
   -0.486722     0.432778    -0.147600
   -0.504885     0.416754    -0.159227
   -0.523396     0.398244    -0.193760
   -0.558998     0.357887    -0.219595
   -0.610115     0.295602    -0.219595
   -0.636600     0.260097    -0.247198
   -0.641533     0.252245    -0.247198
   -0.646342     0.243798    -0.250500
   -0.687304     0.167163    -0.250500
   -0.697619     0.144708    -0.231489
   -0.699576     0.139117    -0.231489
   -0.715934     0.088387    -0.220718
   -0.721256     0.070845    -0.220718
   -0.729360     0.039639    -0.205593
   -0.736612     0.006473    -0.174397
   -0.742507    -0.031242    -0.152255
   -0.742507    -0.071199    -0.112298
   -0.743171    -0.041412    -0.148828
   -0.743171    -0.071199    -0.119041
   -0.742866    -0.034890    -0.152255
   -0.742898    -0.073976    -0.119041
   -0.740611    -0.085104    -0.106950
   -0.739132    -0.091868    -0.100588
   -0.731823    -0.109808    -0.079852
   -0.738554    -0.093771    -0.100588
   -0.729136    -0.115656    -0.074901
   -0.715360    -0.141430    -0.074901
   -0.702845    -0.163416    -0.066305
   -0.687254    -0.186621    -0.030383
   -0.645433    -0.242686     0.013204
   -0.582359    -0.319542     0.013204
   -0.514996    -0.395899     0.062085
   -0.490647    -0.420247     0.107509
   -0.414048    -0.487824     0.156545
   -0.340522    -0.548165     0.156545
   -0.316601    -0.566009     0.175143
   -0.289342    -0.584324     0.217341
   -0.286659    -0.585851     0.218390
   -0.212225    -0.625637     0.218390
   -0.185509    -0.637910     0.195770
   -0.164623    -0.646677     0.168765
    0.028438    -0.697061     0.077920
    0.038952    -0.699222     0.066495
    0.058767    -0.701305     0.065164
    0.250125    -0.711332    -0.024390
    0.279725    -0.708416    -0.024390
    0.291776    -0.707150    -0.025199
    0.293822    -0.704977    -0.007965
    0.308440    -0.703725    -0.043305
    0.311613    -0.702763    -0.043305
    0.311693    -0.701465    -0.029168
    0.312990    -0.700248    -0.023265
    0.322988    -0.697988    -0.058014
    0.322458    -0.696448    -0.037472
    0.325063    -0.693438    -0.028389
    0.323180    -0.697882    -0.058546
    0.334180    -0.690491    -0.075575
    0.343938    -0.682482    -0.075575
    0.343426    -0.681970    -0.065864
    0.354447    -0.671974    -0.095179
    0.384100    -0.635841    -0.095179
    0.395550    -0.620493    -0.107112
    0.400072    -0.613296    -0.107112
    0.409199    -0.597261    -0.100843
    0.463834    -0.495046    -0.100843
    0.524036    -0.332924    -0.073979
    0.569137    -0.193060    -0.044283
    0.595438    -0.106358    -0.044283
    0.624073     0.001236     0.000180
    0.629470     0.025921     0.023399
    0.656517     0.245506     0.043862
    0.662627     0.303636     0.047765
    0.643242     0.127684     0.043862
    0.675561     0.434965     0.047765
    0.669036     0.434965    -0.018485
    0.667935     0.446973    -0.017654
    0.659197     0.524533    -0.017654
    0.657479     0.541269    -0.016161
    0.657059     0.542409    -0.016992
    0.652167     0.567298     0.012537
    0.648562     0.559615    -0.036140
    0.642675     0.576438    -0.036140
    0.643205     0.576849    -0.030935
    0.636696     0.593065    -0.006604
    0.634505     0.585784    -0.051330
    0.622389     0.605066    -0.051330
    0.622600     0.605260    -0.049135
    0.636484     0.583246    -0.048788
    0.613370     0.620039    -0.018974
    0.610701     0.613894    -0.066879
    0.589896     0.634699    -0.066879
    0.616081     0.609300    -0.062608
    0.585137     0.638318    -0.069859
    0.552538     0.654292    -0.099666
    0.549080     0.656465    -0.099666
    0.572774     0.643080    -0.089729
    0.475445     0.680854    -0.155739
    0.492032     0.675634    -0.151215
    0.461917     0.684466    -0.161193
    0.348800     0.699949    -0.209282
    0.399103     0.695666    -0.196989
    0.386265     0.696104    -0.205940
    0.346356     0.700154    -0.209640
    0.287949     0.699928    -0.229430
    0.209625     0.692748    -0.224008
    0.295747     0.701102    -0.225314
    0.159430     0.687092    -0.224008
   -0.056288     0.656774    -0.221536
   -0.105904     0.642709    -0.210590
   -0.029277     0.665700    -0.213403
   -0.159652     0.623901    -0.210590
   -0.215055     0.606469    -0.195480
   -0.264252     0.578272    -0.216899
   -0.291764     0.563459    -0.218106
   -0.411203     0.487223    -0.225961
   -0.325271     0.541217    -0.225961
   -0.428817     0.471335    -0.240860
   -0.495185     0.415862    -0.251330
   -0.540971     0.365767    -0.274748
   -0.575877     0.330861    -0.274748
   -0.498087     0.412463    -0.254027
   -0.527645     0.379992    -0.269866
   -0.621873     0.272837    -0.291630
   -0.594450     0.306438    -0.290041
   -0.608224     0.289167    -0.294206
   -0.658094     0.214517    -0.294433
   -0.627103     0.263397    -0.296266
   -0.656667     0.216347    -0.296266
   -0.683552     0.171161    -0.268696
   -0.673877     0.186980    -0.282444
   -0.703731     0.117972    -0.256575
   -0.696817     0.133251    -0.268696
   -0.700385     0.124747    -0.264115
   -0.717797     0.079856    -0.228773
   -0.735936    -0.000869    -0.187739
   -0.736612    -0.003619    -0.184489
   -0.730833     0.026563    -0.205593
   -0.734326     0.006932    -0.194222
   -0.742645    -0.047175    -0.148410
   -0.742645    -0.074078    -0.121507
   -0.742666    -0.046921    -0.148447
   -0.741699    -0.064741    -0.139238
   -0.741989    -0.074695    -0.126708
   -0.742125    -0.052235    -0.147958
   -0.741410    -0.076740    -0.126257
   -0.738056    -0.093802    -0.106014
   -0.737647    -0.087493    -0.126257
   -0.734454    -0.097642    -0.123489
   -0.728283    -0.109232    -0.123210
   -0.731465    -0.102855    -0.125759
   -0.695721    -0.161055    -0.123210
   -0.686649    -0.177428    -0.115170
   -0.622386    -0.255448    -0.117596
   -0.631974    -0.242841    -0.125490
   -0.438699    -0.443547    -0.093617
   -0.464497    -0.413337    -0.117596
   -0.423850    -0.455959    -0.091274
   -0.407652    -0.470569    -0.077573
   -0.198704    -0.601860    -0.077573
   -0.195354    -0.604906    -0.071349
   -0.201136    -0.612353     0.001898
   -0.164627    -0.646613     0.168067
    0.025454    -0.682170    -0.071349
    0.024391    -0.683759    -0.056186
    0.048283    -0.681504    -0.100087
    0.224019    -0.701305    -0.100087
    0.250125    -0.703698    -0.101894
    0.252217    -0.703280    -0.104051
    0.308619    -0.703280    -0.047649
    0.273165    -0.698130    -0.128807
    0.313398    -0.693597    -0.128807
    0.315199    -0.696291    -0.103091
    0.323377    -0.694684    -0.093389
    0.329656    -0.688792    -0.121971
    0.327590    -0.686130    -0.148151
    0.333117    -0.687403    -0.116778
    0.343482    -0.675422    -0.152927
    0.333469    -0.679420    -0.168088
    0.340928    -0.672637    -0.181944
    0.352354    -0.669881    -0.134823
    0.368681    -0.643737    -0.188177
    0.344522    -0.665373    -0.201889
    0.349524    -0.657919    -0.215215
    0.360060    -0.647383    -0.215215
    0.367335    -0.642501    -0.202210
    0.392030    -0.603199    -0.202210
    0.416949    -0.571246    -0.170204
    0.444466    -0.523236    -0.149301
    0.457728    -0.501553    -0.130457
    0.527640    -0.301756    -0.130457
    0.532527    -0.289715    -0.125242
    0.573253    -0.166476    -0.088134
    0.637722     0.134245    -0.011685
    0.656517     0.301053    -0.011685
    0.668587     0.432719    -0.020800
    0.654907     0.432719    -0.065897
    0.651444     0.472177    -0.062657
    0.644976     0.521304    -0.062657
    0.641050     0.562073    -0.058228
    0.637153     0.568993    -0.063131
    0.629456     0.577875    -0.074138
    0.624347     0.590209    -0.074138
    0.619086     0.595800    -0.079540
    0.600714     0.609177    -0.098207
    0.591742     0.620870    -0.098207
    0.615641     0.597401    -0.084643
    0.577012     0.631562    -0.108762
    0.535587     0.650954    -0.137299
    0.522533     0.660971    -0.137299
    0.571538     0.632331    -0.116663
    0.492116     0.675443    -0.151645
    0.436307     0.685558    -0.187262
    0.436010     0.685681    -0.187262
    0.475786     0.673892    -0.174423
    0.336432     0.697316    -0.222375
    0.331540     0.697960    -0.222375
    0.379288     0.694102    -0.214914
    0.374585     0.693642    -0.218230
    0.280448     0.696678    -0.237358
    0.163822     0.686442    -0.227783
    0.103089     0.678447    -0.227783
   -0.144707     0.624602    -0.225629
   -0.084473     0.640898    -0.241504
   -0.237407     0.586205    -0.225629
   -0.421976     0.472858    -0.249439
   -0.395300     0.489172    -0.250826
   -0.452310     0.447589    -0.254027
   -0.573567     0.327321    -0.290041
   -0.617052     0.274115    -0.300474
   -0.627850     0.260042    -0.300474
   -0.610030     0.285681    -0.296207
   -0.631798     0.251744    -0.304388
   -0.643730     0.232233    -0.305402
   -0.654995     0.217075    -0.300020
   -0.674611     0.171315    -0.298207
   -0.656589     0.211682    -0.301774
   -0.672117     0.174194    -0.301774
   -0.689735     0.144465    -0.279184
   -0.714887     0.063479    -0.244341
   -0.715263     0.062748    -0.243479
   -0.704006     0.097245    -0.264115
   -0.718530     0.054958    -0.235604
   -0.736138    -0.002831    -0.186345
   -0.740371    -0.046119    -0.155825
   -0.738088    -0.078089    -0.135720
   -0.735972    -0.083196    -0.135720
   -0.729971    -0.103506    -0.129115
   -0.700769    -0.143280    -0.142130
   -0.698718    -0.147591    -0.140097
   -0.702433    -0.140559    -0.142271
   -0.623134    -0.246094    -0.140097
   -0.543266    -0.308696    -0.185236
   -0.479559    -0.372403    -0.185236
   -0.581203    -0.276531    -0.170145
   -0.369129    -0.430247    -0.247154
   -0.299565    -0.483625    -0.247154
   -0.376303    -0.425891    -0.244508
   -0.226004    -0.518622    -0.281848
   -0.195095    -0.589587    -0.122521
    0.025266    -0.599920    -0.344257
   -0.208431    -0.516953    -0.306361
   -0.074676    -0.556478    -0.349858
    0.026051    -0.598201    -0.349858
    0.047905    -0.669117    -0.140783
    0.252560    -0.638814    -0.316694
    0.045544    -0.592608    -0.374929
    0.069627    -0.594927    -0.377546
    0.204239    -0.612649    -0.377546
    0.268451    -0.645700    -0.299897
    0.273165    -0.662050    -0.247746
    0.333726    -0.671018    -0.195691
    0.311856    -0.639985    -0.299897
    0.332244    -0.645835    -0.273675
    0.337907    -0.658236    -0.233276
    0.342361    -0.658027    -0.228794
    0.339894    -0.646667    -0.262714
    0.344443    -0.653248    -0.239524
    0.332578    -0.645696    -0.273675
    0.338679    -0.646276    -0.265164
    0.345969    -0.652908    -0.237611
    0.347467    -0.648836    -0.244339
    0.344632    -0.646001    -0.255875
    0.357108    -0.645289    -0.228408
    0.360343    -0.630756    -0.246635
    0.350175    -0.638778    -0.255875
    0.362342    -0.628066    -0.245680
    0.381373    -0.607841    -0.226137
    0.447210    -0.448896    -0.226137
    0.448019    -0.447461    -0.225548
    0.455715    -0.429449    -0.220925
    0.581771    -0.078016    -0.097745
    0.622897     0.234366    -0.097745
    0.635722     0.380485    -0.109742
    0.641513     0.401806    -0.098570
    0.634960     0.481994    -0.091080
    0.628008     0.525886    -0.091080
    0.623471     0.578924    -0.084319
    0.615293     0.589755    -0.091091
    0.599106     0.601371    -0.106694
    0.594459     0.610492    -0.106694
    0.572270     0.626118    -0.123191
    0.572341     0.626039    -0.123174
    0.527794     0.647157    -0.151103
    0.522449     0.652503    -0.151103
    0.475926     0.673227    -0.175325
    0.468823     0.671613    -0.183277
    0.419564     0.684796    -0.201383
    0.470099     0.671574    -0.182348
    0.411108     0.686149    -0.205325
    0.332640     0.687397    -0.240783
    0.311267     0.689225    -0.243508
    0.307203     0.689869    -0.243508
    0.373072     0.692835    -0.220063
    0.364232     0.690908    -0.225884
    0.280448     0.692055    -0.246007
    0.234378     0.676009    -0.264681
    0.142215     0.668477    -0.256072
    0.274935     0.688343    -0.251594
    0.269730     0.686313    -0.254110
   -0.084524     0.640606    -0.242002
    0.025842     0.650045    -0.256072
   -0.136088     0.601669    -0.274248
   -0.204035     0.584686    -0.253773
   -0.387282     0.491317    -0.253773
   -0.578215     0.317496    -0.296207
   -0.622304     0.262325    -0.306612
   -0.647526     0.218046    -0.310617
   -0.656112     0.201197    -0.310617
   -0.659466     0.187778    -0.314660
   -0.664845     0.180654    -0.310205
   -0.670534     0.174472    -0.304466
   -0.682628     0.128177    -0.296134
   -0.684924     0.125582    -0.292836
   -0.675477     0.143264    -0.304466
   -0.726849     0.022310    -0.211999
   -0.712595     0.049012    -0.244341
   -0.735222    -0.066716    -0.149618
   -0.707783    -0.120570    -0.149618
   -0.448821    -0.353373    -0.244508
   -0.230606    -0.491954    -0.319275
   -0.209752    -0.510666    -0.314891
   -0.055415    -0.551971    -0.371619
   -0.048873    -0.555304    -0.371619
    0.043030    -0.578275    -0.399314
    0.054659    -0.572067    -0.413399
    0.080155    -0.566510    -0.430189
    0.103380    -0.568496    -0.433150
    0.146533    -0.575331    -0.433150
    0.155732    -0.576083    -0.434009
    0.204239    -0.608747    -0.384847
    0.311637    -0.636901    -0.305722
    0.205159    -0.608671    -0.384761
    0.310758    -0.635579    -0.308411
    0.250811    -0.601441    -0.384761
    0.253351    -0.601224    -0.384437
    0.265558    -0.606152    -0.372430
    0.303815    -0.626573    -0.326094
    0.308268    -0.630207    -0.318501
    0.324187    -0.637472    -0.295138
    0.330899    -0.641968    -0.281790
    0.321458    -0.634009    -0.302512
    0.321005    -0.633820    -0.303150
    0.334480    -0.642077    -0.277168
    0.333294    -0.641686    -0.279273
    0.323429    -0.633910    -0.300282
    0.359476    -0.565083    -0.298796
    0.357935    -0.566189    -0.300282
    0.458760    -0.393838    -0.225464
    0.536760     0.098632    -0.225464
    0.542698     0.171289    -0.232251
    0.608534     0.340110    -0.150662
    0.600873     0.442558    -0.140225
    0.583363     0.530585    -0.140225
    0.578204     0.603448    -0.129731
    0.571026     0.611252    -0.133447
    0.539535     0.625362    -0.153693
    0.524843     0.647350    -0.153693
    0.406932     0.685778    -0.208226
    0.467335     0.671153    -0.184611
    0.401124     0.686459    -0.210871
    0.324026     0.684926    -0.245488
    0.302703     0.686436    -0.248559
    0.300596     0.686424    -0.248980
    0.092101     0.628469    -0.295150
    0.145838     0.632487    -0.300624
   -0.035251     0.603137    -0.295150
   -0.136656     0.595956    -0.280545
   -0.311097     0.484544    -0.306699
   -0.240299     0.500635    -0.329897
   -0.578996     0.305540    -0.306699
   -0.581461     0.299969    -0.309616
   -0.618882     0.262548    -0.309616
   -0.623964     0.241557    -0.317822
   -0.646604     0.207674    -0.317822
   -0.650933     0.188626    -0.324064
   -0.658752     0.161942    -0.321241
   -0.648286     0.184928    -0.327868
   -0.651768     0.167424    -0.327868
   -0.707932     0.049687    -0.250154
   -0.682580     0.127539    -0.296069
   -0.685517     0.052037    -0.275882
   -0.692781     0.048181    -0.266852
   -0.671466     0.071662    -0.296069
   -0.413071    -0.355707    -0.275882
   -0.231283    -0.481593    -0.328368
   -0.312799    -0.400077    -0.328368
   -0.093002    -0.515074    -0.382431
   -0.039853    -0.550587    -0.382431
    0.101298    -0.551372    -0.451938
    0.135236    -0.558123    -0.451938
    0.155732    -0.570480    -0.440837
    0.142811    -0.558689    -0.452710
    0.155670    -0.570203    -0.441161
    0.200345    -0.561317    -0.441161
    0.206110    -0.564086    -0.436759
    0.250513    -0.595877    -0.391084
    0.299775    -0.620253    -0.335821
    0.278138    -0.607270    -0.363691
    0.299527    -0.620004    -0.336257
    0.254994    -0.592883    -0.391084
    0.267663    -0.596796    -0.379725
    0.295296    -0.572412    -0.369319
    0.286925    -0.567969    -0.379725
    0.282083    -0.561206    -0.386682
    0.282934    -0.549179    -0.388414
    0.362656    -0.148394    -0.388414
    0.373275    -0.131319    -0.380292
    0.496859     0.120098    -0.278227
    0.486841     0.263281    -0.263075
    0.442650     0.428205    -0.263075
    0.433399     0.595233    -0.237135
    0.452788     0.621196    -0.217886
    0.463716     0.628528    -0.208467
    0.388589     0.685395    -0.217886
    0.319047     0.681208    -0.249179
    0.304743     0.682000    -0.251401
    0.295329     0.684522    -0.251401
    0.065463     0.576673    -0.333309
    0.042488     0.575066    -0.330878
    0.136337     0.622312    -0.307424
    0.117667     0.605826    -0.317906
   -0.240356     0.499278    -0.330878
   -0.432555     0.295460    -0.386909
   -0.458679     0.289547    -0.378331
   -0.251278     0.480783    -0.339199
   -0.583484     0.164742    -0.378331
   -0.593988     0.165268    -0.372641
   -0.618908     0.181986    -0.351161
   -0.633089     0.181394    -0.340916
   -0.628045     0.167424    -0.347336
   -0.594129     0.164740    -0.372641
   -0.617347     0.164740    -0.355678
   -0.649077     0.076868    -0.315293
   -0.519700     0.121684    -0.418591
   -0.513222     0.116540    -0.422317
   -0.500935     0.070683    -0.422317
   -0.287958    -0.107419    -0.492155
   -0.399653     0.010875    -0.467887
   -0.290584    -0.095812    -0.495966
    0.099382    -0.494759    -0.492155
    0.099182    -0.498761    -0.489987
    0.101251    -0.502264    -0.488411
    0.102996    -0.544068    -0.458210
    0.141531    -0.530154    -0.475919
    0.138759    -0.512314    -0.488411
    0.141531    -0.517106    -0.485452
    0.142811    -0.535258    -0.471940
    0.193704    -0.553635    -0.448550
    0.154714    -0.513574    -0.485452
    0.178992    -0.531706    -0.467452
    0.228059    -0.565949    -0.424475
    0.179598    -0.531100    -0.467452
    0.227849    -0.563471    -0.425862
    0.158137    -0.502365    -0.488756
    0.197822    -0.354259    -0.488756
    0.207774    -0.341031    -0.484076
    0.263800    -0.240702    -0.454474
    0.253518    -0.105424    -0.440595
    0.159014     0.122729    -0.440595
    0.151692     0.255010    -0.420050
    0.268216     0.543466    -0.317906
    0.315975     0.591225    -0.288674
   -0.071700     0.417136    -0.398938
   -0.110364     0.326064    -0.431423
   -0.429093     0.194042    -0.431423
   -0.450880     0.140281    -0.444994
   -0.451328     0.140099    -0.444881
   -0.527144     0.142688    -0.411604
   -0.467110     0.101997    -0.444881
   -0.391030     0.036586    -0.476179
   -0.390686     0.036173    -0.476303
   -0.269259    -0.058648    -0.511858
   -0.254377    -0.094576    -0.511858
    0.080859    -0.390050    -0.528734
    0.089775    -0.404355    -0.526447
    0.102544    -0.435863    -0.518494
    0.100643    -0.491538    -0.494057
   -0.193809    -0.119122    -0.527147
   -0.169391    -0.134342    -0.531051
    0.063961    -0.367693    -0.531051
    0.116598    -0.445527    -0.516830
    0.131490    -0.480605    -0.504319
    0.112802    -0.440112    -0.518494
    0.114693    -0.442534    -0.517784
    0.132083    -0.481294    -0.504035
    0.134477    -0.485177    -0.502303
    0.138759    -0.498751    -0.495660
    0.150547    -0.502929    -0.491739
    0.150487    -0.501187    -0.492503
    0.155572    -0.501360    -0.490272
    0.118337    -0.447265    -0.516085
    0.128070    -0.423766    -0.516085
    0.128846    -0.413562    -0.517132
    0.106609    -0.413562    -0.523877
    0.106557    -0.413537    -0.523890
    0.061268    -0.363351    -0.531322
    0.060183    -0.361406    -0.531407
    0.048503    -0.273308    -0.523880
   -0.166329    -0.058476    -0.523880
   -0.181147     0.000619    -0.516600
   -0.181147     0.034100    -0.511096
   -0.110364     0.181886    -0.475159
   -0.407999     0.097400    -0.463390
   -0.249756    -0.067989    -0.516600
   -0.167189    -0.134894    -0.531322
    0.102173    -0.417921    -0.523890
   -0.166329    -0.134894    -0.531407
     1      2      3
     1      3      4
     5      6      7
     5      7      8
     9     10     11
     9     11     12
     9     12     13
     8      7     14
     8     14     15
    16     17     18
    16     18     19
    16     19     20
    18     21     22
    18     22     23
    18     23     19
    24     25     17
    24     17     16
    23     22     26
    23     26      2
    23      2      1
    27      6      5
    27      5     28
    29     30     14
    29     14      7
    29      7      6
    29      6     27
    31     32     33
    31     33     34
    35     36     31
    35     31     34
    35     34     37
    37     34     33
    37     33     38
    37     38     39
    37     39     40
    37     40     41
    13     12     35
    13     35     37
    13     37     41
    13     41     42
    43     15     14
    43     14     30
    43     30     10
    43     10      9
    44     28      5
    44      5      8
    44      8     15
    44     15     43
    44     43     45
    46     47     48
    46     48     49
    49     48     50
    49     50     51
    49     51     52
    53     54     55
    53     55     56
    53     56     47
    53     47     46
    51     50     57
    51     57     58
    51     58     59
    51     59     25
    51     25     24
    56     60     57
    56     57     50
    56     50     48
    56     48     47
    59     61     62
    59     62     21
    59     21     18
    59     18     17
    59     17     25
    62     63     26
    62     26     22
    62     22     21
     3      2     26
     3     26     63
     3     63     64
     3     64     65
     3     65     29
     3     29     27
     3     27     28
     3     28     44
    65     66     11
    65     11     10
    65     10     30
    65     30     29
    11     66     67
    11     67     36
    11     36     35
    11     35     12
    68     69     70
    68     70     71
    33     32     72
    33     72     71
    33     71     70
    33     70     38
    38     70     69
    38     69     73
    38     73     74
    38     74     75
    38     75     39
    40     39     75
    40     75     76
    76     75     74
    76     74     77
    76     77     78
    76     78     79
    76     79     80
    81     80     79
    81     79     82
    81     82     83
    81     83     84
    42     41     40
    42     40     76
    42     76     80
    42     80     81
    42     81     85
    86     45     43
    86     43      9
    86      9     13
    86     13     42
    86     42     85
    86     85     87
    88      4      3
    88      3     44
    88     44     45
    88     45     86
    20     19     23
    20     23      1
    20      1      4
    20      4     88
    20     88     89
    90     91     92
    90     92     93
    90     93     94
    92     91     95
    92     95     54
    92     54     53
    96     97     98
    96     98     99
    96     99    100
    96    100     95
    96     95     91
    96     91     90
   100    101    102
   100    102    103
   100    103     55
   100     55     54
   100     54     95
    99    104    105
    99    105    101
    99    101    100
    55    103    106
    55    106     60
    55     60     56
   102    107    108
   102    108    109
   102    109    106
   102    106    103
    57     60    106
    57    106    109
    57    109    110
    57    110    111
    57    111     58
    58    111    112
    58    112    113
    58    113     61
    58     61     59
   112    114    115
   112    115    116
   112    116    113
   113    116    117
   113    117     64
   113     64     63
   113     63     62
   113     62     61
    64    117    118
    64    118    119
    64    119    120
    64    120    121
    64    121     67
    64     67     66
    64     66     65
   121     72     32
   121     32     31
   121     31     36
   121     36     67
   120    122    123
   120    123     68
   120     68     71
   120     71     72
   120     72    121
   124    125    126
   124    126    123
   124    123    122
   123    126    127
   123    127     73
   123     73     69
   123     69     68
   127    126    125
   127    125    128
   127    128    129
   127    129    130
   127    130    131
    74     73    127
    74    127    131
    74    131     77
    77    131    130
    77    130    132
    77    132    133
    77    133    134
    77    134     78
    79     78    134
    79    134     82
    82    134    133
    82    133    135
    82    135     83
   136    137    138
   136    138    139
   136    139    140
    84     83    135
    84    135    137
    84    137    136
   141    142    143
   141    143    144
   141    144    145
    87     85     81
    87     81     84
    87     84    136
    87    136    140
    87    140    142
    87    142    141
   146     89     88
   146     88     86
   146     86     87
   146     87    141
   146    141    145
   146    145    147
   146    147    148
   149     52     51
   149     51     24
   149     24     16
   149     16     20
   149     20     89
   149     89    146
   150     93     92
   150     92     53
   150     53     46
   150     46     49
   150     49     52
   150     52    149
   151    152    153
   151    153    154
   151    154    155
   155    154    156
   155    156     97
   155     97     96
   153    157    158
   153    158    159
   153    159    156
   153    156    154
   156    159    160
   156    160    161
   156    161     98
   156     98     97
   158    162    163
   158    163    164
   158    164    160
   158    160    159
    98    161    165
    98    165    104
    98    104     99
   160    164    165
   160    165    161
   105    166    107
   105    107    102
   105    102    101
   167    168    169
   167    169    108
   167    108    107
   167    107    166
   109    108    169
   109    169    170
   109    170    171
   109    171    110
   110    171    172
   110    172    114
   110    114    112
   110    112    111
   173    174    175
   173    175    176
   173    176    177
   172    177    176
   172    176    115
   172    115    114
   175    174    178
   175    178    179
   175    179    180
   175    180    181
   175    181    182
   115    176    175
   115    175    182
   115    182    183
   115    183    184
   115    184    118
   115    118    117
   115    117    116
   118    184    185
   118    185    186
   118    186    187
   118    187    188
   118    188    189
   118    189    119
   119    189    190
   119    190    191
   119    191    192
   119    192    193
   119    193    124
   119    124    122
   119    122    120
   188    194    195
   188    195    196
   188    196    197
   188    197    198
   188    198    190
   188    190    189
   191    199    200
   191    200    201
   191    201    192
   192    201    202
   192    202    193
   200    203    204
   200    204    205
   200    205    202
   200    202    201
   193    202    205
   193    205    128
   193    128    125
   193    125    124
   129    128    205
   129    205    204
   129    204    206
   129    206    207
   132    130    129
   132    129    207
   132    207    208
   208    207    206
   208    206    209
   208    209    210
   208    210    211
   208    211    212
   135    133    132
   135    132    208
   135    208    212
   135    212    138
   135    138    137
   138    212    211
   138    211    213
   138    213    139
   143    214    215
   143    215    216
   143    216    217
   143    217    144
   140    139    213
   140    213    214
   140    214    143
   140    143    142
   218    219    220
   145    144    217
   145    217    219
   145    219    218
   145    218    147
   221    222    223
   221    223    224
   221    224    225
   221    225    226
   148    147    218
   148    218    220
   148    220    227
   148    227    228
   148    228    221
   148    221    226
   148    226    229
   148    229    230
   231    232    150
   231    150    149
   231    149    146
   231    146    148
   231    148    230
   231    230    233
   234     94     93
   234     93    150
   234    150    232
   235    236    151
   235    151    155
   235    155     96
   235     96     90
   235     90     94
   235     94    234
   237    238    239
   237    239    240
   237    240    241
   241    240    242
   241    242    152
   241    152    151
   241    151    236
   239    243    244
   239    244    245
   239    245    242
   239    242    240
   242    245    246
   242    246    157
   242    157    153
   242    153    152
   244    247    248
   244    248    249
   244    249    246
   244    246    245
   246    249    250
   246    250    251
   246    251    162
   246    162    158
   246    158    157
   248    252    253
   248    253    254
   248    254    250
   248    250    249
   251    255    163
   251    163    162
   250    254    256
   250    256    257
   250    257    255
   250    255    251
   165    164    163
   165    163    255
   165    255    257
   165    257    167
   165    167    166
   165    166    105
   165    105    104
   257    256    258
   257    258    168
   257    168    167
   169    168    258
   169    258    259
   169    259    260
   169    260    261
   169    261    170
   170    261    262
   170    262    263
   170    263    173
   170    173    177
   170    177    172
   170    172    171
   262    264    179
   262    179    178
   262    178    263
   263    178    174
   263    174    173
   180    265    266
   180    266    267
   180    267    181
   182    181    267
   182    267    268
   182    268    183
   183    268    269
   183    269    270
   183    270    271
   183    271    185
   183    185    184
   185    271    272
   185    272    273
   185    273    186
   186    273    274
   186    274    275
   186    275    276
   186    276    277
   186    277    278
   186    278    187
   187    278    279
   187    279    280
   187    280    281
   187    281    194
   187    194    188
   277    282    283
   277    283    284
   277    284    285
   277    285    279
   277    279    278
   281    286    195
   281    195    194
   195    286    287
   195    287    196
   197    288    289
   197    289    198
   190    198    289
   190    289    290
   190    290    199
   190    199    191
   290    291    292
   290    292    203
   290    203    200
   290    200    199
   206    204    203
   206    203    292
   206    292    293
   206    293    294
   206    294    209
   294    293    295
   294    295    296
   294    296    297
   210    209    294
   210    294    297
   210    297    298
   298    297    296
   298    296    299
   298    299    300
   298    300    301
   213    211    210
   213    210    298
   213    298    301
   213    301    302
   213    302    215
   213    215    214
   216    215    302
   216    302    303
   216    303    304
   216    304    305
   216    305    306
   216    306    307
   227    307    306
   227    306    308
   227    308    309
   227    309    310
   227    310    311
   227    311    312
   227    312    228
   220    219    217
   220    217    216
   220    216    307
   220    307    227
   313    314    315
   313    315    223
   313    223    222
   228    312    313
   228    313    222
   228    222    221
   316    317    318
   316    318    319
   225    224    316
   225    316    319
   225    319    320
   229    226    225
   229    225    320
   229    320    321
   229    321    322
   229    322    323
   233    230    229
   233    229    323
   233    323    324
   233    324    325
   233    325    326
   233    326    327
   233    327    328
   329    330    231
   329    231    233
   329    233    328
   329    328    331
   332    333    235
   332    235    234
   332    234    232
   332    232    231
   332    231    330
   334    335    336
   334    336    237
   334    237    241
   334    241    236
   334    236    235
   334    235    333
   337    338    339
   337    339    336
   337    336    335
   336    339    340
   336    340    238
   336    238    237
   341    342    343
   341    343    340
   341    340    339
   341    339    338
   340    343    344
   340    344    243
   340    243    239
   340    239    238
   345    346    347
   345    347    344
   345    344    343
   345    343    342
   344    347    348
   344    348    247
   344    247    244
   344    244    243
   349    350    351
   349    351    348
   349    348    347
   349    347    346
   348    351    352
   348    352    252
   348    252    248
   348    248    247
   353    354    352
   353    352    351
   353    351    350
   352    354    355
   352    355    253
   352    253    252
   356    357    358
   356    358    355
   356    355    354
   356    354    353
   253    355    358
   253    358    359
   253    359    360
   253    360    361
   253    361    259
   253    259    258
   253    258    256
   253    256    254
   360    362    363
   360    363    364
   360    364    361
   259    361    364
   259    364    365
   259    365    366
   259    366    367
   259    367    368
   259    368    369
   259    369    260
   260    369    370
   260    370    371
   260    371    372
   260    372    264
   260    264    262
   260    262    261
   371    373    374
   371    374    375
   371    375    376
   371    376    372
   372    376    265
   372    265    180
   372    180    179
   372    179    264
   375    377    266
   375    266    265
   375    265    376
   267    266    377
   267    377    378
   267    378    269
   267    269    268
   269    378    379
   269    379    380
   269    380    381
   269    381    270
   270    381    382
   270    382    272
   270    272    271
   272    382    383
   272    383    384
   272    384    385
   272    385    274
   272    274    273
   274    385    386
   274    386    387
   274    387    388
   274    388    275
   275    388    389
   275    389    390
   275    390    391
   275    391    392
   275    392    393
   275    393    276
   276    393    394
   276    394    395
   276    395    282
   276    282    277
   392    396    397
   392    397    398
   392    398    399
   392    399    394
   392    394    393
   395    400    283
   395    283    282
   283    400    401
   283    401    284
   279    285    402
   279    402    403
   279    403    280
   280    403    404
   280    404    287
   280    287    286
   280    286    281
   196    287    404
   196    404    405
   196    405    406
   196    406    288
   196    288    197
   289    288    406
   289    406    407
   289    407    408
   289    408    291
   289    291    290
   292    291    408
   292    408    409
   292    409    410
   292    410    295
   292    295    293
   296    295    410
   296    410    411
   296    411    299
   300    299    411
   300    411    412
   300    412    413
   302    301    300
   302    300    413
   302    413    414
   302    414    415
   302    415    303
   303    415    416
   303    416    304
   306    305    417
   306    417    418
   306    418    419
   306    419    308
   308    419    420
   308    420    309
   310    421    422
   310    422    423
   310    423    424
   310    424    425
   310    425    311
   311    425    426
   311    426    314
   311    314    313
   311    313    312
   426    427    428
   426    428    429
   426    429    315
   426    315    314
   223    315    429
   223    429    317
   223    317    316
   223    316    224
   318    317    429
   318    429    428
   318    428    430
   318    430    431
   320    319    318
   320    318    431
   320    431    432
   320    432    321
   321    432    433
   321    433    434
   321    434    322
   323    322    434
   323    434    435
   323    435    436
   323    436    324
   324    436    437
   324    437    325
   331    328    327
   331    327    438
   331    438    439
   331    439    440
   441    329    331
   441    331    440
   441    440    442
   443    444    334
   443    334    333
   443    333    332
   445    446    447
   445    447    337
   445    337    335
   445    335    334
   445    334    444
   448    447    446
   448    446    449
   450    451    341
   450    341    338
   450    338    337
   450    337    447
   450    447    448
   452    453    454
   452    454    455
   452    455    451
   452    451    450
   455    456    345
   455    345    342
   455    342    341
   455    341    451
   454    457    458
   454    458    459
   454    459    456
   454    456    455
   459    460    349
   459    349    346
   459    346    345
   459    345    456
   458    461    462
   458    462    463
   458    463    460
   458    460    459
   463    464    356
   463    356    353
   463    353    350
   463    350    349
   463    349    460
   462    465    466
   462    466    464
   462    464    463
   466    467    357
   466    357    356
   466    356    464
   468    359    358
   468    358    357
   468    357    467
   469    470    362
   469    362    360
   469    360    359
   469    359    468
   469    468    471
   472    363    362
   472    362    470
   472    470    473
   472    473    474
   472    474    475
   476    365    364
   476    364    363
   476    363    472
   476    472    477
   478    366    365
   478    365    476
   478    476    479
   478    479    480
   481    482    367
   481    367    366
   481    366    478
   481    478    483
   481    483    484
   367    482    485
   367    485    486
   367    486    487
   367    487    368
   368    487    488
   368    488    489
   368    489    490
   368    490    370
   368    370    369
   370    490    491
   370    491    373
   370    373    371
   491    492    493
   491    493    494
   491    494    374
   491    374    373
   374    494    379
   374    379    378
   374    378    377
   374    377    375
   379    494    493
   379    493    495
   379    495    496
   379    496    380
   380    496    497
   380    497    383
   380    383    382
   380    382    381
   383    497    498
   383    498    499
   383    499    500
   383    500    384
   384    500    501
   384    501    502
   384    502    386
   384    386    385
   386    502    503
   386    503    504
   386    504    505
   386    505    387
   387    505    506
   387    506    507
   387    507    389
   387    389    388
   389    507    508
   389    508    509
   389    509    510
   389    510    390
   391    511    512
   391    512    396
   391    396    392
   513    514    512
   513    512    511
   513    511    515
   512    514    516
   512    516    517
   512    517    397
   512    397    396
   397    517    518
   397    518    398
   519    399    398
   519    398    518
   519    518    520
   394    399    519
   394    519    521
   394    521    401
   394    401    400
   394    400    395
   284    401    521
   284    521    522
   284    522    523
   284    523    524
   284    524    402
   284    402    285
   402    524    525
   402    525    405
   402    405    404
   402    404    403
   405    525    526
   405    526    527
   405    527    528
   405    528    407
   405    407    406
   409    408    407
   409    407    528
   409    528    529
   411    410    409
   411    409    529
   411    529    530
   411    530    531
   411    531    532
   411    532    412
   413    412    532
   413    532    533
   413    533    414
   414    533    534
   414    534    416
   414    416    415
   304    416    534
   304    534    535
   304    535    417
   304    417    305
   417    535    536
   417    536    418
   309    420    537
   309    537    421
   309    421    310
   537    538    539
   537    539    422
   537    422    421
   423    540    541
   423    541    424
   424    541    542
   424    542    543
   424    543    427
   424    427    426
   424    426    425
   542    544    545
   542    545    546
   542    546    543
   428    427    543
   428    543    546
   428    546    547
   428    547    430
   547    546    545
   547    545    548
   547    548    549
   431    430    547
   431    547    549
   431    549    550
   431    550    433
   431    433    432
   550    549    548
   550    548    551
   550    551    552
   550    552    553
   550    553    554
   434    433    550
   434    550    554
   434    554    435
   435    554    553
   435    553    555
   435    555    556
   435    556    437
   435    437    436
   325    437    556
   325    556    557
   325    557    558
   325    558    559
   325    559    326
   327    326    559
   327    559    560
   327    560    438
   442    440    439
   442    439    561
   442    561    562
   442    562    563
   442    563    564
   442    564    565
   442    565    441
   566    567    445
   566    445    444
   566    444    443
   566    443    568
   569    449    446
   569    446    445
   569    445    567
   570    571    452
   570    452    450
   570    450    448
   570    448    449
   570    449    569
   572    573    453
   572    453    452
   572    452    571
   574    575    457
   574    457    454
   574    454    453
   574    453    573
   576    577    578
   576    578    575
   576    575    574
   578    579    461
   578    461    458
   578    458    457
   578    457    575
   580    581    582
   580    582    579
   580    579    578
   580    578    577
   580    577    583
   582    584    465
   582    465    462
   582    462    461
   582    461    579
   585    586    584
   585    584    582
   585    582    581
   585    581    587
   588    471    468
   588    468    467
   588    467    466
   588    466    465
   588    465    584
   588    584    586
   589    590    469
   589    469    471
   589    471    588
   589    588    591
   473    470    469
   473    469    590
   592    475    474
   592    474    593
   594    477    472
   594    472    475
   594    475    592
   595    480    479
   595    479    596
   595    596    597
   598    483    478
   598    478    480
   598    480    595
   599    600    481
   599    481    484
   599    484    601
   602    485    482
   602    482    481
   602    481    600
   603    604    488
   603    488    487
   603    487    486
   603    486    605
   488    604    606
   488    606    607
   488    607    489
   489    607    608
   489    608    609
   489    609    492
   489    492    491
   489    491    490
   610    495    493
   610    493    492
   610    492    609
   610    609    611
   498    497    496
   498    496    495
   498    495    610
   498    610    612
   498    612    613
   614    615    499
   614    499    498
   614    498    613
   614    613    616
   614    616    617
   618    501    500
   618    500    499
   618    499    615
   618    615    619
   618    619    620
   621    503    502
   621    502    501
   621    501    618
   621    618    622
   621    622    623
   624    504    503
   624    503    621
   624    621    625
   626    506    505
   626    505    504
   626    504    624
   626    624    627
   626    627    628
   629    508    507
   629    507    506
   629    506    626
   630    631    510
   630    510    509
   630    509    632
   630    632    633
   390    510    631
   390    631    515
   390    515    511
   390    511    391
   634    635    516
   634    516    514
   634    514    513
   634    513    636
   637    638    635
   637    635    634
   637    634    639
   520    518    517
   520    517    516
   520    516    635
   520    635    638
   520    638    640
   520    640    641
   641    640    642
   641    642    643
   644    522    521
   644    521    519
   644    519    520
   644    520    641
   644    641    643
   644    643    645
   646    647    523
   646    523    522
   646    522    644
   648    526    525
   648    525    524
   648    524    523
   648    523    647
   648    647    649
   650    527    526
   650    526    648
   650    648    651
   529    528    527
   529    527    650
   529    650    652
   529    652    653
   529    653    530
   531    530    653
   531    653    654
   531    654    655
   531    655    656
   534    533    532
   534    532    531
   534    531    656
   534    656    657
   534    657    536
   534    536    535
   657    656    655
   657    655    658
   657    658    659
   418    536    657
   418    657    659
   418    659    538
   418    538    537
   418    537    420
   418    420    419
   659    658    660
   659    660    661
   659    661    539
   659    539    538
   422    539    661
   422    661    662
   422    662    540
   422    540    423
   662    663    664
   662    664    544
   662    544    542
   662    542    541
   662    541    540
   664    663    665
   664    665    666
   664    666    667
   548    545    544
   548    544    664
   548    664    667
   548    667    668
   548    668    551
   669    668    667
   669    667    666
   669    666    670
   551    668    669
   551    669    671
   551    671    552
   672    671    669
   672    669    670
   672    670    673
   672    673    674
   553    552    671
   553    671    672
   553    672    675
   553    675    555
   676    675    672
   676    672    674
   676    674    677
   676    677    678
   676    678    679
   676    679    680
   556    555    675
   556    675    676
   556    676    557
   558    557    676
   558    676    680
   558    680    681
   558    681    682
   560    559    558
   560    558    682
   560    682    683
   560    683    684
   439    438    560
   439    560    684
   439    684    685
   439    685    686
   439    686    561
   562    561    686
   562    686    687
   562    687    563
   564    688    689
   564    689    566
   564    566    568
   564    568    565
   689    690    570
   689    570    569
   689    569    567
   689    567    566
   691    692    572
   691    572    571
   691    571    570
   691    570    690
   693    694    576
   693    576    574
   693    574    573
   693    573    572
   693    572    692
   695    583    577
   695    577    576
   695    576    694
   696    697    580
   696    580    583
   696    583    695
   698    587    581
   698    581    580
   698    580    697
   699    700    585
   699    585    587
   699    587    698
   699    698    701
   702    591    588
   702    588    586
   702    586    585
   702    585    700
   703    704    589
   703    589    591
   703    591    702
   703    702    705
   593    474    473
   593    473    590
   593    590    589
   593    589    704
   593    704    706
   707    708    594
   707    594    592
   707    592    593
   707    593    706
   707    706    709
   596    479    476
   596    476    477
   596    477    594
   596    594    708
   710    711    598
   710    598    595
   710    595    597
   710    597    712
   710    712    713
   601    484    483
   601    483    598
   601    598    711
   714    715    602
   714    602    600
   714    600    599
   716    605    486
   716    486    485
   716    485    602
   716    602    715
   717    606    604
   717    604    603
   717    603    718
   719    608    607
   719    607    606
   719    606    717
   720    612    610
   720    610    611
   720    611    721
   722    616    613
   722    613    612
   722    612    720
   723    619    615
   723    615    614
   724    725    622
   724    622    618
   724    618    620
   724    620    726
   623    622    725
   623    725    727
   623    727    728
   623    728    729
   730    625    621
   730    621    623
   730    623    729
   730    729    731
   730    731    732
   733    627    624
   733    624    625
   733    625    730
   734    735    629
   734    629    626
   734    626    628
   734    628    736
   509    508    629
   509    629    735
   509    735    737
   509    737    632
   738    636    513
   738    513    515
   738    515    631
   738    631    630
   739    639    634
   739    634    636
   739    636    738
   642    640    638
   642    638    637
   642    637    740
   645    643    642
   645    642    740
   645    740    741
   645    741    742
   743    744    646
   743    646    644
   743    644    645
   743    645    742
   743    742    745
   649    647    646
   649    646    744
   649    744    746
   747    748    651
   747    651    648
   747    648    649
   747    649    746
   747    746    749
   750    751    652
   750    652    650
   750    650    651
   750    651    748
   750    748    752
   654    653    652
   654    652    751
   654    751    753
   654    753    754
   755    754    753
   755    753    756
   755    756    757
   755    757    758
   660    658    655
   660    655    654
   660    654    754
   660    754    755
   660    755    759
   760    759    755
   760    755    758
   760    758    761
   760    761    762
   760    762    763
   764    765    665
   764    665    663
   764    663    662
   764    662    661
   764    661    660
   764    660    759
   764    759    760
   670    666    665
   670    665    765
   670    765    766
   670    766    673
   766    765    764
   766    764    767
   766    767    768
   766    768    769
   674    673    766
   674    766    769
   674    769    770
   674    770    677
   771    772    770
   771    770    769
   771    769    768
   771    768    773
   771    773    774
   677    770    772
   677    772    775
   677    775    678
   776    775    772
   776    772    771
   776    771    777
   678    775    776
   678    776    778
   678    778    679
   779    778    776
   779    776    777
   779    777    780
   680    679    778
   680    778    779
   680    779    781
   680    781    782
   680    782    681
   682    681    782
   682    782    783
   682    783    784
   682    784    683
   684    683    784
   684    784    785
   684    785    685
   563    687    786
   563    786    787
   563    787    688
   563    688    564
   787    788    789
   787    789    691
   787    691    690
   787    690    689
   787    689    688
   789    790    693
   789    693    692
   789    692    691
   791    792    696
   791    696    695
   791    695    694
   791    694    693
   791    693    790
   793    701    698
   793    698    697
   793    697    696
   793    696    792
   794    795    699
   794    699    701
   794    701    793
   796    705    702
   796    702    700
   796    700    699
   796    699    795
   796    795    797
   798    799    703
   798    703    705
   798    705    796
   709    706    704
   709    704    703
   709    703    799
   709    799    800
   801    802    707
   801    707    709
   801    709    800
   801    800    803
   712    597    596
   712    596    708
   712    708    707
   712    707    802
   712    802    804
   805    806    807
   805    807    710
   805    710    713
   805    713    808
   805    808    809
   807    810    714
   807    714    599
   807    599    601
   807    601    711
   807    711    710
   811    812    716
   811    716    715
   811    715    714
   811    714    810
   811    810    813
   811    813    814
   815    718    603
   815    603    605
   815    605    716
   815    716    812
   815    812    816
   817    818    719
   817    719    717
   817    717    718
   817    718    815
   721    611    609
   721    609    608
   721    608    719
   721    719    818
   721    818    819
   617    616    722
   726    620    619
   726    619    723
   726    723    820
   821    727    725
   821    725    724
   729    728    822
   729    822    823
   729    823    731
   732    731    823
   732    823    824
   732    824    825
   732    825    826
   827    828    733
   827    733    730
   827    730    732
   827    732    826
   827    826    829
   736    628    627
   736    627    733
   736    733    828
   633    632    737
   633    737    830
   830    737    735
   830    735    734
   830    734    831
   741    740    637
   741    637    639
   741    639    739
   741    739    832
   745    742    741
   745    741    832
   745    832    833
   749    746    744
   749    744    743
   752    748    747
   752    747    834
   753    751    750
   753    750    835
   753    835    836
   753    836    756
   756    836    837
   756    837    838
   756    838    757
   758    757    838
   758    838    839
   758    839    761
   761    839    840
   761    840    841
   761    841    842
   761    842    843
   761    843    762
   763    762    843
   763    843    844
   763    844    845
   846    767    764
   846    764    760
   846    760    763
   846    763    845
   846    845    847
   846    847    848
   848    847    849
   848    849    850
   848    850    851
   848    851    852
   848    852    853
   773    768    767
   773    767    846
   773    846    854
   773    854    855
   856    854    846
   856    846    848
   856    848    853
   856    853    857
   858    774    773
   858    773    855
   858    855    859
   859    855    854
   859    854    856
   859    856    860
   780    777    771
   780    771    774
   780    774    858
   861    781    779
   861    779    780
   861    780    858
   861    858    859
   861    859    860
   861    860    862
   783    782    781
   783    781    861
   686    685    785
   686    785    863
   686    863    864
   686    864    786
   686    786    687
   786    864    865
   786    865    866
   786    866    788
   786    788    787
   866    867    791
   866    791    790
   866    790    789
   866    789    788
   868    869    794
   868    794    793
   868    793    792
   868    792    791
   868    791    867
   870    797    795
   870    795    794
   870    794    869
   871    872    798
   871    798    796
   871    796    797
   871    797    870
   803    800    799
   803    799    798
   803    798    872
   873    804    802
   873    802    801
   873    801    874
   875    808    713
   875    713    712
   875    712    804
   875    804    873
   876    877    806
   876    806    805
   878    813    810
   878    810    807
   878    807    806
   878    806    877
   879    816    812
   879    812    811
   879    811    880
   881    882    817
   881    817    815
   881    815    816
   881    816    879
   883    819    818
   883    818    817
   883    817    882
   883    882    884
   885    820    723
   885    723    614
   885    614    617
   885    617    722
   885    722    720
   885    720    721
   885    721    819
   885    819    883
   886    887    821
   886    821    724
   886    724    726
   886    726    820
   886    820    885
   888    889    822
   888    822    728
   888    728    727
   888    727    821
   888    821    887
   824    823    822
   824    822    889
   824    889    890
   891    825    824
   891    824    890
   891    890    892
   891    892    893
   829    826    825
   829    825    891
   894    831    734
   894    734    736
   894    736    828
   894    828    827
   894    827    895
   896    897    894
   896    894    895
   896    895    898
   833    832    739
   833    739    738
   833    738    630
   833    630    633
   833    633    830
   833    830    831
   833    831    894
   833    894    897
   899    834    747
   899    747    749
   899    749    743
   899    743    745
   899    745    833
   899    833    897
   899    897    896
   900    835    750
   900    750    752
   900    752    834
   900    834    899
   900    899    901
   902    903    837
   902    837    836
   902    836    835
   902    835    900
   838    837    903
   838    903    840
   838    840    839
   842    841    904
   842    904    905
   906    844    843
   906    843    842
   906    842    905
   906    905    907
   906    907    908
   845    844    906
   845    906    849
   845    849    847
   850    849    906
   850    906    908
   850    908    909
   850    909    910
   850    910    911
   912    852    851
   912    851    913
   912    913    914
   913    851    850
   913    850    911
   913    911    915
   913    915    916
   857    853    852
   857    852    912
   917    914    913
   917    913    916
   917    916    918
   862    860    856
   862    856    857
   862    857    912
   862    912    914
   862    914    917
   785    784    783
   785    783    861
   785    861    862
   785    862    917
   785    917    918
   785    918    919
   785    919    920
   785    920    921
   785    921    922
   785    922    863
   863    922    923
   863    923    865
   863    865    864
   865    923    924
   865    924    868
   865    868    867
   865    867    866
   924    925    926
   924    926    927
   924    927    928
   924    928    871
   924    871    870
   924    870    869
   924    869    868
   928    874    801
   928    801    803
   928    803    872
   928    872    871
   927    929    875
   927    875    873
   927    873    874
   927    874    928
   809    808    875
   809    875    929
   930    931    932
   930    932    878
   930    878    877
   930    877    876
   932    814    813
   932    813    878
   933    934    881
   933    881    879
   933    879    880
   933    880    935
   933    935    936
   937    884    882
   937    882    881
   937    881    934
   938    939    886
   938    886    885
   938    885    883
   938    883    884
   938    884    937
   938    937    940
   941    942    943
   941    943    888
   941    888    887
   941    887    886
   941    886    939
   890    889    888
   890    888    943
   890    943    944
   890    944    892
   945    944    943
   945    943    942
   945    942    946
   945    946    947
   893    892    944
   893    944    945
   898    895    827
   898    827    829
   898    829    891
   898    891    893
   898    893    945
   898    945    947
   898    947    948
   948    947    946
   948    946    949
   948    949    950
   948    950    951
   952    901    899
   952    899    896
   952    896    898
   952    898    948
   952    948    951
   952    951    953
   952    953    954
   955    956    902
   955    902    900
   955    900    901
   955    901    952
   904    841    840
   904    840    903
   904    903    902
   904    902    956
   904    956    957
   904    957    958
   959    958    957
   959    957    960
   959    960    961
   907    905    904
   907    904    958
   907    958    959
   907    959    962
   909    908    907
   909    907    962
   909    962    963
   963    962    959
   963    959    961
   963    961    964
   963    964    965
   915    911    910
   915    910    966
   966    910    909
   966    909    963
   966    963    965
   966    965    967
   966    967    968
   918    916    915
   918    915    966
   918    966    968
   918    968    919
   919    968    967
   919    967    969
   919    969    970
   919    970    971
   919    971    920
   920    971    972
   920    972    921
   921    972    973
   921    973    925
   921    925    924
   921    924    923
   921    923    922
   973    974    975
   973    975    976
   973    976    977
   973    977    926
   973    926    925
   926    977    930
   926    930    876
   926    876    805
   926    805    809
   926    809    929
   926    929    927
   976    936    935
   976    935    931
   976    931    930
   976    930    977
   935    880    811
   935    811    814
   935    814    932
   935    932    931
   978    940    937
   978    937    934
   978    934    933
   979    980    938
   979    938    940
   979    940    978
   981    982    983
   981    983    941
   981    941    939
   981    939    938
   981    938    980
   949    983    982
   949    982    984
   949    984    950
   946    942    941
   946    941    983
   946    983    949
   951    950    984
   951    984    985
   951    985    986
   951    986    953
   954    953    986
   954    986    987
   954    987    988
   989    990    991
   989    991    992
   989    992    955
   989    955    952
   989    952    954
   989    954    988
   989    988    993
   989    993    994
   989    994    995
   996    997    992
   996    992    991
   996    991    998
   996    998    999
   960    957    956
   960    956    955
   960    955    992
   960    992    997
   960    997   1000
   960   1000   1001
   960   1001   1002
   964    961    960
   964    960   1002
   964   1002   1003
  1003   1002   1001
  1003   1001   1004
   967    965    964
   967    964   1003
   967   1003   1004
   967   1004   1005
   967   1005    969
  1004   1001   1000
  1004   1000   1006
  1004   1006   1007
  1004   1007   1005
   969   1005   1007
   969   1007   1008
   969   1008    970
   970   1008   1009
   970   1009   1010
   970   1010    989
   970    989    995
   970    995   1011
   970   1011   1012
   970   1012   1013
   970   1013    974
   970    974    973
   970    973    972
   970    972    971
  1013   1014   1015
  1013   1015   1016
  1013   1016   1017
  1013   1017    975
  1013    975    974
   975   1017    979
   975    979    978
   975    978    933
   975    933    936
   975    936    976
  1016   1018    981
  1016    981    980
  1016    980    979
  1016    979   1017
  1015   1019    987
  1015    987    986
  1015    986    985
  1015    985   1018
  1015   1018   1016
   985    984    982
   985    982    981
   985    981   1018
   988    987   1019
   988   1019    993
   995    994   1020
   995   1020   1011
   998    991    990
   998    990   1021
  1000    997    996
  1000    996   1006
  1009    999    998
  1009    998   1021
  1009   1021   1010
  1007   1006    996
  1007    996    999
  1007    999   1009
  1007   1009   1008
  1012   1022   1014
  1012   1014   1013
   993   1019   1015
   993   1015   1014
   993   1014   1022
   993   1022   1020
   993   1020    994
  1011   1020   1022
  1011   1022   1012
  1010   1021    990
  1010    990    989
   565    568    443
   565    443    332
   565    332    330
   565    330    329
   565    329    441
