574 1144
    0.007608    -0.201829     0.588915
    0.047598    -0.164564     0.578744
   -0.182195     0.065229     0.578744
   -0.199906    -0.003618     0.590139
   -0.199906    -0.227641     0.619632
   -0.092729    -0.227641     0.605522
   -0.204819    -0.008531     0.590139
   -0.236026    -0.229418     0.615111
   -0.232035    -0.233137     0.616126
   -0.205402    -0.233137     0.619632
   -0.231602    -0.236197     0.615780
   -0.217353    -0.250446     0.615780
   -0.205402    -0.244105     0.618188
   -0.151871    -0.237878     0.611961
   -0.104373    -0.231167     0.606591
   -0.093487    -0.228398     0.605522
    0.623355     0.066992     0.316878
    0.668314     0.109083     0.291033
    0.493575     0.530941     0.291033
    0.461689     0.545340     0.301770
    0.373509     0.513476     0.343763
    0.293190     0.433157     0.390812
    0.145798    -0.116919     0.546242
    0.205261    -0.116919     0.521612
    0.252210    -0.104979     0.500116
    0.446089    -0.027970     0.406596
    0.588331     0.038758     0.336229
    0.054588     0.369224     0.458232
    0.048507     0.366511     0.460192
   -0.099952     0.280954     0.512342
   -0.143489     0.246695     0.529679
   -0.156840     0.230407     0.536284
   -0.182195     0.178149     0.553580
    0.364874     0.517052     0.343763
    0.346745     0.510799     0.349464
   -0.193463     0.215237     0.536284
   -0.207187     0.184845     0.546518
   -0.228299     0.163734     0.546518
   -0.233538     0.098650     0.559854
   -0.365031    -0.218804     0.559854
   -0.342408    -0.229418     0.571046
   -0.249284    -0.276623     0.601520
   -0.239927    -0.267267     0.607001
   -0.313767    -0.298561     0.571046
   -0.301394    -0.297168     0.576410
   -0.253768    -0.279958     0.599091
   -0.238112    -0.266781     0.607514
   -0.244190    -0.273273     0.603782
   -0.111084    -0.233947     0.606591
   -0.002973    -0.217327     0.587819
    0.008647    -0.205708     0.587819
   -0.010370    -0.221708     0.588491
    0.744918     0.182028     0.218834
    0.740132     0.229849     0.212673
    0.729547     0.269355     0.212673
    0.679826     0.112920     0.282989
    0.686826     0.112920     0.277618
    0.695801     0.116760     0.269941
    0.714242     0.130184     0.253031
    0.730197     0.148579     0.237006
    0.742861     0.176269     0.221595
    0.664693     0.413303     0.215883
    0.641300     0.442266     0.222881
    0.562313     0.526709     0.249903
    0.549904     0.530941     0.256446
    0.726657     0.299158     0.206867
    0.514022     0.566824     0.256446
    0.498182     0.571877     0.263069
    0.490300     0.570927     0.268492
    0.478241     0.564719     0.279709
    0.462076     0.555216     0.295468
    0.461689     0.554183     0.296341
    0.415503     0.539504     0.317101
    0.455850     0.556885     0.295468
    0.445163     0.553069     0.300593
   -0.159880     0.264896     0.512342
   -0.167523     0.254334     0.518876
   -0.193463     0.230070     0.527177
   -0.357526     0.177726     0.458579
   -0.371519     0.163734     0.458579
   -0.495007     0.121614     0.393468
   -0.386810    -0.218804     0.546482
   -0.560986     0.117966     0.343590
   -0.590310     0.096747     0.325452
   -0.651173    -0.130397     0.325452
   -0.660335    -0.221965     0.337248
   -0.648345    -0.235788     0.349291
   -0.437760    -0.235788     0.510878
   -0.647772    -0.241514     0.348553
   -0.624017    -0.330172     0.348553
   -0.623828    -0.330363     0.348658
   -0.599138    -0.348229     0.363930
   -0.498585    -0.353788     0.439944
   -0.472106    -0.343848     0.462307
   -0.443553    -0.343848     0.479839
   -0.494874    -0.357499     0.439944
   -0.476658    -0.363310     0.447561
   -0.298659    -0.297433     0.576943
   -0.258058    -0.284529     0.595193
   -0.272546    -0.304430     0.576943
   -0.104834    -0.235933     0.603782
   -0.016412    -0.227361     0.586557
    0.206783    -0.150405     0.500116
    0.563313     0.012013     0.344788
    0.744199     0.221752     0.209472
    0.741570     0.234971     0.209472
    0.748009     0.187381     0.213417
    0.735192     0.287517     0.200698
    0.593191     0.514267     0.222881
    0.562313     0.534358     0.243782
    0.534980     0.561692     0.243782
    0.521586     0.566824     0.250393
    0.513097     0.572496     0.250393
    0.506058     0.574941     0.253097
    0.461846     0.560119     0.289954
    0.483056     0.572368     0.268492
   -0.128681     0.416230     0.349464
   -0.136389     0.415295     0.348177
   -0.142687     0.410677     0.351514
   -0.176519     0.398923     0.338519
   -0.507563     0.177726     0.338519
   -0.560986     0.157257     0.312150
   -0.561634     0.157285     0.311351
   -0.569637     0.152077     0.305934
   -0.597131     0.110930     0.305934
   -0.602561     0.095302     0.311937
   -0.610291     0.084759     0.306349
   -0.652035    -0.010724     0.287940
   -0.661914    -0.092119     0.301531
   -0.664744    -0.106347     0.301531
   -0.672913    -0.180046     0.309990
   -0.665582    -0.216681     0.329041
   -0.662530    -0.221965     0.334388
   -0.660208    -0.242918     0.331983
   -0.655213    -0.268030     0.331983
   -0.654581    -0.273238     0.331113
   -0.636709    -0.314117     0.338994
   -0.625897    -0.328864     0.346810
   -0.599138    -0.348655     0.363589
   -0.614485    -0.344346     0.348658
   -0.607316    -0.349010     0.353511
   -0.576058    -0.357499     0.374981
   -0.473850    -0.425792     0.374981
   -0.471006    -0.411232     0.394693
   -0.272546    -0.355543     0.518715
   -0.464910    -0.444522     0.352889
   -0.390139    -0.510997     0.285641
   -0.258867    -0.537108     0.285641
   -0.258867    -0.402619     0.460910
   -0.044186    -0.462860     0.326751
   -0.156139    -0.620184     0.150744
   -0.120375    -0.640838     0.114556
   -0.018437    -0.620561     0.114556
   -0.014855    -0.613056     0.123408
    0.541371    -0.150405     0.232380
    0.476069    -0.285031     0.123408
    0.542765    -0.182529     0.192793
    0.563313    -0.093138     0.260647
    0.704226     0.117753     0.260647
    0.714841     0.128048     0.251697
    0.710485     0.122107     0.254846
    0.729363     0.144382     0.237006
    0.758200     0.192136     0.186995
    0.749104     0.249571     0.186995
    0.756514     0.187381     0.192883
    0.744235     0.285005     0.182301
    0.744651     0.292920     0.171757
    0.672668     0.434194     0.171757
    0.662093     0.446254     0.182258
    0.633040     0.482799     0.190282
    0.593705     0.514131     0.222147
    0.563129     0.544707     0.222147
    0.534172     0.564753     0.239416
    0.528446     0.569305     0.238158
    0.522801     0.571730     0.240490
    0.504822     0.580891     0.240490
    0.504755     0.579635     0.243548
    0.484230     0.576016     0.260132
    0.503391     0.582060     0.238214
    0.489341     0.589332     0.226032
    0.484230     0.590141     0.226032
    0.103715     0.671807    -0.116626
    0.081379     0.673388    -0.128983
    0.051845     0.675210    -0.144676
    0.021146     0.671551    -0.147580
   -0.044091     0.661218    -0.147580
   -0.053760     0.656214    -0.139196
   -0.069044     0.643726    -0.114892
    0.445906     0.603727     0.178579
    0.430778     0.608058     0.162339
    0.352957     0.628820     0.082458
   -0.073936     0.640149    -0.109285
   -0.174071     0.589128    -0.109285
   -0.208147     0.564999    -0.093250
   -0.294075     0.494797    -0.030638
   -0.399962     0.401940     0.061560
   -0.420571     0.379662     0.089473
   -0.435088     0.362782     0.101906
   -0.522172     0.253454     0.190470
   -0.546062     0.216298     0.227173
   -0.567307     0.185608     0.245475
   -0.579828     0.161719     0.267504
   -0.582646     0.148645     0.287377
   -0.596744     0.115831     0.300933
   -0.603809     0.101965     0.300933
   -0.652348    -0.011365     0.287540
   -0.664960    -0.103146     0.299696
   -0.665090    -0.104386     0.299947
   -0.673739    -0.176949     0.306812
   -0.665152    -0.220284     0.328700
   -0.660924    -0.246981     0.328700
   -0.658387    -0.265448     0.326254
   -0.634853    -0.319044     0.337443
   -0.625173    -0.338043     0.337443
   -0.623485    -0.341971     0.335821
   -0.622016    -0.348784     0.325464
   -0.598358    -0.382960     0.305083
   -0.595869    -0.386831     0.301260
   -0.555618    -0.437363     0.260325
   -0.529617    -0.482117     0.185661
   -0.424492    -0.574306     0.094125
   -0.363993    -0.605132     0.094125
   -0.307025    -0.646786     0.028826
   -0.298705    -0.653584     0.015597
   -0.280040    -0.663244    -0.000588
   -0.251479    -0.667768    -0.000588
   -0.232248    -0.670060     0.001231
   -0.126439    -0.670060     0.041690
   -0.118285    -0.669557     0.046022
   -0.118194    -0.669532     0.046116
   -0.118194    -0.647620     0.099018
   -0.117204    -0.669414     0.046022
   -0.105437    -0.667789     0.045446
   -0.051893    -0.659309     0.045446
   -0.051257    -0.659221     0.045362
   -0.027572    -0.655226     0.043821
   -0.018104    -0.621137     0.113173
   -0.027201    -0.655132     0.043596
   -0.017046    -0.651757     0.039332
    0.091529    -0.612491     0.001282
    0.091549    -0.612483     0.001276
    0.091555    -0.612481     0.001273
    0.198160    -0.568978    -0.046746
    0.250196    -0.546621    -0.068242
    0.310367    -0.513567    -0.080627
    0.421960    -0.449232    -0.098342
    0.435602    -0.438388    -0.095346
    0.665183    -0.150226     0.018171
    0.469009    -0.415262    -0.115269
    0.472312    -0.412577    -0.116466
    0.623411    -0.261477    -0.116466
    0.649244    -0.224160    -0.094211
    0.694350    -0.082339     0.046215
    0.755795     0.048298     0.058343
    0.750481     0.149290     0.192883
    0.747591     0.149445     0.199922
    0.741281     0.009770     0.046215
    0.781526     0.190848     0.019487
    0.776233     0.231050     0.019487
    0.770547     0.270596     0.023132
    0.768406     0.278241     0.031744
    0.764735     0.279420     0.058455
    0.764735     0.192136     0.145739
    0.766745     0.190848     0.131757
    0.746831     0.294443     0.156473
    0.755003     0.310600     0.031744
    0.737099     0.350338     0.043862
    0.728322     0.365317     0.065445
    0.693675     0.417365     0.107471
    0.688150     0.424565     0.107471
    0.638483     0.483342     0.143741
    0.626195     0.495630     0.166452
    0.576658     0.537490     0.197020
    0.524160     0.574654     0.221788
    0.554835     0.554235     0.197020
    0.516180     0.578721     0.221788
    0.501766     0.585215     0.217393
    0.488017     0.590910     0.217393
    0.370496     0.624934     0.094430
   -0.021016     0.671551    -0.189742
    0.038290     0.675210    -0.158230
   -0.021476     0.671518    -0.189996
   -0.031402     0.670091    -0.190911
   -0.033957     0.669686    -0.190911
   -0.038024     0.668449    -0.187162
   -0.052068     0.662631    -0.187162
   -0.083616     0.648417    -0.177542
   -0.089537     0.645400    -0.177542
   -0.378145     0.423757     0.021239
   -0.513721     0.269293     0.161051
   -0.511557     0.272288     0.157748
   -0.551721     0.212209     0.207145
   -0.599755     0.117491     0.280991
   -0.653545    -0.012369     0.280991
   -0.657076    -0.023972     0.270296
   -0.664960    -0.078799     0.275349
   -0.674102    -0.148242     0.275349
   -0.674102    -0.176949     0.304056
   -0.665152    -0.244928     0.304056
   -0.659625    -0.264409     0.319476
   -0.664793    -0.247430     0.303826
   -0.631200    -0.333034     0.319476
   -0.625282    -0.346167     0.315471
   -0.581120    -0.421538     0.206870
   -0.568756    -0.437651     0.206870
   -0.532466    -0.480597     0.180369
   -0.427342    -0.585721    -0.013921
   -0.396206    -0.609613    -0.013921
   -0.350451    -0.640070    -0.050866
   -0.340875    -0.645682    -0.064665
   -0.319769    -0.654424    -0.064665
   -0.300143    -0.660397    -0.046575
   -0.276989    -0.666880    -0.020492
   -0.272184    -0.667570    -0.020049
   -0.269400    -0.667768    -0.018508
   -0.104523    -0.667658     0.045362
    0.232498    -0.554617    -0.062962
    0.249814    -0.546816    -0.068242
    0.457932    -0.423762    -0.115269
    0.490335    -0.397347    -0.127587
    0.597891    -0.300609    -0.170659
    0.607845    -0.290655    -0.170659
    0.628011    -0.266790    -0.185386
    0.659297    -0.226018    -0.185386
    0.673365    -0.204884    -0.168321
    0.673419    -0.204793    -0.168190
    0.701560    -0.142333    -0.149143
    0.713230    -0.114159    -0.149143
    0.716909    -0.104224    -0.145477
    0.735621    -0.051816    -0.120341
    0.740977    -0.035674    -0.109177
    0.764611     0.041976    -0.037606
    0.769171     0.058266    -0.019255
    0.766745     0.057486    -0.001604
    0.777981     0.125178    -0.019255
    0.780716     0.158043    -0.007170
    0.781526     0.171159    -0.000202
    0.777488     0.205031     0.003003
    0.776233     0.216981     0.005419
    0.768647     0.272190     0.012731
    0.767641     0.274248     0.011448
    0.757388     0.301468     0.020016
    0.754582     0.306974     0.020016
    0.737560     0.346595     0.036383
    0.736680     0.350673     0.042582
    0.696960     0.408052     0.076800
    0.623805     0.491173     0.116478
    0.662820     0.442192     0.076800
    0.572999     0.531561     0.127634
    0.528487     0.550686     0.109246
    0.417564     0.607204     0.109246
    0.073571     0.670221    -0.156784
    0.053578     0.673388    -0.156784
   -0.026826     0.670091    -0.195488
   -0.027310     0.669920    -0.196087
   -0.033377     0.668959    -0.196087
   -0.034517     0.669019    -0.194567
   -0.050129     0.663138    -0.189653
   -0.090498     0.644201    -0.181214
   -0.084946     0.645397    -0.189653
   -0.194028     0.572532    -0.119474
   -0.418564     0.347996    -0.119474
   -0.420440     0.345286    -0.121090
   -0.438856     0.288016    -0.176750
   -0.588870    -0.006402    -0.176750
   -0.605733     0.005384    -0.058498
   -0.426672     0.316375    -0.165035
   -0.630571    -0.015457     0.077481
   -0.583293    -0.112411    -0.317974
   -0.588905    -0.147847    -0.317974
   -0.630571    -0.147847    -0.054910
   -0.631187    -0.148242    -0.050624
   -0.631187    -0.258226     0.059359
   -0.586007    -0.156022    -0.328096
   -0.575544    -0.222085    -0.328096
   -0.577089    -0.251444    -0.288984
   -0.611011    -0.275154    -0.051095
   -0.573140    -0.420174     0.135166
   -0.468848    -0.503727    -0.183990
   -0.468663    -0.464241    -0.288984
   -0.461404    -0.481137    -0.282004
   -0.458504    -0.494589    -0.261557
   -0.425883    -0.584262    -0.034410
   -0.359890    -0.619469    -0.156981
   -0.390244    -0.562850    -0.261557
   -0.384680    -0.569835    -0.255898
   -0.368787    -0.597191    -0.210259
   -0.365762    -0.603069    -0.198897
   -0.359040    -0.618507    -0.164196
   -0.340526    -0.643639    -0.083016
   -0.331410    -0.646020    -0.094723
   -0.349214    -0.626535    -0.148573
   -0.321398    -0.652482    -0.075293
   -0.299071    -0.660397    -0.047647
   -0.106289    -0.667658     0.043596
    0.246921    -0.547571    -0.071957
    0.254485    -0.542041    -0.080627
    0.465923    -0.416754    -0.122227
    0.616567    -0.277162    -0.189653
    0.629237    -0.264493    -0.189653
    0.643435    -0.243983    -0.201884
    0.650962    -0.234514    -0.199805
    0.656325    -0.228398    -0.194480
    0.664132    -0.213077    -0.194480
    0.665238    -0.211163    -0.193804
    0.676525    -0.192786    -0.183859
    0.698822    -0.143652    -0.167538
    0.764611     0.058368    -0.053998
    0.776775     0.193602    -0.003089
    0.776442     0.199099    -0.001790
    0.767310     0.274340     0.010774
    0.757205     0.288124     0.003469
    0.755736     0.292350     0.005093
    0.715624     0.352383     0.005093
    0.680485     0.375247    -0.018693
    0.435259     0.450021    -0.172963
    0.251939     0.572512    -0.172963
    0.635506     0.373295    -0.074122
    0.082757     0.631293    -0.237946
    0.073308     0.665315    -0.168728
    0.016610     0.605561    -0.321693
   -0.020876     0.613017    -0.321693
   -0.025210     0.629315    -0.288454
   -0.025210     0.647946    -0.248332
   -0.027310     0.654474    -0.233375
   -0.032648     0.655415    -0.229062
   -0.035134     0.646467    -0.247267
   -0.083329     0.642663    -0.198086
   -0.132912     0.454759    -0.466121
   -0.041851     0.543697    -0.417470
   -0.061537     0.502450    -0.466121
   -0.180727     0.381274    -0.515864
   -0.180173     0.368518    -0.531584
   -0.185029     0.355844    -0.537840
   -0.327259     0.142981    -0.537840
   -0.368626     0.101053    -0.514719
   -0.459361     0.011078    -0.461698
   -0.452445     0.115844    -0.352447
   -0.515245    -0.067544    -0.425060
   -0.539509    -0.100640    -0.407521
   -0.543839    -0.105510    -0.403141
   -0.571054    -0.113069    -0.347773
   -0.462297     0.007541    -0.459875
   -0.562404    -0.152222    -0.383171
   -0.563838    -0.153995    -0.380842
   -0.545993    -0.116340    -0.403141
   -0.565009    -0.156022    -0.378791
   -0.564047    -0.164704    -0.377794
   -0.574150    -0.222010    -0.331491
   -0.560605    -0.182008    -0.377794
   -0.555108    -0.227299    -0.370232
   -0.553309    -0.229752    -0.371532
   -0.482541    -0.360114    -0.381829
   -0.475218    -0.381192    -0.373733
   -0.437688    -0.438874    -0.371981
   -0.418479    -0.489006    -0.347236
   -0.418627    -0.492425    -0.343023
   -0.440384    -0.433324    -0.373733
   -0.404845    -0.513606    -0.328685
   -0.404329    -0.514662    -0.327640
   -0.399793    -0.526659    -0.313181
   -0.379159    -0.570271    -0.261531
   -0.379473    -0.569234    -0.262963
   -0.374474    -0.576713    -0.251921
   -0.349214    -0.600151    -0.212268
   -0.348446    -0.597762    -0.217742
   -0.333011    -0.596051    -0.215971
    0.272962    -0.475515    -0.215971
    0.290471    -0.459949    -0.231718
    0.328099    -0.432362    -0.251660
    0.345718    -0.426241    -0.244892
    0.594415    -0.260066    -0.244892
    0.611899    -0.253367    -0.236262
    0.622722    -0.253837    -0.222925
    0.634068    -0.246454    -0.215245
    0.638897    -0.239227    -0.215245
    0.651270    -0.230621    -0.203778
    0.700174    -0.136854    -0.167538
    0.716405    -0.101365    -0.147787
    0.731624    -0.058737    -0.127344
    0.724880     0.008663    -0.118661
    0.646500     0.301180    -0.118661
    0.635506     0.309135    -0.125462
    0.389911     0.322713    -0.311122
    0.237971     0.374537    -0.391235
    0.162487     0.450021    -0.391235
    0.010183     0.498613    -0.454916
    0.004739     0.544772    -0.403992
   -0.053596     0.461117    -0.517100
   -0.053596     0.491274    -0.482745
   -0.041851     0.531698    -0.433107
   -0.059689     0.492983    -0.478938
   -0.062968     0.444714    -0.532926
   -0.065848     0.440757    -0.536554
   -0.092189     0.381712    -0.586188
   -0.101010     0.369521    -0.593729
   -0.102082     0.368518    -0.594072
   -0.087419     0.390331    -0.579683
   -0.110540     0.350225    -0.601942
   -0.111206     0.349140    -0.602277
   -0.171222     0.289124    -0.602277
   -0.185029     0.280646    -0.598013
   -0.104933     0.360159    -0.598479
   -0.312202     0.153877    -0.547153
   -0.218316     0.239166    -0.591342
   -0.254844     0.200115    -0.578845
   -0.538762    -0.103302    -0.409184
   -0.543925    -0.113956    -0.405218
   -0.559734    -0.178905    -0.379733
   -0.557390    -0.187652    -0.379733
   -0.454010    -0.390616    -0.391590
   -0.407746    -0.489006    -0.355824
   -0.412584    -0.463977    -0.371981
   -0.407618    -0.478536    -0.364304
   -0.407092    -0.488051    -0.357112
   -0.379473    -0.507687    -0.343173
   -0.376174    -0.496336    -0.357112
   -0.325600    -0.452468    -0.401171
   -0.313902    -0.443751    -0.409498
   -0.113439    -0.346610    -0.484130
    0.305548    -0.247954    -0.468623
    0.346975    -0.272309    -0.428232
   -0.013296    -0.280747    -0.528593
    0.013560    -0.265270    -0.538026
    0.172024    -0.222810    -0.538026
    0.220122    -0.218147    -0.528657
    0.385349    -0.260066    -0.412187
    0.611899    -0.245520    -0.242541
    0.387489    -0.257927    -0.412187
    0.617034    -0.241805    -0.239366
    0.625861    -0.208862    -0.239366
    0.658023    -0.185449    -0.209873
    0.348498    -0.208862    -0.452193
    0.237702    -0.171930    -0.529617
    0.233843    -0.168317    -0.531835
    0.137374    -0.123062    -0.579559
    0.136227    -0.122122    -0.580024
    0.104526    -0.082506    -0.589413
   -0.084216     0.373157    -0.589413
   -0.082836     0.374537    -0.588215
   -0.082836     0.391788    -0.577623
   -0.089718     0.371169    -0.592033
   -0.094977     0.373347    -0.592033
   -0.099121     0.368920    -0.594578
   -0.100954     0.365014    -0.596510
   -0.118956     0.332418    -0.607786
   -0.154863     0.296512    -0.607786
   -0.113086     0.344977    -0.603679
   -0.236445     0.208746    -0.587947
   -0.226085     0.220410    -0.591342
   -0.233460     0.211193    -0.589157
   -0.541608    -0.137997    -0.402053
   -0.436970    -0.390616    -0.402053
   -0.412584    -0.402875    -0.409498
   -0.413292    -0.401308    -0.410026
    0.083476    -0.210253    -0.565868
    0.121105    -0.206626    -0.560914
    0.149052    -0.195050    -0.560914
    0.156502    -0.194451    -0.559387
    0.219016    -0.217041    -0.529617
    0.360923    -0.247954    -0.434622
    0.083352    -0.062774    -0.594798
   -0.103712     0.273977    -0.614505
   -0.108957     0.311103    -0.610308
   -0.094013     0.366874    -0.594549
   -0.118086     0.320232    -0.610308
   -0.118956     0.323615    -0.609748
   -0.153002     0.289569    -0.609748
   -0.153174     0.288352    -0.609885
   -0.395010    -0.383027    -0.420735
    0.083352    -0.105620    -0.589157
    0.097547    -0.160801    -0.580024
    0.097547    -0.181250    -0.575467
   -0.118086     0.288352    -0.614505
     1      2      3
     1      3      4
     1      4      5
     1      5      6
     4      7      8
     4      8      9
     4      9     10
     4     10      5
    10      9     11
    10     11     12
    10     12     13
     6      5     10
     6     10     13
     6     13     14
     6     14     15
     6     15     16
    17     18     19
    17     19     20
    17     20     21
    17     21     22
    17     22     23
    17     23     24
    17     24     25
    17     25     26
    17     26     27
    22     28     29
    22     29     30
    22     30     31
    22     31     32
    22     32     33
    22     33      3
    22      3      2
    22      2     23
    21     34     35
    21     35     28
    21     28     22
    32     36     37
    32     37     33
    33     37     38
    33     38     39
    33     39      7
    33      7      4
    33      4      3
     8      7     39
     8     39     40
     8     40     41
    42     43     11
    42     11      9
    42      9      8
    42      8     41
    42     41     44
    42     44     45
    42     45     46
    12     11     43
    12     43     47
    48     47     43
    48     43     42
    15     14     49
    50     51      1
    50      1      6
    50      6     16
    50     16     52
    23      2      1
    23      1     51
    23     51     24
    53     54     55
    53     55     56
    53     56     57
    53     57     58
    53     58     59
    53     59     60
    53     60     61
    62     63     64
    62     64     65
    62     65     19
    62     19     18
    62     18     56
    62     56     55
    62     55     66
    19     65     67
    19     67     68
    19     68     69
    19     69     70
    19     70     71
    19     71     72
    19     72     20
    20     72     73
    20     73     34
    20     34     21
    71     74     75
    71     75     73
    71     73     72
    30     76     77
    30     77     31
    31     77     78
    31     78     36
    31     36     32
    78     79     80
    78     80     38
    78     38     37
    78     37     36
    38     80     81
    38     81     82
    38     82     40
    38     40     39
    82     81     83
    82     83     84
    82     84     85
    82     85     86
    82     86     87
    82     87     88
    88     87     89
    88     89     90
    88     90     91
    88     91     92
    88     92     93
    88     93     94
    41     40     82
    41     82     88
    41     88     94
    41     94     95
    41     95     44
    95     94     93
    95     93     96
    95     96     97
    46     45     98
    46     98     99
    99     98    100
    49     14     13
    49     13     12
    49     12     47
    49     47     48
    49     48    101
    52     16     15
    52     15     49
    52     49    101
    52    101    102
    25     24     51
    25     51     50
    25     50    103
    27     26    104
    57     56     18
    57     18     17
   105    106     54
   105     54     53
   105     53    107
    66     55     54
    66     54    106
    66    106    108
   109    110     64
   109     64     63
    64    110    111
    64    111    112
    64    112     67
    64     67     65
    67    112    113
    67    113    114
    67    114     68
    70    115     74
    70     74     71
    69    116    115
    69    115     70
    35    117     29
    35     29     28
    29    117    118
    29    118    119
    29    119     76
    29     76     30
   119    120    121
   119    121     79
   119     79     78
   119     78     77
   119     77     76
   121    122     83
   121     83     81
   121     81     80
   121     80     79
    83    122    123
    83    123    124
    83    124    125
    83    125    126
    83    126     84
    84    126    127
    84    127    128
    84    128    129
    84    129     85
    85    129    130
    85    130    131
    85    131    132
    85    132    133
    85    133     86
    86    133    134
    86    134    135
    86    135     89
    86     89     87
    89    135    136
    89    136    137
    89    137    138
    89    138     90
   139     92     91
   139     91    140
   139    140    141
    93     92    139
    93    139    142
    93    142     96
    97     96    142
    97    142    143
    97    143    144
   100     98     45
   100     45     44
   100     44     95
   100     95     97
   100     97    144
   100    144    145
   145    144    143
   145    143    146
   145    146    147
   145    147    148
   145    148    149
   150    149    148
   150    148    151
   150    151    152
   150    152    153
   150    153    154
   102    101     48
   102     48     42
   102     42     46
   102     46     99
   102     99    100
   102    100    145
   102    145    149
   102    149    150
   155    103     50
   155     50     52
   155     52    102
   155    102    150
   155    150    154
   155    154    156
   155    156    157
   158    104     26
   158     26     25
   158     25    103
   158    103    155
   159     58     57
   159     57     17
   159     17     27
   159     27    104
   159    104    158
   160     59     58
   160     58    159
   160    159    161
   162     60     59
   162     59    160
   163    164    105
   163    105    107
   163    107    165
   166    108    106
   166    106    105
   166    105    164
   167    168    169
   167    169     62
   167     62     66
   167     66    108
   167    108    166
   169    170    171
   169    171    109
   169    109     63
   169     63     62
   171    172    173
   171    173    111
   171    111    110
   171    110    109
   173    174    175
   173    175    113
   173    113    112
   173    112    111
   113    175    176
   113    176    177
   113    177    114
    68    114    177
    68    177    178
    68    178    116
    68    116     69
   177    176    179
   177    179    180
   177    180    181
   177    181    178
   182    183    184
   182    184    185
   182    185    186
   182    186    187
   182    187    188
   182    188     75
   182     75     74
   182     74    115
   182    115    116
   182    116    178
   182    178    181
   182    181    189
   182    189    190
   182    190    191
    73     75    188
    73    188    192
    73    192    118
    73    118    117
    73    117     35
    73     35     34
   192    193    194
   192    194    195
   192    195    196
   192    196    197
   192    197    120
   192    120    119
   192    119    118
   197    198    199
   197    199    200
   197    200    123
   197    123    122
   197    122    121
   197    121    120
   200    201    202
   200    202    203
   200    203    124
   200    124    123
   124    203    204
   124    204    125
   125    204    205
   125    205    127
   125    127    126
   128    206    207
   128    207    208
   128    208    130
   128    130    129
   130    208    209
   130    209    131
   132    210    211
   132    211    134
   132    134    133
   134    211    212
   134    212    136
   134    136    135
   137    213    214
   137    214    138
    90    138    214
    90    214    215
    90    215    140
    90    140     91
   141    140    215
   141    215    216
   141    216    217
   143    142    139
   143    139    141
   143    141    217
   143    217    218
   143    218    219
   143    219    146
   146    219    220
   146    220    221
   146    221    222
   146    222    147
   148    147    222
   148    222    223
   148    223    151
   151    223    224
   151    224    225
   151    225    226
   151    226    227
   151    227    228
   151    228    229
   151    229    230
   151    230    231
   151    231    152
   231    230    232
   231    232    233
   231    233    234
   153    152    231
   153    231    234
   153    234    235
   153    235    236
   153    236    237
   237    236    238
   237    238    239
   237    239    240
   237    240    241
   156    154    153
   156    153    237
   156    237    241
   156    241    242
   156    242    243
   156    243    244
   156    244    245
   156    245    246
   156    246    247
   248    157    156
   248    156    247
   248    247    249
   248    249    250
   248    250    251
   248    251    252
   253    161    159
   253    159    158
   253    158    155
   253    155    157
   253    157    248
   254    255    256
   254    256    162
   254    162    160
   254    160    161
   254    161    253
   254    253    257
   256     61     60
   256     60    162
   165    107     53
   165     53     61
   165     61    256
   165    256    255
   258    259    260
   258    260    261
   258    261    262
   258    262    263
   258    263    264
   263    262    265
   263    265    167
   263    167    166
   263    166    164
   263    164    163
   261    266    267
   261    267    268
   261    268    265
   261    265    262
   265    268    269
   265    269    168
   265    168    167
   269    270    271
   269    271    272
   269    272    170
   269    170    169
   269    169    168
   272    273    172
   272    172    171
   272    171    170
   274    174    173
   274    173    172
   274    172    273
   274    273    275
   276    179    176
   276    176    175
   276    175    174
   276    174    274
   277    278    180
   277    180    179
   277    179    276
   181    180    278
   181    278    189
   191    190    279
   280    185    184
   280    184    281
   282    283    284
   282    284    285
   282    285    186
   282    186    185
   282    185    280
   186    285    286
   186    286    287
   186    287    187
   188    187    287
   188    287    288
   188    288    193
   188    193    192
   195    289    196
   290    199    198
   290    198    291
   292    201    200
   292    200    199
   292    199    290
   293    205    204
   293    204    203
   293    203    202
   127    205    293
   127    293    294
   127    294    206
   127    206    128
   295    296    207
   295    207    206
   295    206    294
   207    296    297
   207    297    298
   207    298    209
   207    209    208
   131    209    298
   131    298    299
   131    299    210
   131    210    132
   300    212    211
   300    211    210
   300    210    299
   300    299    301
   136    212    300
   136    300    302
   136    302    213
   136    213    137
   215    214    213
   215    213    302
   215    302    303
   215    303    216
   217    216    303
   217    303    304
   217    304    305
   217    305    218
   218    305    306
   218    306    220
   218    220    219
   220    306    307
   220    307    308
   220    308    221
   222    221    308
   222    308    309
   222    309    224
   222    224    223
   224    309    310
   224    310    311
   224    311    312
   224    312    313
   224    313    225
   225    313    314
   225    314    315
   225    315    226
   226    315    227
   229    232    230
   234    233    316
   234    316    235
   241    240    242
   243    317    318
   243    318    244
   247    246    319
   247    319    249
   250    320    321
   250    321    322
   250    322    251
   252    251    322
   252    322    323
   252    323    324
   252    324    325
   252    325    326
   257    253    248
   257    248    252
   257    252    326
   257    326    327
   327    328    329
   327    329    330
   327    330    331
   327    331    332
   327    332    333
   327    333    334
   327    334    254
   327    254    257
   334    264    263
   334    263    163
   334    163    165
   334    165    255
   334    255    254
   333    335    336
   333    336    337
   333    337    258
   333    258    264
   333    264    334
   337    338    339
   337    339    259
   337    259    258
   339    340    260
   339    260    259
   260    340    341
   260    341    342
   260    342    266
   260    266    261
   343    344    345
   343    345    267
   343    267    266
   343    266    342
   267    345    346
   267    346    270
   267    270    269
   267    269    268
   347    271    270
   347    270    346
   347    346    348
   349    275    273
   349    273    272
   349    272    271
   349    271    347
   350    351    277
   350    277    276
   350    276    274
   350    274    275
   350    275    349
   279    190    189
   279    189    278
   279    278    277
   279    277    351
   352    353    183
   352    183    182
   281    184    183
   281    183    353
   354    283    282
   355    356    357
   355    357    284
   355    284    283
   355    283    354
   286    285    284
   286    284    357
   286    357    358
   359    288    287
   359    287    286
   359    286    358
   359    358    360
   361    194    193
   361    193    288
   361    288    359
   362    289    195
   362    195    194
   362    194    361
   363    291    198
   363    198    197
   363    197    196
   363    196    289
   363    289    362
   364    365    366
   364    366    292
   364    292    290
   364    290    291
   364    291    363
   364    363    367
   366    368    295
   366    295    294
   366    294    293
   366    293    202
   366    202    201
   366    201    292
   369    370    371
   369    371    368
   369    368    366
   369    366    365
   371    372    297
   371    297    296
   371    296    295
   371    295    368
   301    299    298
   301    298    297
   301    297    372
   301    372    373
   373    372    371
   373    371    370
   373    370    374
   373    374    375
   373    375    376
   373    376    377
   303    302    300
   303    300    301
   303    301    373
   303    373    377
   303    377    378
   303    378    304
   379    378    377
   379    377    376
   379    376    380
   379    380    381
   379    381    382
   304    378    379
   304    379    383
   304    383    307
   304    307    306
   304    306    305
   384    383    379
   384    379    382
   384    382    385
   384    385    386
   384    386    387
   384    387    388
   384    388    389
   308    307    383
   308    383    384
   308    384    390
   308    390    310
   308    310    309
   391    390    384
   391    384    389
   391    389    392
   393    311    310
   393    310    390
   393    390    391
   394    312    311
   394    311    393
   314    313    312
   314    312    394
   228    395    316
   228    316    233
   228    233    232
   228    232    229
   235    316    395
   235    395    238
   235    238    236
   396    318    317
   244    318    396
   244    396    397
   244    397    245
   249    319    398
   249    398    320
   249    320    250
   322    321    399
   322    399    400
   322    400    323
   323    400    401
   323    401    402
   323    402    403
   323    403    324
   325    324    403
   325    403    404
   325    404    405
   325    405    406
   327    326    325
   327    325    406
   327    406    407
   327    407    328
   331    408    332
   332    408    335
   332    335    333
   409    410    338
   409    338    337
   409    337    336
   411    341    340
   411    340    339
   411    339    338
   411    338    410
   412    413    343
   412    343    342
   412    342    341
   412    341    411
   414    344    343
   414    343    413
   415    348    346
   415    346    345
   415    345    344
   415    344    414
   416    417    350
   416    350    349
   416    349    347
   416    347    348
   416    348    415
   416    415    418
   419    420    352
   419    352    182
   419    182    191
   419    191    279
   419    279    351
   419    351    350
   419    350    417
   421    422    423
   421    423    424
   421    424    420
   421    420    419
   424    425    355
   424    355    354
   424    354    282
   424    282    280
   424    280    281
   424    281    353
   424    353    352
   424    352    420
   426    356    355
   426    355    425
   423    427    426
   423    426    425
   423    425    424
   360    358    357
   360    357    356
   360    356    426
   360    426    427
   360    427    428
   429    428    427
   429    427    423
   429    423    422
   429    422    430
   429    430    431
   432    367    363
   432    363    362
   432    362    361
   432    361    359
   432    359    360
   432    360    428
   432    428    429
   433    434    435
   433    435    436
   433    436    437
   433    437    438
   433    438    364
   433    364    367
   433    367    432
   439    440    441
   439    441    442
   439    442    369
   439    369    365
   439    365    364
   439    364    438
   439    438    443
   444    445    442
   444    442    441
   444    441    446
   442    445    447
   442    447    374
   442    374    370
   442    370    369
   375    374    447
   375    447    448
   375    448    449
   449    448    450
   449    450    451
   380    376    375
   380    375    449
   380    449    451
   380    451    452
   380    452    453
   380    453    454
   455    456    457
   455    457    381
   455    381    380
   455    380    454
   455    454    458
   385    382    381
   385    381    457
   385    457    459
   385    459    460
   385    460    461
   462    386    385
   462    385    461
   462    461    463
   464    387    386
   464    386    462
   465    388    387
   465    387    464
   465    464    466
   392    389    388
   392    388    465
   238    395    228
   238    228    227
   238    227    315
   238    315    314
   238    314    394
   238    394    393
   238    393    391
   238    391    392
   238    392    465
   238    465    466
   238    466    467
   238    467    239
   242    240    239
   242    239    467
   242    467    468
   242    468    397
   242    397    396
   242    396    317
   242    317    243
   245    397    468
   245    468    469
   245    469    470
   245    470    471
   245    471    398
   245    398    319
   245    319    246
   398    471    472
   398    472    473
   398    473    474
   398    474    399
   398    399    321
   398    321    320
   399    474    475
   399    475    401
   399    401    400
   401    475    476
   401    476    477
   401    477    402
   403    402    477
   403    477    404
   328    407    478
   328    478    479
   328    479    329
   329    479    480
   329    480    330
   330    480    481
   330    481    409
   330    409    336
   330    336    335
   330    335    408
   330    408    331
   481    482    412
   481    412    411
   481    411    410
   481    410    409
   483    418    415
   483    415    414
   483    414    413
   483    413    412
   483    412    482
   484    485    486
   484    486    416
   484    416    418
   484    418    483
   486    487    488
   486    488    421
   486    421    419
   486    419    417
   486    417    416
   489    490    491
   489    491    488
   489    488    487
   488    491    430
   488    430    422
   488    422    421
   431    430    491
   431    491    490
   431    490    492
   493    494    492
   493    492    490
   493    490    489
   495    496    497
   495    497    433
   495    433    432
   495    432    429
   495    429    431
   495    431    492
   495    492    494
   495    494    498
   499    500    501
   499    501    502
   499    502    434
   499    434    433
   499    433    497
   499    497    503
   504    435    434
   504    434    502
   504    502    505
   504    505    506
   507    440    439
   508    446    441
   508    441    440
   508    440    507
   509    450    448
   509    448    447
   509    447    445
   509    445    444
   452    451    450
   452    450    509
   452    509    510
   458    454    453
   458    453    511
   512    456    455
   512    455    513
   512    513    514
   512    514    515
   459    457    456
   459    456    512
   516    460    459
   516    459    512
   516    512    515
   516    515    517
   463    461    460
   463    460    516
   467    466    464
   467    464    462
   467    462    463
   467    463    516
   467    516    517
   467    517    518
   467    518    519
   467    519    520
   467    520    469
   467    469    468
   521    522    470
   521    470    469
   521    469    520
   521    520    523
   521    523    524
   521    524    525
   521    525    526
   470    522    527
   470    527    472
   470    472    471
   528    473    472
   528    472    527
   528    527    529
   476    475    474
   476    474    473
   476    473    528
   476    528    530
   404    477    476
   404    476    530
   404    530    531
   404    531    532
   404    532    405
   406    405    532
   406    532    478
   406    478    407
   478    532    531
   478    531    533
   478    533    534
   478    534    535
   478    535    484
   478    484    483
   478    483    482
   478    482    481
   478    481    480
   478    480    479
   535    536    537
   535    537    538
   535    538    539
   535    539    540
   535    540    485
   535    485    484
   540    541    493
   540    493    489
   540    489    487
   540    487    486
   540    486    485
   539    542    543
   539    543    495
   539    495    498
   539    498    541
   539    541    540
   498    494    493
   498    493    541
   543    544    496
   543    496    495
   503    497    496
   503    496    544
   503    544    545
   546    547    501
   546    501    500
   546    500    548
   549    506    505
   549    505    550
   549    550    551
   436    435    504
   552    510    509
   552    509    444
   552    444    446
   552    446    508
   511    453    452
   511    452    510
   511    510    552
   511    552    553
   554    513    455
   554    455    458
   554    458    511
   554    511    553
   554    553    555
   518    514    513
   518    513    554
   518    554    519
   517    515    514
   517    514    518
   524    556    557
   524    557    525
   526    525    557
   526    557    558
   526    558    559
   526    559    560
   529    527    522
   529    522    521
   529    521    561
   533    561    521
   533    521    526
   533    526    560
   533    560    534
   531    530    528
   531    528    529
   531    529    561
   531    561    533
   538    562    563
   538    563    564
   538    564    565
   538    565    542
   538    542    539
   564    566    567
   564    567    546
   564    546    548
   564    548    499
   564    499    503
   564    503    545
   564    545    565
   565    545    544
   565    544    543
   565    543    542
   548    500    499
   567    568    547
   567    547    546
   550    505    502
   550    502    501
   550    501    547
   550    547    568
   550    568    569
   555    553    552
   555    552    508
   555    508    507
   555    507    439
   555    439    443
   555    443    437
   555    437    436
   555    436    504
   555    504    506
   555    506    549
   555    549    570
   523    570    549
   523    549    551
   523    551    571
   523    571    572
   523    572    573
   523    573    556
   523    556    524
   520    519    554
   520    554    555
   520    555    570
   520    570    523
   557    556    573
   557    573    558
   559    558    573
   559    573    572
   559    572    537
   559    537    536
   534    560    559
   534    559    536
   534    536    535
   563    574    566
   563    566    564
   569    568    567
   569    567    566
   569    566    574
   571    551    550
   571    550    569
   571    569    574
   571    574    563
   571    563    562
   537    572    571
   537    571    562
   537    562    538
   443    438    437
