402 800
   -0.113762     0.035066     0.397536
   -0.032523     0.035066     0.409891
   -0.113762     0.155395     0.405098
   -0.210364     0.035066     0.380120
   -0.113762    -0.089720     0.386682
    0.027120     0.035066     0.409981
   -0.004437     0.166782     0.411108
   -0.113762     0.262162     0.398951
   -0.235589     0.207857     0.388713
   -0.290195     0.035066     0.358559
   -0.245904    -0.154737     0.343080
   -0.113762    -0.219948     0.380408
    0.005755    -0.108266     0.407549
    0.084846     0.035066     0.391283
    0.066475     0.153018     0.395148
    0.003076     0.270890     0.381968
   -0.113762     0.345758     0.376516
   -0.224556     0.317466     0.380904
   -0.305673     0.190805     0.363607
   -0.335140     0.035066     0.329906
   -0.307771    -0.134819     0.301510
   -0.246235    -0.313727     0.321145
   -0.113762    -0.360549     0.377767
    0.038186    -0.258987     0.414272
    0.089305    -0.108082     0.404899
    0.164615     0.035066     0.357602
    0.139539     0.153065     0.358741
    0.093493     0.260007     0.352359
    0.003576     0.364232     0.335513
   -0.113762     0.410059     0.345949
   -0.214565     0.391207     0.363482
   -0.292766     0.307980     0.349053
   -0.351714     0.166712     0.323870
   -0.359320     0.035066     0.294340
   -0.328021    -0.096694     0.262249
   -0.294070    -0.278361     0.262910
   -0.241378    -0.452060     0.308361
   -0.113762    -0.507105     0.369959
    0.067935    -0.438046     0.414095
    0.173443    -0.302154     0.419267
    0.185000    -0.129808     0.384862
    0.279173     0.035066     0.321547
    0.235629     0.166027     0.314400
    0.182301     0.263713     0.314222
    0.105424     0.371958     0.297614
    0.002234     0.455406     0.290485
   -0.113762     0.472024     0.316916
   -0.213918     0.455518     0.345494
   -0.291456     0.415756     0.329391
   -0.361012     0.305542     0.295503
   -0.401538     0.153779     0.277296
   -0.385086     0.035066     0.257523
   -0.344452    -0.068277     0.227784
   -0.313042    -0.211440     0.217124
   -0.285582    -0.397256     0.244097
   -0.233798    -0.559920     0.297017
   -0.113762    -0.640682     0.347184
    0.075600    -0.624352     0.388022
    0.239523    -0.534812     0.419020
    0.313075    -0.385703     0.410673
    0.313880    -0.171698     0.361474
    0.415440     0.035066     0.292511
    0.352980     0.182349     0.274996
    0.284080     0.275140     0.275208
    0.202233     0.377546     0.266385
    0.108205     0.489082     0.250448
    0.002962     0.551611     0.254717
   -0.113762     0.548966     0.290340
   -0.223269     0.533980     0.325170
   -0.310856     0.528299     0.310088
   -0.389262     0.475004     0.265344
   -0.454622     0.325418     0.239430
   -0.466477     0.154028     0.235305
   -0.423063     0.035066     0.225233
   -0.374739    -0.054790     0.199771
   -0.344961    -0.164574     0.183550
   -0.320897    -0.313863     0.195829
   -0.285116    -0.480205     0.235183
   -0.223894    -0.631437     0.278795
   -0.113762    -0.739926     0.306690
    0.054978    -0.774543     0.333393
    0.236921    -0.735347     0.377229
    0.376703    -0.643237     0.416486
    0.453232    -0.474093     0.403194
    0.460214    -0.212788     0.343481
    0.535478     0.035066     0.267290
    0.468083     0.188147     0.241434
    0.393501     0.278760     0.237920
    0.305530     0.370827     0.235544
    0.207067     0.487786     0.222733
    0.108750     0.597866     0.211836
    0.005689     0.649435     0.221613
   -0.113762     0.645624     0.256015
   -0.237810     0.637782     0.289001
   -0.344132     0.653274     0.279100
   -0.436697     0.654041     0.235214
   -0.522230     0.558071     0.201445
   -0.567412     0.359087     0.194233
   -0.537310     0.163793     0.201018
   -0.468195     0.035066     0.196951
   -0.417585    -0.053508     0.175366
   -0.397371    -0.144884     0.156958
   -0.383071    -0.260182     0.158834
   -0.347489    -0.394242     0.184148
   -0.288606    -0.534805     0.221433
   -0.213859    -0.676210     0.246561
   -0.113762    -0.798040     0.253345
    0.023044    -0.859157     0.264458
    0.181804    -0.845945     0.301990
    0.336232    -0.786971     0.364113
    0.470813    -0.687062     0.409675
    0.561468    -0.498917     0.390521
    0.579484    -0.220354     0.324647
    0.612872     0.035066     0.228085
    0.557182     0.177420     0.200772
    0.493468     0.266679     0.193653
    0.411831     0.349657     0.193489
    0.309833     0.453239     0.187740
    0.204525     0.572582     0.175904
    0.107180     0.674592     0.169039
    0.006652     0.729931     0.177033
   -0.113762     0.746426     0.200296
   -0.247485     0.757566     0.222978
   -0.370463     0.785169     0.219781
   -0.478035     0.811618     0.190655
   -0.580202     0.774475     0.161981
   -0.658438     0.619198     0.150553
   -0.663457     0.385926     0.155926
   -0.590939     0.176192     0.166179
   -0.505071     0.035066     0.163903
   -0.457968    -0.060381     0.146306
   -0.453877    -0.145877     0.129022
   -0.463314    -0.241335     0.124708
   -0.442696    -0.348268     0.136852
   -0.376994    -0.461506     0.162158
   -0.291718    -0.582044     0.186959
   -0.206289    -0.709680     0.195747
   -0.113762    -0.822467     0.192098
   -0.002081    -0.880780     0.194226
    0.125760    -0.869157     0.217344
    0.259175    -0.814051     0.267481
    0.395485    -0.739811     0.331030
    0.526828    -0.627254     0.366031
    0.620973    -0.436692     0.341024
    0.646067    -0.186654     0.280518
    0.658923     0.035066     0.152286
    0.619034     0.158244     0.134618
    0.571770     0.245968     0.128315
    0.505654     0.324627     0.127858
    0.410860     0.412181     0.126766
    0.299851     0.511877     0.121439
    0.194270     0.613609     0.114218
    0.099609     0.702581     0.110343
    0.002055     0.770804     0.113203
   -0.113762     0.821528     0.122321
   -0.243941     0.863877     0.131818
   -0.368941     0.902771     0.132527
   -0.481383     0.928271     0.122202
   -0.590583     0.909575     0.109065
   -0.692202     0.808082     0.101526
   -0.745416     0.616981     0.102253
   -0.710121     0.386144     0.109177
   -0.612937     0.182746     0.115511
   -0.522774     0.035066     0.113141
   -0.480214    -0.070230     0.102253
   -0.487221    -0.158327     0.091114
   -0.519905    -0.246338     0.086059
   -0.531446    -0.339037     0.088943
   -0.483547    -0.434290     0.099314
   -0.390059    -0.531710     0.113510
   -0.290909    -0.633903     0.123902
   -0.201894    -0.736725     0.125509
   -0.113762    -0.820134     0.122314
   -0.015165    -0.857164     0.122550
    0.093428    -0.839342     0.132715
    0.205509    -0.785398     0.156691
    0.321795    -0.717370     0.193142
    0.446347    -0.634273     0.228536
    0.567646    -0.512596     0.240080
    0.653572    -0.337934     0.219305
    0.680095    -0.138203     0.183132
    0.696970     0.035066     0.039923
    0.664724     0.141562     0.039923
    0.625036     0.228447     0.039923
    0.569968     0.307769     0.039923
    0.488175     0.386572     0.039923
    0.383365     0.465275     0.039923
    0.274022     0.541419     0.039923
    0.174944     0.614876     0.039923
    0.085156     0.689318     0.039923
   -0.007672     0.768452     0.039923
   -0.113762     0.850638     0.039923
   -0.229560     0.926401     0.039923
   -0.341854     0.980930     0.039923
   -0.445312     0.999293     0.039923
   -0.547798     0.969563     0.039923
   -0.653716     0.883458     0.039923
   -0.741859     0.740120     0.039923
   -0.767925     0.554029     0.039923
   -0.711743     0.355890     0.039923
   -0.611781     0.177764     0.039923
   -0.525803     0.035066     0.039923
   -0.483779    -0.076467     0.039923
   -0.487630    -0.170493     0.039923
   -0.522104    -0.259215     0.039923
   -0.553540    -0.348235     0.039923
   -0.540865    -0.437037     0.039923
   -0.472541    -0.523024     0.039923
   -0.376727    -0.604837     0.039923
   -0.283396    -0.681162     0.039923
   -0.198838    -0.746505     0.039923
   -0.113762    -0.790075     0.039923
   -0.019860    -0.802005     0.039923
    0.081262    -0.782106     0.039923
    0.182730    -0.740367     0.039923
    0.283713    -0.686892     0.039923
    0.390662    -0.621336     0.039923
    0.505457    -0.532070     0.039923
    0.613393    -0.408085     0.039923
    0.687483    -0.255563     0.039923
    0.711874    -0.099620     0.039923
    0.724172     0.035066    -0.073883
    0.680807     0.151262    -0.056598
    0.623396     0.256051    -0.049729
    0.545520     0.354503    -0.048671
    0.440504     0.440725    -0.047518
    0.320992     0.508451    -0.042259
    0.207343     0.565003    -0.034078
    0.104784     0.630150    -0.027524
    0.001524     0.721704    -0.025944
   -0.113762     0.839724    -0.029575
   -0.235459     0.956112    -0.035408
   -0.349280     1.023256    -0.038473
   -0.455785     1.006913    -0.036384
   -0.568714     0.909255    -0.032317
   -0.683725     0.755298    -0.031393
   -0.753278     0.570292    -0.036068
   -0.725760     0.375697    -0.044049
   -0.624800     0.192429    -0.048002
   -0.526371     0.035066    -0.041469
   -0.476070    -0.095905    -0.027519
   -0.476417    -0.211168    -0.015029
   -0.504464    -0.322033    -0.009392
   -0.517070    -0.431904    -0.011668
   -0.477648    -0.534918    -0.020981
   -0.394678    -0.621405    -0.034192
   -0.301299    -0.684297    -0.045750
   -0.210707    -0.720937    -0.052100
   -0.113762    -0.732176    -0.055721
   -0.001999    -0.722596    -0.062613
    0.117407    -0.699629    -0.077976
    0.232525    -0.667783    -0.103759
    0.345707    -0.620992    -0.135482
    0.467937    -0.542413    -0.159653
    0.594810    -0.419216    -0.160770
    0.695522    -0.262381    -0.136967
    0.738022    -0.103113    -0.102776
    0.705181     0.035066    -0.156744
    0.643835     0.168351    -0.128621
    0.561129     0.297330    -0.118435
    0.461852     0.412439    -0.116477
    0.348939     0.490774    -0.111511
    0.235286     0.535079    -0.099360
    0.127134     0.581912    -0.086474
    0.013998     0.669704    -0.081392
   -0.113762     0.807783    -0.086835
   -0.244228     0.951143    -0.098180
   -0.360643     1.010956    -0.106252
   -0.471104     0.937386    -0.106665
   -0.591467     0.768616    -0.105339
   -0.696454     0.569482    -0.110060
   -0.715877     0.374715    -0.120049
   -0.634297     0.195106    -0.123496
   -0.529780     0.035066    -0.109393
   -0.467554    -0.107183    -0.084339
   -0.453683    -0.241587    -0.064710
   -0.458889    -0.377103    -0.059545
   -0.441609    -0.508315    -0.069818
   -0.384448    -0.613146    -0.091757
   -0.305215    -0.669940    -0.117024
   -0.217638    -0.678180    -0.138318
   -0.113762    -0.658781    -0.157679
    0.012289    -0.636583    -0.184138
    0.144828    -0.623464    -0.223976
    0.268707    -0.608955    -0.272032
    0.393102    -0.560957    -0.307706
    0.528902    -0.449692    -0.306324
    0.653166    -0.285783    -0.264382
    0.717722    -0.114525    -0.205621
    0.610914     0.035066    -0.211578
    0.540469     0.185978    -0.179423
    0.446161     0.335069    -0.168587
    0.347463     0.452081    -0.164924
    0.249283     0.510393    -0.155735
    0.148491     0.546659    -0.142278
    0.030007     0.622808    -0.136350
   -0.113762     0.763324    -0.144939
   -0.257954     0.909633    -0.162567
   -0.379076     0.934870    -0.175193
   -0.491758     0.794339    -0.176563
   -0.604859     0.577564    -0.175065
   -0.666656     0.369597    -0.177018
   -0.624390     0.191149    -0.174489
   -0.529136     0.035066    -0.156873
   -0.458928    -0.110887    -0.131096
   -0.428349    -0.261273    -0.115025
   -0.408228    -0.419942    -0.118704
   -0.367656    -0.559468    -0.141573
   -0.302888    -0.633315    -0.175776
   -0.220518    -0.630138    -0.213189
   -0.113762    -0.591435    -0.254966
    0.017401    -0.564492    -0.307546
    0.149418    -0.561310    -0.366330
    0.271335    -0.548513    -0.406382
    0.399444    -0.468848    -0.398885
    0.530716    -0.309786    -0.343229
    0.615030    -0.127435    -0.270200
    0.464163     0.035066    -0.260301
    0.403132     0.194197    -0.227772
    0.320856     0.346640    -0.217422
    0.242195     0.449894    -0.212472
    0.159201     0.501680    -0.204304
    0.044241     0.570286    -0.201877
   -0.113762     0.698478    -0.215205
   -0.271243     0.819098    -0.236345
   -0.392696     0.786481    -0.244428
   -0.495748     0.593614    -0.234385
   -0.574791     0.371019    -0.220212
   -0.577620     0.187289    -0.207822
   -0.512339     0.035066    -0.192520
   -0.447594    -0.112479    -0.178027
   -0.406859    -0.278357    -0.177329
   -0.367335    -0.452954    -0.197344
   -0.308269    -0.572225    -0.233848
   -0.225171    -0.588021    -0.280402
   -0.113762    -0.545570    -0.338747
    0.015775    -0.514636    -0.407953
    0.136042    -0.503818    -0.461998
    0.247372    -0.454640    -0.461487
    0.363790    -0.316671    -0.402325
    0.453980    -0.133730    -0.322744
    0.320376     0.035066    -0.317773
    0.278541     0.190059    -0.287562
    0.218010     0.329399    -0.279205
    0.152595     0.420810    -0.276906
    0.049027     0.495928    -0.279947
   -0.113762     0.603998    -0.295303
   -0.274380     0.677374    -0.308239
   -0.384717     0.584991    -0.293824
   -0.462951     0.378758    -0.261087
   -0.498150     0.188345    -0.235960
   -0.474990     0.035066    -0.226541
   -0.431361    -0.119106    -0.232815
   -0.388712    -0.303871    -0.256691
   -0.329252    -0.478332    -0.294820
   -0.237210    -0.547302    -0.342194
   -0.113762    -0.518555    -0.402774
    0.014693    -0.476131    -0.468105
    0.121215    -0.425764    -0.494706
    0.217091    -0.307608    -0.453744
    0.298636    -0.132340    -0.378919
    0.212400     0.035066    -0.380449
    0.185046     0.181158    -0.356550
    0.133024     0.304460    -0.352714
    0.042380     0.397755    -0.357073
   -0.113762     0.487053    -0.364765
   -0.264164     0.509526    -0.352202
   -0.355745     0.379886    -0.306795
   -0.409226     0.195772    -0.266619
   -0.424038     0.035066    -0.262230
   -0.406783    -0.136017    -0.292575
   -0.357945    -0.340378    -0.340531
   -0.257065    -0.482451    -0.388800
   -0.113762    -0.486164    -0.440508
    0.018815    -0.419623    -0.486622
    0.114263    -0.302451    -0.483822
    0.185822    -0.131008    -0.431797
    0.136306     0.035066    -0.428171
    0.108816     0.177007    -0.413555
    0.030479     0.289753    -0.410977
   -0.113762     0.368005    -0.400619
   -0.249067     0.349574    -0.356646
   -0.326019     0.205878    -0.302135
   -0.366762     0.035066    -0.296864
   -0.361849    -0.162190    -0.344960
   -0.275110    -0.361592    -0.402792
   -0.113762    -0.412033    -0.447877
    0.026249    -0.313109    -0.475177
    0.107504    -0.138351    -0.460054
    0.069019     0.035066    -0.441982
    0.019028     0.179584    -0.430801
   -0.113762     0.259640    -0.402485
   -0.238961     0.205906    -0.343498
   -0.300428     0.035066    -0.327967
   -0.271400    -0.179642    -0.381015
   -0.113762    -0.279148    -0.430872
    0.026731    -0.152801    -0.450693
   -0.012698     0.035066    -0.423574
   -0.113762     0.155323    -0.392014
   -0.215933     0.035066    -0.357897
   -0.113762    -0.115223    -0.406087
   -0.113762     0.035066    -0.390695
     1      2      3
     1      3      4
     1      4      5
     1      5      2
     2      6      7
     7      3      2
     3      7      8
     3      8      9
     9      4      3
     4      9     10
     4     10     11
    11      5      4
     5     11     12
     5     12     13
    13      2      5
     2     13      6
     6     14     15
    15      7      6
     7     15     16
    16      8      7
     8     16     17
     8     17     18
    18      9      8
     9     18     19
    19     10      9
    10     19     20
    10     20     21
    21     11     10
    11     21     22
    22     12     11
    12     22     23
    12     23     24
    24     13     12
    13     24     25
    25      6     13
     6     25     14
    14     26     27
    27     15     14
    15     27     28
    28     16     15
    16     28     29
    29     17     16
    17     29     30
    17     30     31
    31     18     17
    18     31     32
    32     19     18
    19     32     33
    33     20     19
    20     33     34
    20     34     35
    35     21     20
    21     35     36
    36     22     21
    22     36     37
    37     23     22
    23     37     38
    23     38     39
    39     24     23
    24     39     40
    40     25     24
    25     40     41
    41     14     25
    14     41     26
    26     42     43
    43     27     26
    27     43     44
    44     28     27
    28     44     45
    45     29     28
    29     45     46
    46     30     29
    30     46     47
    30     47     48
    48     31     30
    31     48     49
    49     32     31
    32     49     50
    50     33     32
    33     50     51
    51     34     33
    34     51     52
    34     52     53
    53     35     34
    35     53     54
    54     36     35
    36     54     55
    55     37     36
    37     55     56
    56     38     37
    38     56     57
    38     57     58
    58     39     38
    39     58     59
    59     40     39
    40     59     60
    60     41     40
    41     60     61
    61     26     41
    26     61     42
    42     62     63
    63     43     42
    43     63     64
    64     44     43
    44     64     65
    65     45     44
    45     65     66
    66     46     45
    46     66     67
    67     47     46
    47     67     68
    47     68     69
    69     48     47
    48     69     70
    70     49     48
    49     70     71
    71     50     49
    50     71     72
    72     51     50
    51     72     73
    73     52     51
    52     73     74
    52     74     75
    75     53     52
    53     75     76
    76     54     53
    54     76     77
    77     55     54
    55     77     78
    78     56     55
    56     78     79
    79     57     56
    57     79     80
    57     80     81
    81     58     57
    58     81     82
    82     59     58
    59     82     83
    83     60     59
    60     83     84
    84     61     60
    61     84     85
    85     42     61
    42     85     62
    62     86     87
    87     63     62
    63     87     88
    88     64     63
    64     88     89
    89     65     64
    65     89     90
    90     66     65
    66     90     91
    91     67     66
    67     91     92
    92     68     67
    68     92     93
    68     93     94
    94     69     68
    69     94     95
    95     70     69
    70     95     96
    96     71     70
    71     96     97
    97     72     71
    72     97     98
    98     73     72
    73     98     99
    99     74     73
    74     99    100
    74    100    101
   101     75     74
    75    101    102
   102     76     75
    76    102    103
   103     77     76
    77    103    104
   104     78     77
    78    104    105
   105     79     78
    79    105    106
   106     80     79
    80    106    107
    80    107    108
   108     81     80
    81    108    109
   109     82     81
    82    109    110
   110     83     82
    83    110    111
   111     84     83
    84    111    112
   112     85     84
    85    112    113
   113     62     85
    62    113     86
    86    114    115
   115     87     86
    87    115    116
   116     88     87
    88    116    117
   117     89     88
    89    117    118
   118     90     89
    90    118    119
   119     91     90
    91    119    120
   120     92     91
    92    120    121
   121     93     92
    93    121    122
    93    122    123
   123     94     93
    94    123    124
   124     95     94
    95    124    125
   125     96     95
    96    125    126
   126     97     96
    97    126    127
   127     98     97
    98    127    128
   128     99     98
    99    128    129
   129    100     99
   100    129    130
   100    130    131
   131    101    100
   101    131    132
   132    102    101
   102    132    133
   133    103    102
   103    133    134
   134    104    103
   104    134    135
   135    105    104
   105    135    136
   136    106    105
   106    136    137
   137    107    106
   107    137    138
   107    138    139
   139    108    107
   108    139    140
   140    109    108
   109    140    141
   141    110    109
   110    141    142
   142    111    110
   111    142    143
   143    112    111
   112    143    144
   144    113    112
   113    144    145
   145     86    113
    86    145    114
   114    146    147
   147    115    114
   115    147    148
   148    116    115
   116    148    149
   149    117    116
   117    149    150
   150    118    117
   118    150    151
   151    119    118
   119    151    152
   152    120    119
   120    152    153
   153    121    120
   121    153    154
   154    122    121
   122    154    155
   122    155    156
   156    123    122
   123    156    157
   157    124    123
   124    157    158
   158    125    124
   125    158    159
   159    126    125
   126    159    160
   160    127    126
   127    160    161
   161    128    127
   128    161    162
   162    129    128
   129    162    163
   163    130    129
   130    163    164
   130    164    165
   165    131    130
   131    165    166
   166    132    131
   132    166    167
   167    133    132
   133    167    168
   168    134    133
   134    168    169
   169    135    134
   135    169    170
   170    136    135
   136    170    171
   171    137    136
   137    171    172
   172    138    137
   138    172    173
   138    173    174
   174    139    138
   139    174    175
   175    140    139
   140    175    176
   176    141    140
   141    176    177
   177    142    141
   142    177    178
   178    143    142
   143    178    179
   179    144    143
   144    179    180
   180    145    144
   145    180    181
   181    114    145
   114    181    146
   146    182    183
   183    147    146
   147    183    184
   184    148    147
   148    184    185
   185    149    148
   149    185    186
   186    150    149
   150    186    187
   187    151    150
   151    187    188
   188    152    151
   152    188    189
   189    153    152
   153    189    190
   190    154    153
   154    190    191
   191    155    154
   155    191    192
   155    192    193
   193    156    155
   156    193    194
   194    157    156
   157    194    195
   195    158    157
   158    195    196
   196    159    158
   159    196    197
   197    160    159
   160    197    198
   198    161    160
   161    198    199
   199    162    161
   162    199    200
   200    163    162
   163    200    201
   201    164    163
   164    201    202
   164    202    203
   203    165    164
   165    203    204
   204    166    165
   166    204    205
   205    167    166
   167    205    206
   206    168    167
   168    206    207
   207    169    168
   169    207    208
   208    170    169
   170    208    209
   209    171    170
   171    209    210
   210    172    171
   172    210    211
   211    173    172
   173    211    212
   173    212    213
   213    174    173
   174    213    214
   214    175    174
   175    214    215
   215    176    175
   176    215    216
   216    177    176
   177    216    217
   217    178    177
   178    217    218
   218    179    178
   179    218    219
   219    180    179
   180    219    220
   220    181    180
   181    220    221
   221    146    181
   146    221    182
   222    183    182
   223    183    222
   223    184    183
   224    184    223
   224    185    184
   225    185    224
   225    186    185
   226    186    225
   226    187    186
   227    187    226
   227    188    187
   228    188    227
   228    189    188
   229    189    228
   229    190    189
   230    190    229
   230    191    190
   231    191    230
   231    192    191
   231    193    192
   232    193    231
   232    194    193
   233    194    232
   233    195    194
   234    195    233
   234    196    195
   235    196    234
   235    197    196
   236    197    235
   236    198    197
   237    198    236
   237    199    198
   238    199    237
   238    200    199
   239    200    238
   239    201    200
   240    201    239
   240    202    201
   240    203    202
   241    203    240
   241    204    203
   242    204    241
   242    205    204
   243    205    242
   243    206    205
   244    206    243
   244    207    206
   245    207    244
   245    208    207
   246    208    245
   246    209    208
   247    209    246
   247    210    209
   248    210    247
   248    211    210
   249    211    248
   249    212    211
   249    213    212
   250    213    249
   250    214    213
   251    214    250
   251    215    214
   252    215    251
   252    216    215
   253    216    252
   253    217    216
   254    217    253
   254    218    217
   255    218    254
   255    219    218
   256    219    255
   256    220    219
   257    220    256
   257    221    220
   222    221    257
   222    182    221
   258    223    222
   259    223    258
   259    224    223
   260    224    259
   260    225    224
   261    225    260
   261    226    225
   262    226    261
   262    227    226
   263    227    262
   263    228    227
   264    228    263
   264    229    228
   265    229    264
   265    230    229
   266    230    265
   266    231    230
   266    232    231
   267    232    266
   267    233    232
   268    233    267
   268    234    233
   269    234    268
   269    235    234
   270    235    269
   270    236    235
   271    236    270
   271    237    236
   272    237    271
   272    238    237
   273    238    272
   273    239    238
   274    239    273
   274    240    239
   274    241    240
   275    241    274
   275    242    241
   276    242    275
   276    243    242
   277    243    276
   277    244    243
   278    244    277
   278    245    244
   279    245    278
   279    246    245
   280    246    279
   280    247    246
   281    247    280
   281    248    247
   282    248    281
   282    249    248
   282    250    249
   283    250    282
   283    251    250
   284    251    283
   284    252    251
   285    252    284
   285    253    252
   286    253    285
   286    254    253
   287    254    286
   287    255    254
   288    255    287
   288    256    255
   289    256    288
   289    257    256
   258    257    289
   258    222    257
   290    259    258
   291    259    290
   291    260    259
   292    260    291
   292    261    260
   293    261    292
   293    262    261
   294    262    293
   294    263    262
   295    263    294
   295    264    263
   296    264    295
   296    265    264
   297    265    296
   297    266    265
   297    267    266
   298    267    297
   298    268    267
   299    268    298
   299    269    268
   300    269    299
   300    270    269
   301    270    300
   301    271    270
   302    271    301
   302    272    271
   303    272    302
   303    273    272
   304    273    303
   304    274    273
   304    275    274
   305    275    304
   305    276    275
   306    276    305
   306    277    276
   307    277    306
   307    278    277
   308    278    307
   308    279    278
   309    279    308
   309    280    279
   310    280    309
   310    281    280
   311    281    310
   311    282    281
   311    283    282
   312    283    311
   312    284    283
   313    284    312
   313    285    284
   314    285    313
   314    286    285
   315    286    314
   315    287    286
   316    287    315
   316    288    287
   317    288    316
   317    289    288
   290    289    317
   290    258    289
   318    291    290
   319    291    318
   319    292    291
   320    292    319
   320    293    292
   321    293    320
   321    294    293
   322    294    321
   322    295    294
   323    295    322
   323    296    295
   324    296    323
   324    297    296
   324    298    297
   325    298    324
   325    299    298
   326    299    325
   326    300    299
   327    300    326
   327    301    300
   328    301    327
   328    302    301
   329    302    328
   329    303    302
   330    303    329
   330    304    303
   330    305    304
   331    305    330
   331    306    305
   332    306    331
   332    307    306
   333    307    332
   333    308    307
   334    308    333
   334    309    308
   335    309    334
   335    310    309
   336    310    335
   336    311    310
   336    312    311
   337    312    336
   337    313    312
   338    313    337
   338    314    313
   339    314    338
   339    315    314
   340    315    339
   340    316    315
   341    316    340
   341    317    316
   318    317    341
   318    290    317
   342    319    318
   343    319    342
   343    320    319
   344    320    343
   344    321    320
   345    321    344
   345    322    321
   346    322    345
   346    323    322
   347    323    346
   347    324    323
   347    325    324
   348    325    347
   348    326    325
   349    326    348
   349    327    326
   350    327    349
   350    328    327
   351    328    350
   351    329    328
   352    329    351
   352    330    329
   352    331    330
   353    331    352
   353    332    331
   354    332    353
   354    333    332
   355    333    354
   355    334    333
   356    334    355
   356    335    334
   357    335    356
   357    336    335
   357    337    336
   358    337    357
   358    338    337
   359    338    358
   359    339    338
   360    339    359
   360    340    339
   361    340    360
   361    341    340
   342    341    361
   342    318    341
   362    343    342
   363    343    362
   363    344    343
   364    344    363
   364    345    344
   365    345    364
   365    346    345
   366    346    365
   366    347    346
   366    348    347
   367    348    366
   367    349    348
   368    349    367
   368    350    349
   369    350    368
   369    351    350
   370    351    369
   370    352    351
   370    353    352
   371    353    370
   371    354    353
   372    354    371
   372    355    354
   373    355    372
   373    356    355
   374    356    373
   374    357    356
   374    358    357
   375    358    374
   375    359    358
   376    359    375
   376    360    359
   377    360    376
   377    361    360
   362    361    377
   362    342    361
   378    363    362
   379    363    378
   379    364    363
   380    364    379
   380    365    364
   381    365    380
   381    366    365
   381    367    366
   382    367    381
   382    368    367
   383    368    382
   383    369    368
   384    369    383
   384    370    369
   384    371    370
   385    371    384
   385    372    371
   386    372    385
   386    373    372
   387    373    386
   387    374    373
   387    375    374
   388    375    387
   388    376    375
   389    376    388
   389    377    376
   378    377    389
   378    362    377
   390    379    378
   391    379    390
   391    380    379
   392    380    391
   392    381    380
   392    382    381
   393    382    392
   393    383    382
   394    383    393
   394    384    383
   394    385    384
   395    385    394
   395    386    385
   396    386    395
   396    387    386
   396    388    387
   397    388    396
   397    389    388
   390    389    397
   390    378    389
   398    391    390
   399    391    398
   399    392    391
   399    393    392
   400    393    399
   400    394    393
   400    395    394
   401    395    400
   401    396    395
   401    397    396
   398    397    401
   398    390    397
   402    399    398
   402    400    399
   402    401    400
   402    398    401
