1016 2028
    0.024595     0.105372     0.518526
    0.021808     0.108159     0.518526
    0.021420     0.106610     0.518717
    0.021420     0.105056     0.518870
    0.024637     0.105056     0.518553
    0.011118     0.096308     0.518717
    0.010881     0.094517     0.518870
   -0.002975     0.073606     0.517294
   -0.022402     0.055851     0.513632
   -0.020730     0.054179     0.513632
    0.024753     0.104950     0.518531
    0.006543     0.086740     0.518531
    0.028809     0.113587     0.516216
    0.026144     0.110922     0.517359
    0.034275     0.100389     0.516216
    0.021808     0.109712     0.518271
    0.017740     0.127577     0.513363
    0.017740     0.118207     0.516205
    0.032063     0.121644     0.513363
   -0.025397     0.211907     0.482361
   -0.037871     0.206740     0.482361
   -0.008813     0.134805     0.507834
    0.003933     0.122060     0.513301
   -0.010907     0.195054     0.489294
   -0.044420     0.048841     0.507834
   -0.037037     0.048841     0.510073
    0.000641     0.077222     0.517937
   -0.078145     0.034524     0.495804
   -0.064953     0.002676     0.495804
   -0.044100     0.023529     0.504750
   -0.034070     0.026328     0.506859
   -0.087105    -0.052160     0.476387
   -0.073282    -0.086268     0.467777
   -0.034070    -0.102510     0.467777
    0.069084     0.058124     0.503543
   -0.009380    -0.160666     0.447033
    0.195994    -0.075598     0.447033
    0.191377    -0.064170     0.451080
    0.051921     0.086610     0.511049
    0.065791     0.069924     0.506025
    0.163763    -0.014308     0.465722
    0.194891    -0.055687     0.451080
    0.115358     0.166343     0.465722
    0.074514     0.150355     0.489843
    0.060288     0.149869     0.496087
    0.149038     0.211442     0.432285
    0.084274     0.276206     0.432285
    0.062722     0.221150     0.464800
    0.090733     0.405294     0.362362
   -0.090472     0.453847     0.362362
   -0.090472     0.418236     0.381396
   -0.198071     0.639850     0.247530
   -0.228694     0.672645     0.225615
   -0.284505     0.657691     0.225615
   -0.282875     0.625120     0.243258
   -0.219837     0.464087     0.338360
   -0.217173     0.386042     0.372616
   -0.374259     0.533736     0.243258
   -0.384551     0.488264     0.258189
   -0.330121     0.415382     0.312225
   -0.258799     0.387463     0.354346
   -0.133708     0.034524     0.471757
   -0.438739     0.010013     0.312225
   -0.211423     0.010013     0.433727
   -0.235252    -0.057218     0.411362
   -0.443710     0.007137     0.309156
   -0.419895    -0.081739     0.309156
   -0.371260    -0.110459     0.331039
   -0.363748    -0.143648     0.320140
   -0.084765    -0.422632     0.320140
   -0.065249    -0.501715     0.289412
   -0.009380    -0.481913     0.307998
   -0.075726    -0.711091     0.175998
   -0.020742    -0.804202     0.134103
    0.010368    -0.812538     0.134103
    0.010368    -0.544527     0.277358
    0.040894    -0.865308     0.101525
    0.063827    -0.889868     0.085113
    0.068435    -0.892132     0.083243
    0.080640    -0.895690     0.079593
    0.171580    -0.889327     0.069970
    0.398194    -0.828607     0.069970
    0.455753    -0.731133     0.113826
    0.454289    -0.701864     0.129681
    0.450538    -0.330142     0.291234
    0.465095    -0.658074     0.146696
    0.454048    -0.334448     0.288741
    0.568233    -0.554937     0.146696
    0.574105    -0.539589     0.150717
    0.586199    -0.501728     0.161654
    0.602866    -0.428086     0.185836
    0.565525    -0.378086     0.222906
    0.415295    -0.230706     0.324313
    0.417573    -0.232024     0.322907
    0.567220    -0.371759     0.222906
    0.641860     0.110040     0.083000
    0.563554     0.172249     0.137109
    0.597191    -0.379278     0.199537
    0.630047    -0.379278     0.172572
    0.636325    -0.374351     0.166616
    0.650498    -0.358523     0.152400
    0.664453    -0.337894     0.137580
    0.699782    -0.271245     0.097707
    0.708382    -0.253100     0.087686
    0.704942    -0.207099     0.083000
    0.529294     0.209499     0.154847
    0.168590     0.224558     0.415433
    0.512694     0.282539     0.130914
    0.262520     0.656951     0.130914
    0.217991     0.612422     0.186118
    0.197431     0.564335     0.225276
    0.297893     0.771494     0.028225
    0.288557     0.792592     0.017181
    0.222191     0.836936     0.017181
    0.210683     0.787449     0.059673
    0.218369     0.854670     0.003252
   -0.003317     0.898766     0.003252
   -0.058194     0.902870     0.008842
   -0.064032     0.900103     0.012066
   -0.101852     0.874519     0.039235
   -0.179540     0.804952     0.109010
   -0.206720     0.780204     0.133757
   -0.219983     0.767905     0.146016
   -0.234492     0.749419     0.163555
   -0.234492     0.695757     0.207595
   -0.243095     0.747708     0.163555
   -0.256552     0.737164     0.170011
   -0.283621     0.713497     0.185016
   -0.285146     0.712378     0.185534
   -0.297508     0.701009     0.191421
   -0.299693     0.696134     0.194555
   -0.300314     0.681256     0.205303
   -0.317804     0.684033     0.194555
   -0.319184     0.682857     0.194743
   -0.374378     0.646518     0.185016
   -0.383093     0.637803     0.185016
   -0.456081     0.605507     0.146811
   -0.503745     0.574769     0.126652
   -0.566625     0.480662     0.126652
   -0.644742     0.445660     0.076431
   -0.691954     0.394326     0.051988
   -0.552142     0.007137     0.229934
   -0.736479     0.358954     0.021221
   -0.773903     0.170812     0.021221
   -0.778871     0.104378     0.027989
   -0.778216     0.102698     0.028801
   -0.776295     0.098646     0.031038
   -0.754764     0.058027     0.055339
   -0.732674     0.025373     0.078798
   -0.717210     0.008103     0.094309
   -0.703901    -0.002343     0.106936
   -0.589932    -0.002343     0.200468
   -0.615650    -0.073566     0.167735
   -0.701472    -0.014556     0.106936
   -0.680903    -0.038081     0.119976
   -0.636471    -0.073379     0.150678
   -0.625247    -0.075798     0.159495
   -0.388113    -0.430694     0.159495
   -0.373024    -0.493014     0.135130
   -0.322454    -0.569824     0.121594
   -0.172936    -0.719342     0.121594
   -0.133942    -0.807465     0.075467
   -0.020638    -0.883172     0.075467
   -0.017538    -0.880953     0.078656
   -0.004909    -0.881847     0.080475
    0.018295    -0.886463     0.080475
    0.099522    -0.903054     0.070468
    0.161304    -0.916396     0.049433
    0.231918    -0.911115     0.042239
    0.233979    -0.911127     0.041827
    0.352270    -0.902750     0.024790
    0.383018    -0.874471     0.039431
    0.397641    -0.841836     0.060412
    0.415906    -0.829631     0.060412
    0.440442    -0.791584     0.076504
    0.466777    -0.732069     0.107657
    0.472890    -0.725956     0.107657
    0.558197    -0.596386     0.130490
    0.593500    -0.481312     0.166365
    0.605623    -0.427971     0.183844
    0.607561    -0.425864     0.182840
    0.611341    -0.418467     0.181527
    0.627823    -0.390460     0.172572
    0.710389    -0.250832     0.084803
    0.725933    -0.227749     0.061409
    0.737186    -0.210290     0.044327
    0.741690    -0.196313     0.036142
    0.745372    -0.182755     0.029038
    0.747017    -0.172199     0.024996
    0.753337    -0.124864     0.008160
    0.751763    -0.105592     0.006360
    0.750943    -0.097780     0.005851
    0.747539    -0.076288     0.005851
    0.745039    -0.047063     0.002125
    0.739585    -0.002493    -0.001711
    0.728902     0.068886    -0.005663
    0.725246     0.080489    -0.004147
    0.723057     0.085611    -0.002832
    0.709700     0.103301     0.008230
    0.697494     0.152134    -0.006486
    0.544298     0.452799    -0.006486
    0.529687     0.473678    -0.001874
    0.404809     0.677886    -0.012490
    0.389907     0.695775    -0.009784
    0.323463     0.769824     0.005785
    0.312020     0.795512    -0.007589
    0.286714     0.820818    -0.007589
    0.280235     0.834514    -0.016185
    0.261254     0.856901    -0.025090
    0.255554     0.862016    -0.026288
    0.220620     0.858910    -0.002020
    0.242699     0.880303    -0.039914
    0.233504     0.889769    -0.045465
    0.216704     0.898329    -0.045465
    0.209533     0.908322    -0.055096
    0.180817     0.930005    -0.073054
    0.176954     0.932184    -0.074640
    0.171770     0.934399    -0.075971
    0.119768     0.938847    -0.069341
    0.068814     0.946917    -0.069341
    0.011398     0.951609    -0.063978
    0.002490     0.948738    -0.058761
   -0.034525     0.923813    -0.021246
   -0.108258     0.870553     0.042832
   -0.294027     0.707853     0.185534
   -0.298760     0.701120     0.190551
   -0.436121     0.619014     0.152870
   -0.452546     0.609042     0.146811
   -0.648726     0.506185     0.035665
   -0.649997     0.504769     0.035367
   -0.719983     0.455574    -0.016780
   -0.770958     0.355529    -0.016780
   -0.771906     0.354849    -0.017693
   -0.788224     0.333238    -0.031208
   -0.795764     0.245086    -0.019970
   -0.795962     0.238555    -0.018732
   -0.799381     0.196715    -0.014824
   -0.799190     0.191871    -0.013656
   -0.797875     0.173346    -0.008479
   -0.795058     0.152242    -0.000972
   -0.793739     0.143781     0.002267
   -0.791569     0.135792     0.006453
   -0.787701     0.123787     0.013483
   -0.779442     0.105227     0.027129
   -0.721508     0.007339     0.088924
   -0.718517     0.004089     0.091941
   -0.707948    -0.009909     0.100695
   -0.660355    -0.078409     0.119976
   -0.639560    -0.108125     0.126540
   -0.470884    -0.383954     0.112200
   -0.286525    -0.650479     0.079601
   -0.248357    -0.713345     0.056412
   -0.132524    -0.829178     0.056412
   -0.110312    -0.876133     0.026944
   -0.099328    -0.885989     0.024634
   -0.085879    -0.889588     0.029578
   -0.020981    -0.883819     0.074664
   -0.080243    -0.892460     0.029578
   -0.079143    -0.892735     0.029909
   -0.028348    -0.887768     0.065722
   -0.020979    -0.883834     0.074646
    0.016517    -0.887041     0.079426
    0.027580    -0.888794     0.079426
    0.172003    -0.919302     0.043827
    0.241614    -0.913613     0.037324
    0.253567    -0.913250     0.035059
    0.351907    -0.904839     0.022522
    0.352087    -0.904588     0.022764
    0.384466    -0.888091     0.022764
    0.393391    -0.875393     0.032225
    0.394898    -0.874041     0.032542
    0.446235    -0.785791     0.076504
    0.559206    -0.595262     0.130254
    0.593897    -0.480534     0.166365
    0.637428    -0.377740     0.164617
    0.641008    -0.373850     0.161006
    0.753348    -0.124793     0.008122
    0.753499    -0.122393     0.007250
    0.753460    -0.121964     0.007217
    0.749342    -0.082859     0.004517
    0.717725     0.105319    -0.008026
    0.707992     0.134820    -0.012588
    0.697824     0.159370    -0.012588
    0.686958     0.196141    -0.024545
    0.681529     0.210575    -0.027471
    0.569033     0.419518    -0.018303
    0.311773     0.797601    -0.009784
    0.307886     0.805106    -0.014092
    0.300966     0.813783    -0.016185
    0.247454     0.875912    -0.038714
    0.245213     0.878373    -0.039914
    0.219465     0.907565    -0.061636
    0.217933     0.908704    -0.062180
    0.206679     0.919293    -0.073054
    0.147400     0.948126    -0.093236
    0.145362     0.948799    -0.093850
    0.095170     0.953633    -0.088397
    0.070302     0.956907    -0.088397
    0.029983     0.960445    -0.085087
    0.018642     0.955531    -0.073100
    0.000665     0.948498    -0.058761
   -0.033653     0.926824    -0.026664
   -0.036183     0.924236    -0.022445
   -0.112617     0.868747     0.042832
   -0.293664     0.709582     0.183189
   -0.357947     0.678998     0.152870
   -0.648572     0.507497     0.034287
   -0.674345     0.503875    -0.002909
   -0.727788     0.465082    -0.041207
   -0.737988     0.451789    -0.041207
   -0.766368     0.429399    -0.066997
   -0.767736     0.427559    -0.067650
   -0.774217     0.405629    -0.060518
   -0.780057     0.391530    -0.060518
   -0.790284     0.353729    -0.050556
   -0.790908     0.335423    -0.037791
   -0.790183     0.332895    -0.034539
   -0.796043     0.272039    -0.027928
   -0.797315     0.251172    -0.024370
   -0.799757     0.223348    -0.022086
   -0.799757     0.212218    -0.019345
   -0.778278     0.102452     0.028623
   -0.777863     0.101430     0.029066
   -0.708139    -0.014115     0.097147
   -0.716147    -0.005604     0.088924
   -0.438000    -0.453073     0.079601
   -0.203647    -0.799656     0.006866
   -0.129422    -0.873881     0.006866
   -0.123228    -0.882414     0.000751
   -0.103658    -0.897430     0.000751
   -0.099502    -0.897036     0.006550
   -0.097800    -0.893259     0.014772
   -0.097305    -0.897945     0.006550
    0.015163    -0.891958     0.070449
    0.099291    -0.903033     0.070449
    0.197269    -0.930249     0.017122
    0.226828    -0.927655     0.014695
    0.281731    -0.920427     0.014695
    0.351271    -0.913730     0.007141
    0.352577    -0.906283     0.019810
    0.380376    -0.907548    -0.003634
    0.370279    -0.919184    -0.017308
    0.379840    -0.915224    -0.017308
    0.381868    -0.910860    -0.010845
    0.398753    -0.897904    -0.010845
    0.402228    -0.873177     0.024841
    0.445864    -0.788940     0.073196
    0.562357    -0.594600     0.125978
    0.513681    -0.700559     0.073196
    0.562646    -0.597642     0.121736
    0.594186    -0.486889     0.161006
    0.710667    -0.251921     0.084016
    0.720261     0.098074    -0.008026
    0.699211     0.162729    -0.020200
    0.566347     0.424899    -0.020453
    0.403396     0.684235    -0.020453
    0.392544     0.703821    -0.030070
    0.273604     0.849762    -0.038714
    0.220477     0.907340    -0.062906
    0.216212     0.913695    -0.074268
    0.210804     0.918574    -0.078843
    0.205556     0.921871    -0.078843
    0.193974     0.930903    -0.090444
    0.193057     0.931429    -0.090844
    0.189339     0.933703    -0.094074
    0.151200     0.947049    -0.094074
    0.126558     0.955739    -0.107567
    0.088671     0.959627    -0.104187
    0.072829     0.961412    -0.104187
    0.041504     0.964283    -0.102018
    0.032097     0.962402    -0.092322
    0.029983     0.961882    -0.089823
    0.016342     0.960345    -0.089823
    0.008565     0.957360    -0.082871
    0.008066     0.957097    -0.082191
    0.002595     0.954396    -0.076102
   -0.037369     0.940412    -0.076102
   -0.061738     0.925507    -0.054924
   -0.096597     0.905528    -0.039747
   -0.142533     0.882603    -0.058106
   -0.526161     0.641554    -0.058106
   -0.585290     0.608793    -0.087141
   -0.658148     0.547895    -0.075647
   -0.688519     0.524798    -0.094664
   -0.753677     0.459640    -0.094664
   -0.757990     0.453969    -0.091113
   -0.758070     0.453873    -0.091129
   -0.762835     0.445273    -0.086905
   -0.764899     0.441987    -0.086905
   -0.770756     0.430251    -0.082214
   -0.770762     0.430237    -0.082203
   -0.771470     0.425933    -0.076033
   -0.779323     0.400976    -0.069227
   -0.779676     0.399654    -0.068694
   -0.786592     0.375256    -0.063311
   -0.790297     0.354354    -0.051328
   -0.790301     0.354330    -0.051313
   -0.794744     0.298044    -0.034457
   -0.796609     0.275865    -0.031216
   -0.799159     0.248055    -0.029291
   -0.793079     0.137925     0.002267
   -0.791762     0.134492     0.005336
   -0.788138     0.124672     0.012498
   -0.771883     0.084339     0.029066
   -0.754678     0.056210     0.053512
   -0.720282    -0.003803     0.079641
   -0.673634    -0.097277     0.042281
   -0.431376    -0.482828     0.042281
   -0.331747    -0.662644    -0.046015
   -0.223258    -0.792440    -0.025539
   -0.188863    -0.837668    -0.053859
   -0.117774    -0.908757    -0.053859
   -0.114983    -0.904823    -0.036277
   -0.110493    -0.905822    -0.030646
   -0.108739    -0.904780    -0.025148
   -0.117046    -0.909842    -0.055800
   -0.114849    -0.911222    -0.055800
   -0.112209    -0.911657    -0.052014
   -0.100601    -0.905162    -0.016959
   -0.096701    -0.917083    -0.052014
   -0.094129    -0.918353    -0.054876
   -0.040998    -0.923806    -0.050137
    0.151063    -0.945446    -0.050137
    0.197269    -0.949682    -0.046938
    0.245485    -0.959326    -0.096638
    0.259133    -0.958074    -0.097583
    0.345735    -0.948317    -0.097583
    0.351479    -0.946112    -0.092449
    0.359161    -0.943277    -0.086845
    0.370250    -0.937801    -0.074505
    0.373811    -0.926917    -0.042500
    0.376974    -0.935449    -0.074505
    0.384210    -0.931023    -0.068216
    0.384781    -0.930504    -0.067156
    0.383591    -0.926459    -0.052341
    0.385143    -0.922895    -0.044341
    0.394868    -0.924165    -0.067156
    0.392764    -0.921199    -0.053899
    0.400641    -0.899791    -0.018524
    0.398005    -0.922957    -0.072198
    0.416793    -0.908669    -0.083962
    0.422236    -0.904006    -0.086001
    0.441476    -0.884766    -0.086001
    0.464359    -0.865224    -0.104164
    0.464870    -0.864676    -0.104371
    0.481606    -0.844653    -0.107529
    0.495130    -0.829659    -0.120213
    0.593507    -0.673093    -0.120213
    0.625353    -0.609279    -0.094708
    0.632258    -0.567321    -0.034555
    0.657449    -0.487261    -0.012719
    0.701650    -0.360940    -0.012719
    0.742725    -0.216048     0.019244
    0.742506    -0.208549     0.028684
    0.742914    -0.204577     0.029038
    0.753499    -0.122360     0.007217
    0.726474     0.078010    -0.009433
    0.720028     0.099260    -0.009433
    0.703676     0.149969    -0.020200
    0.676327     0.221897    -0.037057
    0.659117     0.256843    -0.053603
    0.645672     0.283155    -0.060578
    0.555614     0.451641    -0.060578
    0.527890     0.500347    -0.079620
    0.408966     0.689613    -0.079620
    0.398840     0.703189    -0.090174
    0.257856     0.874978    -0.090174
    0.242487     0.892399    -0.101326
    0.229471     0.905415    -0.101326
    0.222897     0.911215    -0.105535
    0.203439     0.927183    -0.105535
    0.203415     0.927114    -0.104610
    0.202726     0.927663    -0.106639
    0.197392     0.930699    -0.108724
    0.186121     0.936723    -0.108724
    0.181078     0.939040    -0.112994
    0.167146     0.943915    -0.112994
    0.161588     0.945707    -0.114174
    0.125958     0.956515    -0.114174
    0.125792     0.956552    -0.114018
    0.089107     0.960685    -0.114018
    0.082195     0.961412    -0.113553
    0.051081     0.964476    -0.113553
    0.041504     0.964476    -0.103976
    0.029091     0.963253    -0.103976
    0.020987     0.962402    -0.103432
    0.020119     0.962304    -0.103432
    0.017686     0.961772    -0.101143
    0.000293     0.956496    -0.101143
   -0.005754     0.954546    -0.099860
   -0.031567     0.945514    -0.099860
   -0.032166     0.945294    -0.099782
   -0.096798     0.912268    -0.116916
   -0.181728     0.866872    -0.116916
   -0.209438     0.851099    -0.127749
   -0.306720     0.792133    -0.142029
   -0.476665     0.685349    -0.142029
   -0.576334     0.619145    -0.118374
   -0.595730     0.603414    -0.120324
   -0.694960     0.521979    -0.120324
   -0.699628     0.517860    -0.117336
   -0.734569     0.482920    -0.117336
   -0.736020     0.481360    -0.116749
   -0.750030     0.465480    -0.106583
   -0.752315     0.462695    -0.106583
   -0.758218     0.454782    -0.100431
   -0.759882     0.452305    -0.096597
   -0.762853     0.447087    -0.094557
   -0.764218     0.444533    -0.094557
   -0.770521     0.430811    -0.082939
   -0.777958     0.407921    -0.077465
   -0.782150     0.394102    -0.077465
   -0.784185     0.386267    -0.073667
   -0.794744     0.312061    -0.048474
   -0.795851     0.300818    -0.048474
   -0.796995     0.164404    -0.008479
   -0.795058     0.145973    -0.007241
   -0.794278     0.139053    -0.007241
   -0.794275     0.139039    -0.007254
   -0.787018     0.115117    -0.007254
   -0.785078     0.109100    -0.005976
   -0.779108     0.092038    -0.005976
   -0.777290     0.088082    -0.009326
   -0.754226     0.042945    -0.021292
   -0.738665     0.012885    -0.026997
   -0.655102    -0.143449    -0.026997
   -0.628818    -0.189626    -0.045050
   -0.421412    -0.531804    -0.095280
   -0.348076    -0.648518    -0.095280
   -0.331219    -0.671115    -0.112848
   -0.324316    -0.680004    -0.116922
   -0.308075    -0.700030    -0.118936
   -0.170091    -0.868164    -0.118936
   -0.169156    -0.869224    -0.118258
   -0.139825    -0.898555    -0.118258
   -0.133912    -0.903771    -0.114473
   -0.119648    -0.912679    -0.085364
   -0.127189    -0.909289    -0.114473
   -0.122766    -0.912588    -0.111034
   -0.119656    -0.914678    -0.106219
   -0.119161    -0.913242    -0.087063
   -0.117069    -0.914082    -0.083924
   -0.116239    -0.916504    -0.106219
   -0.116346    -0.914760    -0.087216
   -0.094586    -0.919037    -0.061399
   -0.115223    -0.916930    -0.107532
   -0.105921    -0.919930    -0.109508
   -0.088876    -0.925101    -0.109508
   -0.066659    -0.929958    -0.130405
   -0.044602    -0.933868    -0.143050
   -0.020125    -0.937891    -0.154271
    0.046928    -0.945446    -0.154271
    0.125934    -0.953750    -0.159577
    0.235896    -0.964580    -0.159577
    0.245485    -0.964580    -0.149988
    0.266682    -0.962492    -0.149988
    0.287709    -0.960282    -0.148575
    0.301468    -0.958074    -0.139919
    0.314029    -0.955848    -0.132718
    0.345025    -0.949070    -0.103563
    0.346178    -0.948721    -0.103563
    0.350206    -0.947422    -0.102708
    0.358710    -0.944240    -0.096025
    0.362628    -0.942596    -0.090959
    0.375811    -0.936540    -0.079798
    0.383159    -0.932612    -0.079798
    0.390116    -0.928652    -0.077078
    0.396606    -0.924574    -0.077078
    0.405461    -0.917969    -0.083962
    0.431999    -0.895393    -0.092251
    0.463657    -0.865927    -0.104164
    0.492175    -0.833725    -0.124185
    0.496447    -0.828520    -0.124185
    0.514398    -0.804454    -0.142895
    0.540637    -0.764953    -0.152270
    0.545569    -0.757431    -0.153629
    0.566595    -0.723968    -0.153629
    0.581725    -0.699008    -0.149965
    0.586409    -0.690777    -0.146747
    0.602912    -0.659903    -0.146747
    0.610573    -0.645103    -0.143938
    0.622855    -0.621068    -0.137567
    0.626142    -0.614394    -0.134407
    0.631502    -0.602727    -0.124528
    0.642811    -0.570406    -0.124528
    0.688065    -0.430068    -0.094732
    0.690057    -0.423502    -0.094732
    0.700698    -0.385982    -0.086511
    0.703608    -0.375536    -0.083639
    0.730738    -0.273599    -0.041513
    0.734450    -0.259304    -0.034584
    0.744215    -0.214645     0.007422
    0.745921    -0.199503     0.007422
    0.747017    -0.189073     0.008122
    0.752118    -0.122360    -0.006798
    0.749342    -0.092078    -0.004702
    0.743026    -0.036020    -0.004702
    0.726150     0.078887    -0.010073
    0.706085     0.139605    -0.028355
    0.705095     0.142749    -0.028766
    0.689419     0.184485    -0.037057
    0.626029     0.317426    -0.075499
    0.605902     0.353503    -0.085009
    0.530966     0.492685    -0.091116
    0.528290     0.496716    -0.092061
    0.515526     0.516244    -0.095329
    0.449821     0.620812    -0.095329
    0.399252     0.702122    -0.091877
    0.398497     0.703485    -0.091208
    0.285856     0.838248    -0.112468
    0.253671     0.877003    -0.116428
    0.247819     0.884340    -0.114659
    0.246145     0.886542    -0.113280
    0.219102     0.913585    -0.113280
    0.212184     0.919020    -0.115796
    0.205028     0.925002    -0.114667
    0.216900     0.915259    -0.114659
    0.198431     0.928657    -0.117906
    0.191272     0.933155    -0.117906
    0.182893     0.937337    -0.121255
    0.182510     0.937400    -0.121804
    0.166864     0.942323    -0.126071
    0.151560     0.947678    -0.126071
    0.137650     0.951621    -0.129140
    0.126795     0.955627    -0.121222
    0.113148     0.957027    -0.122440
    0.080685     0.960685    -0.122440
    0.060898     0.962499    -0.123809
    0.051081     0.964463    -0.113690
    0.037892     0.963253    -0.112777
    0.031293     0.962510    -0.112777
    0.021603     0.961515    -0.111913
    0.019436     0.961579    -0.109186
    0.004247     0.957273    -0.105835
   -0.009658     0.952407    -0.105835
   -0.102413     0.909049    -0.119360
   -0.119217     0.899675    -0.123790
   -0.333845     0.774128    -0.148388
   -0.459859     0.694947    -0.148388
   -0.469654     0.689234    -0.145472
   -0.676736     0.535707    -0.133104
   -0.693993     0.522583    -0.122298
   -0.728317     0.488258    -0.122298
   -0.745646     0.469844    -0.114932
   -0.751308     0.463567    -0.109623
   -0.756144     0.455870    -0.109623
   -0.758781     0.452488    -0.106236
   -0.759421     0.451784    -0.104928
   -0.763181     0.445638    -0.099587
   -0.771356     0.422273    -0.099587
   -0.772756     0.419438    -0.096432
   -0.781016     0.397055    -0.080105
   -0.790297     0.338334    -0.067347
   -0.787725     0.354844    -0.073667
   -0.791018     0.332936    -0.065427
   -0.797884     0.177624    -0.012669
   -0.796995     0.167049    -0.011124
   -0.794104     0.138878    -0.008611
   -0.793109     0.136182    -0.010578
   -0.789526     0.125341    -0.013842
   -0.787900     0.119604    -0.012576
   -0.781039     0.099998    -0.012576
   -0.715389    -0.028834    -0.037994
   -0.384341    -0.587651    -0.108371
   -0.366851    -0.614407    -0.112848
   -0.276215    -0.738147    -0.124950
   -0.207544    -0.820833    -0.133400
   -0.172376    -0.864931    -0.122764
   -0.170887    -0.866889    -0.121538
   -0.140489    -0.897287    -0.121538
   -0.138929    -0.899114    -0.120087
   -0.128794    -0.907585    -0.118488
   -0.128195    -0.908126    -0.117981
   -0.118311    -0.914336    -0.117981
   -0.118206    -0.914418    -0.117876
   -0.117421    -0.914868    -0.117534
   -0.093702    -0.922331    -0.124003
   -0.091316    -0.922969    -0.124965
   -0.014411    -0.938086    -0.158255
    0.115716    -0.951439    -0.169864
    0.136222    -0.953750    -0.169864
    0.215564    -0.961023    -0.175357
    0.217033    -0.961219    -0.174834
    0.228853    -0.962998    -0.168595
    0.235896    -0.964407    -0.161336
    0.256780    -0.962492    -0.159890
    0.258718    -0.962274    -0.159890
    0.280246    -0.960065    -0.157969
    0.318184    -0.954670    -0.131801
    0.324534    -0.952974    -0.129241
    0.333382    -0.950190    -0.126828
    0.377294    -0.934966    -0.088597
    0.406005    -0.916926    -0.088597
    0.406693    -0.916545    -0.088259
    0.485793    -0.840005    -0.124740
    0.492345    -0.833453    -0.124740
    0.514395    -0.804458    -0.142895
    0.548390    -0.752594    -0.155069
    0.562518    -0.730110    -0.155069
    0.599099    -0.666737    -0.148549
    0.637223    -0.582725    -0.134407
    0.643865    -0.565041    -0.130894
    0.655801    -0.527163    -0.125945
    0.745921    -0.157497    -0.034584
    0.746024    -0.156373    -0.034662
    0.748177    -0.142066    -0.027110
    0.740416    -0.053644    -0.019850
    0.734817    -0.011111    -0.019850
    0.659192     0.255237    -0.055219
    0.631330     0.304629    -0.075499
    0.501584     0.536166    -0.099729
    0.285861     0.838242    -0.112468
    0.202139     0.924741    -0.120373
    0.196464     0.929095    -0.120373
    0.207937     0.921220    -0.118234
    0.183425     0.935298    -0.126523
    0.162230     0.940660    -0.135885
    0.157111     0.942780    -0.135885
    0.181117     0.935079    -0.129743
    0.138933     0.947698    -0.140676
    0.130257     0.946292    -0.148507
    0.082822     0.952537    -0.148507
    0.133084     0.946020    -0.148199
    0.077617     0.952994    -0.148934
    0.060898     0.960238    -0.131263
    0.051944     0.959452    -0.130528
    0.025590     0.955983    -0.130528
    0.020290     0.957503    -0.123711
    0.003784     0.953038    -0.119360
   -0.405736     0.720697    -0.173914
   -0.657069     0.545426    -0.145472
   -0.676949     0.535128    -0.134060
   -0.718849     0.493227    -0.134060
   -0.722999     0.490215    -0.131087
   -0.746390     0.459731    -0.131087
   -0.747589     0.459174    -0.129310
   -0.747964     0.459433    -0.127990
   -0.752117     0.448243    -0.129310
   -0.759373     0.439869    -0.118934
   -0.759415     0.439794    -0.118880
   -0.770253     0.422634    -0.102831
   -0.779338     0.385723    -0.089847
   -0.772193     0.407895    -0.102831
   -0.798332     0.195984    -0.018012
   -0.797409     0.180835    -0.015429
   -0.782662     0.113154    -0.022477
   -0.781446     0.108660    -0.021292
   -0.333585    -0.661944    -0.123349
   -0.325332    -0.675440    -0.122647
   -0.312651    -0.690663    -0.124950
   -0.141265    -0.896043    -0.122764
   -0.140621    -0.896929    -0.122129
   -0.125892    -0.908231    -0.122129
   -0.123346    -0.909443    -0.123330
   -0.119053    -0.912633    -0.121805
   -0.085283    -0.922612    -0.132787
   -0.083542    -0.923333    -0.132787
   -0.011763    -0.937326    -0.161660
    0.094570    -0.947566    -0.173213
    0.119612    -0.950862    -0.173213
    0.204301    -0.958295    -0.180166
    0.210252    -0.959580    -0.178140
    0.250675    -0.961083    -0.166803
    0.280392    -0.959619    -0.159278
    0.252974    -0.960780    -0.166803
    0.276531    -0.958512    -0.164244
    0.294599    -0.955776    -0.155534
    0.319998    -0.945255    -0.155534
    0.337826    -0.939987    -0.149736
    0.342360    -0.936617    -0.151346
    0.364179    -0.926236    -0.141056
    0.489426    -0.830131    -0.141056
    0.491808    -0.826850    -0.143406
    0.514086    -0.804572    -0.143406
    0.522085    -0.789131    -0.152270
    0.551910    -0.745196    -0.158558
    0.561650    -0.731277    -0.155483
    0.621664    -0.618328    -0.143938
    0.623103    -0.615777    -0.142891
    0.722654    -0.230866    -0.083639
    0.723857    -0.227133    -0.081452
    0.738125    -0.174603    -0.053929
    0.727206    -0.040981    -0.041447
    0.714869     0.036909    -0.041447
    0.616421     0.324373    -0.087847
    0.605545     0.345656    -0.091626
    0.604607     0.346935    -0.092061
    0.255105     0.872518    -0.119674
    0.253873     0.875284    -0.118234
    0.181341     0.934014    -0.131187
    0.181396     0.933981    -0.131173
    0.159154     0.935356    -0.146325
    0.154288     0.936658    -0.148114
    0.147730     0.940000    -0.148114
    0.133516     0.943553    -0.152397
    0.088784     0.925501    -0.196382
    0.077477     0.927292    -0.196382
    0.077477     0.932275    -0.187661
    0.077617     0.932879    -0.186566
    0.113869     0.933065    -0.176193
    0.102584     0.928509    -0.187294
    0.026347     0.945304    -0.150693
    0.020005     0.909135    -0.212224
    0.065014     0.916264    -0.212224
    0.018864     0.908086    -0.213283
    0.012509     0.903287    -0.217257
   -0.020005     0.895160    -0.207459
   -0.353728     0.725120    -0.207459
   -0.407851     0.710635    -0.187566
   -0.552560     0.580788    -0.217990
   -0.564707     0.572791    -0.215850
   -0.615010     0.550382    -0.189659
   -0.700746     0.464647    -0.189659
   -0.707203     0.461592    -0.185607
   -0.722238     0.460838    -0.168599
   -0.722630     0.461147    -0.167765
   -0.740973     0.457291    -0.142878
   -0.723435     0.458489    -0.168599
   -0.739960     0.449932    -0.150115
   -0.740653     0.450253    -0.148814
   -0.740004     0.449657    -0.150115
   -0.757026     0.430418    -0.125659
   -0.784320     0.250973    -0.057770
   -0.761916     0.109516    -0.057770
   -0.758840     0.106174    -0.060872
   -0.712065     0.044228    -0.099611
   -0.702976     0.037706    -0.108371
   -0.213459    -0.801207    -0.148191
   -0.208561    -0.812203    -0.142466
   -0.124509    -0.896256    -0.142466
   -0.125779    -0.897867    -0.139034
   -0.113940    -0.893258    -0.155204
   -0.058702    -0.921403    -0.155204
   -0.012532    -0.932943    -0.169118
   -0.007015    -0.929998    -0.175800
    0.043571    -0.934324    -0.182248
    0.107067    -0.944381    -0.182248
    0.181438    -0.951611    -0.187040
    0.204098    -0.958216    -0.180265
    0.174032    -0.949854    -0.188504
    0.245552    -0.958889    -0.172170
    0.248762    -0.958380    -0.172170
    0.276977    -0.955967    -0.168573
    0.300482    -0.944905    -0.171006
    0.302303    -0.944450    -0.170457
    0.279618    -0.953973    -0.170224
    0.284017    -0.951725    -0.171006
    0.345321    -0.922531    -0.170457
    0.345776    -0.921883    -0.170940
    0.366736    -0.903076    -0.175346
    0.373273    -0.897509    -0.176237
    0.448147    -0.842028    -0.173049
    0.457902    -0.835350    -0.171743
    0.461810    -0.832777    -0.171054
    0.469110    -0.829525    -0.167254
    0.519651    -0.778984    -0.167254
    0.521842    -0.777571    -0.166327
    0.523542    -0.776766    -0.165260
    0.551801    -0.745273    -0.158639
    0.597708    -0.660511    -0.155483
    0.598751    -0.659088    -0.154999
    0.615218    -0.626864    -0.149277
    0.659066    -0.488994    -0.130811
    0.685086    -0.324711    -0.130811
    0.688298    -0.285398    -0.134483
    0.691553    -0.277053    -0.130450
    0.676814    -0.079955    -0.110370
    0.627495     0.167991    -0.110371
    0.496915     0.464030    -0.147819
    0.495661     0.469544    -0.146012
    0.227127     0.871434    -0.146012
    0.229425     0.874195    -0.142211
    0.125886     0.912939    -0.187294
    0.129487     0.912067    -0.185886
    0.063778     0.910626    -0.218855
    0.065014     0.916098    -0.212427
    0.083472     0.922108    -0.201541
    0.066640     0.910057    -0.218855
    0.052635     0.900816    -0.228659
    0.048074     0.898574    -0.230510
    0.054334     0.902170    -0.227337
    0.041411     0.894430    -0.233679
    0.017232     0.889621    -0.233679
    0.011108     0.889187    -0.232797
   -0.255410     0.734590    -0.254622
   -0.313006     0.721500    -0.235750
   -0.001057     0.877999    -0.238590
   -0.007251     0.873565    -0.240073
   -0.188848     0.770749    -0.252016
   -0.494543     0.600200    -0.235750
   -0.532728     0.585590    -0.225744
   -0.660912     0.476585    -0.215850
   -0.685667     0.465631    -0.202892
   -0.691940     0.456244    -0.202892
   -0.694021     0.455312    -0.201554
   -0.699649     0.454099    -0.197133
   -0.706878     0.457936    -0.188146
   -0.714426     0.457187    -0.179828
   -0.701024     0.447182    -0.197133
   -0.711974     0.449657    -0.184269
   -0.686178     0.430603    -0.212024
   -0.666338     0.390241    -0.228409
   -0.652293     0.367660    -0.239151
   -0.586577     0.213196    -0.278494
   -0.548619     0.022371    -0.278494
   -0.311890    -0.417902    -0.292888
   -0.525903     0.004325    -0.294190
   -0.451384    -0.076700    -0.332773
   -0.442665    -0.088884    -0.335689
   -0.421173    -0.126843    -0.338185
   -0.411866    -0.143976    -0.338856
   -0.338667    -0.301713    -0.330530
   -0.337879    -0.303552    -0.330357
   -0.138618    -0.677221    -0.292888
   -0.117075    -0.733524    -0.278135
   -0.104593    -0.785079    -0.257979
   -0.110615    -0.804579    -0.240497
   -0.113753    -0.807717    -0.235693
   -0.108703    -0.885063    -0.167815
   -0.028305    -0.877916    -0.223668
   -0.040035    -0.851739    -0.240497
   -0.015931    -0.889297    -0.217776
   -0.010362    -0.896307    -0.212932
    0.087938    -0.919877    -0.208415
    0.070204    -0.912332    -0.212932
    0.244567    -0.957014    -0.174644
    0.248931    -0.956146    -0.174644
    0.341772    -0.921528    -0.173721
    0.349583    -0.914538    -0.175346
    0.512390    -0.782196    -0.171054
    0.536363    -0.755838    -0.166327
    0.551260    -0.739192    -0.162864
    0.592764    -0.665886    -0.158043
    0.622161    -0.528816    -0.163399
    0.641073    -0.433739    -0.163399
    0.648873    -0.329426    -0.174026
    0.626438    -0.329426    -0.192438
    0.600303    -0.305023    -0.209902
    0.543143    -0.202663    -0.240103
    0.535111    -0.087856    -0.227954
    0.423836     0.327427    -0.227954
    0.416083     0.467404    -0.206215
    0.240805     0.638855    -0.251339
    0.183384     0.738907    -0.244330
    0.173532     0.782438    -0.230036
    0.180881     0.869019    -0.181580
    0.061017     0.894953    -0.230036
    0.059953     0.899262    -0.228361
    0.064325     0.905778    -0.222745
    0.066131     0.907867    -0.220735
    0.058038     0.899368    -0.228659
    0.027775     0.885813    -0.238525
    0.040079     0.893003    -0.234633
    0.039095     0.892134    -0.235185
    0.027591     0.885675    -0.238590
   -0.257169     0.733107    -0.254851
   -0.484976     0.602365    -0.238891
   -0.636608     0.481710    -0.225744
   -0.660840     0.475730    -0.216328
   -0.680262     0.456732    -0.211328
   -0.686003     0.433106    -0.211759
   -0.680416     0.453957    -0.211759
   -0.506894     0.056968    -0.318384
   -0.520873     0.095538    -0.313209
   -0.460490    -0.042718    -0.332773
   -0.139776    -0.672216    -0.294513
   -0.139685    -0.672507    -0.294437
   -0.202926    -0.538698    -0.313883
   -0.090077    -0.783847    -0.266103
   -0.113514    -0.737086    -0.278135
   -0.091759    -0.777032    -0.268751
   -0.063249    -0.811273    -0.259042
   -0.040087    -0.850498    -0.241394
    0.011328    -0.879454    -0.230303
   -0.020015    -0.855876    -0.241394
    0.246455    -0.955252    -0.175782
    0.253262    -0.953428    -0.175782
    0.357237    -0.906713    -0.177361
    0.512286    -0.780966    -0.171743
    0.512744    -0.778942    -0.172408
    0.598353    -0.564984    -0.173713
    0.614058    -0.506374    -0.173713
    0.397410    -0.077369    -0.300054
    0.376741     0.194550    -0.272157
    0.248223     0.504819    -0.272157
    0.075298     0.846993    -0.244330
    0.060616     0.883220    -0.235185
    0.011474     0.866929    -0.246302
    0.004673     0.850908    -0.252016
   -0.607401     0.480713    -0.238563
   -0.606102     0.481239    -0.238891
   -0.651858     0.373384    -0.238563
   -0.440155    -0.079398    -0.338388
   -0.440005    -0.081379    -0.338185
   -0.064711    -0.797681    -0.264663
   -0.059504    -0.809946    -0.260288
   -0.075614    -0.783719    -0.268751
    0.236356    -0.947437    -0.181406
    0.331192    -0.908154    -0.181406
    0.511283    -0.778892    -0.173049
    0.516424    -0.685998    -0.187477
    0.583688    -0.523608    -0.187477
    0.396735    -0.077369    -0.300259
    0.271263     0.037307    -0.323911
    0.221824     0.410212    -0.292053
   -0.060071     0.692108    -0.292053
    0.004673     0.827286    -0.259182
   -0.070266     0.680954    -0.294155
   -0.513659     0.149950    -0.308560
   -0.099588     0.564021    -0.308560
   -0.417707    -0.099915    -0.342620
   -0.236810    -0.403570    -0.330530
   -0.117174    -0.696946    -0.289851
    0.380584    -0.199188    -0.289851
   -0.099588     0.037307    -0.360437
   -0.236810    -0.099915    -0.360437
     1      2      3
     1      3      4
     1      4      5
     4      3      6
     4      6      7
     8      9     10
    11      5      4
    11      4      7
    11      7     12
    13     14      1
    13      1      5
    13      5     11
    13     11     15
    16      2      1
    16      1     14
    17     18     16
    17     16     14
    17     14     13
    17     13     19
    20     21     22
    20     22     23
    20     23     18
    20     18     17
    20     17     24
    23      6      3
    23      3      2
    23      2     16
    23     16     18
    12      7      6
    12      6     23
    12     23     22
    12     22     25
    12     25     26
    12     26      9
    12      9      8
    12      8     27
    25     28     29
    25     29     30
    25     30     26
    10      9     26
    10     26     30
    10     30     31
    31     30     29
    31     29     32
    31     32     33
    31     33     34
    35     27      8
    35      8     10
    35     10     31
    35     31     34
    35     34     36
    35     36     37
    35     37     38
    39     15     11
    39     11     12
    39     12     27
    39     27     35
    39     35     40
    41     40     35
    41     35     38
    41     38     42
    43     44     39
    43     39     40
    43     40     41
    45     19     13
    45     13     15
    45     15     39
    45     39     44
    46     47     48
    46     48     45
    46     45     44
    46     44     43
    48     24     17
    48     17     19
    48     19     45
    49     50     51
    49     51     20
    49     20     24
    49     24     48
    49     48     47
    52     53     54
    52     54     55
    52     55     56
    52     56     51
    52     51     50
    51     56     57
    51     57     21
    51     21     20
    55     58     59
    55     59     60
    55     60     61
    55     61     57
    55     57     56
    57     61     62
    57     62     28
    57     28     25
    57     25     22
    57     22     21
    60     63     64
    60     64     62
    60     62     61
    65     64     63
    65     63     66
    65     66     67
    65     67     68
    29     28     62
    29     62     64
    29     64     65
    29     65     32
    33     32     65
    33     65     68
    33     68     69
    33     69     70
    36     34     33
    36     33     70
    36     70     71
    36     71     72
    72     71     73
    72     73     74
    72     74     75
    72     75     76
    76     75     77
    76     77     78
    76     78     79
    76     79     80
    76     80     81
    76     81     82
    76     82     83
    76     83     84
    85     37     36
    85     36     72
    85     72     76
    85     76     84
    85     84     86
    85     86     87
    87     86     88
    87     88     89
    87     89     90
    87     90     91
    87     91     92
    42     38     37
    42     37     85
    42     85     93
    94     93     85
    94     85     87
    94     87     92
    94     92     95
    96     97     94
    96     94     95
    96     95     98
    96     98     99
    96     99    100
    96    100    101
    96    101    102
    96    102    103
    96    103    104
    96    104    105
    97    106    107
    97    107     46
    97     46     43
    97     43     41
    97     41     42
    97     42     93
    97     93     94
   108    109    110
   108    110    111
   108    111    107
   108    107    106
   107    111     49
   107     49     47
   107     47     46
   112    113    114
   112    114    115
   112    115    110
   112    110    109
   110    115     52
   110     52     50
   110     50     49
   110     49    111
   114    116    117
   114    117    118
   114    118    119
   114    119    120
   114    120    121
   114    121    122
   114    122    123
   114    123    124
   114    124    125
   114    125     53
   114     53     52
   114     52    115
   124    126    127
   124    127    128
   124    128    125
   125    128    129
   125    129    130
   125    130    131
   125    131    132
   125    132     54
   125     54     53
   131    133    134
   131    134    132
    54    132    134
    54    134    135
    54    135    136
    54    136     58
    54     58     55
   136    137    138
   136    138    139
   136    139     59
   136     59     58
    59    139    140
    59    140    141
    59    141    142
    59    142     66
    59     66     63
    59     63     60
   141    143    144
   141    144    145
   141    145    146
   141    146    147
   141    147    148
   141    148    149
   141    149    150
   141    150    151
   141    151    152
   141    152    142
   153    152    151
   153    151    154
   153    154    155
   153    155    156
   153    156    157
    66    142    152
    66    152    153
    66    153     67
    68     67    153
    68    153    157
    68    157    158
    68    158     69
    70     69    158
    70    158    159
    70    159    160
    70    160    161
    70    161     73
    70     73     71
    73    161    162
    73    162    163
    73    163    164
    73    164     74
    74    164    165
    74    165     77
    74     77     75
    77    165    166
    77    166     78
    80    167    168
    80    168    169
    80    169     81
    81    169    170
    81    170    171
    81    171    172
    81    172    173
    81    173     82
    82    173    174
    82    174    175
    82    175    176
    82    176     83
    84     83    176
    84    176    177
    84    177    178
    84    178     88
    84     88     86
    91     90    179
    91    179    180
    95     92     91
    95     91    180
    95    180    181
    95    181    182
    95    182     98
    98    182    183
    98    183     99
   105    104    184
   105    184    185
   105    185    186
   105    186    187
   105    187    188
   105    188    189
   105    189    190
   105    190    191
   105    191    192
   105    192    193
   105    193    194
   105    194    195
   105    195    196
   105    196    197
   105    197    198
   105    198    199
   105    199     96
   199    200    201
   199    201    202
   199    202    108
   199    108    106
   199    106     97
   199     97     96
   202    203    204
   202    204    205
   202    205    112
   202    112    109
   202    109    108
   205    206    207
   205    207    113
   205    113    112
   207    208    209
   207    209    210
   207    210    211
   207    211    116
   207    116    114
   207    114    113
   210    212    213
   210    213    214
   210    214    211
   211    214    215
   211    215    216
   211    216    217
   211    217    218
   211    218    219
   211    219    117
   211    117    116
   117    219    220
   117    220    221
   117    221    222
   117    222    223
   117    223    118
   120    224    121
   123    126    124
   129    225    226
   129    226    130
   130    226    133
   130    133    131
   135    227    228
   135    228    137
   135    137    136
   138    229    230
   138    230    140
   138    140    139
   140    230    231
   140    231    232
   140    232    143
   140    143    141
   232    233    234
   232    234    235
   232    235    236
   232    236    144
   232    144    143
   144    236    237
   144    237    238
   144    238    239
   144    239    240
   144    240    241
   144    241    242
   144    242    243
   144    243    244
   144    244    145
   149    245    246
   149    246    150
   151    150    246
   151    246    247
   151    247    154
   156    155    248
   156    248    249
   158    157    156
   158    156    249
   158    249    250
   158    250    159
   160    251    252
   160    252    253
   160    253    162
   160    162    161
   162    253    254
   162    254    255
   162    255    256
   162    256    257
   162    257    163
   256    258    259
   256    259    260
   256    260    261
   256    261    257
   163    257    261
   163    261    262
   163    262    166
   163    166    165
   163    165    164
    78    166    262
    78    262    263
    78    263     79
   168    264    265
   168    265    170
   168    170    169
   170    265    266
   170    266    267
   170    267    268
   170    268    171
   171    268    269
   171    269    270
   171    270    172
   174    173    172
   174    172    270
   174    270    271
   177    176    175
   177    175    272
    88    178    273
    88    273     89
   180    179    274
   180    274    181
    99    183    275
    99    275    100
   100    275    276
   100    276    101
   190    277    278
   190    278    279
   190    279    191
   193    192    280
   193    280    194
   198    281    282
   198    282    283
   198    283    200
   198    200    199
   283    284    285
   283    285    286
   283    286    201
   283    201    200
   204    287    206
   204    206    205
   288    289    208
   288    208    207
   288    207    206
   288    206    287
   209    290    291
   209    291    212
   209    212    210
   213    292    293
   213    293    215
   213    215    214
   215    293    294
   215    294    216
   218    295    296
   218    296    297
   218    297    220
   218    220    219
   220    297    298
   220    298    299
   220    299    300
   220    300    221
   222    301    302
   222    302    303
   222    303    223
   118    223    303
   118    303    119
   121    224    304
   121    304    122
   305    225    129
   305    129    128
   305    128    127
   306    227    135
   306    135    134
   306    134    133
   306    133    226
   306    226    225
   306    225    305
   307    229    138
   307    138    137
   307    137    228
   308    309    310
   308    310    231
   308    231    230
   308    230    229
   308    229    307
   310    311    312
   310    312    313
   310    313    233
   310    233    232
   310    232    231
   313    314    315
   313    315    316
   313    316    317
   313    317    234
   313    234    233
   234    317    318
   234    318    319
   234    319    235
   235    319    320
   235    320    321
   235    321    237
   235    237    236
   145    244    322
   145    322    146
   146    322    323
   146    323    147
   324    247    246
   324    246    245
   324    245    325
   154    247    324
   154    324    248
   154    248    155
   159    250    326
   159    326    251
   159    251    160
   252    327    328
   252    328    254
   252    254    253
   254    328    329
   254    329    330
   254    330    331
   254    331    332
   254    332    255
   255    332    258
   255    258    256
   259    258    332
   259    332    331
   259    331    333
   262    261    260
   262    260    334
   262    334    263
    79    263    334
    79    334    335
    79    335    167
    79    167     80
   336    337    338
   336    338    266
   336    266    265
   336    265    264
   266    338    339
   266    339    340
   266    340    267
   341    340    339
   341    339    342
   341    342    343
   341    343    344
   269    268    267
   269    267    340
   269    340    341
   271    270    269
   271    269    341
   271    341    344
   271    344    345
   271    345    346
   272    175    174
   272    174    271
   272    271    346
   272    346    347
   348    273    178
   348    178    177
   348    177    272
   348    272    347
   348    347    349
   348    349    350
   351    274    179
   351    179     90
   351     90     89
   351     89    273
   351    273    348
   181    274    351
   181    351    276
   181    276    275
   181    275    183
   181    183    182
   103    352    184
   103    184    104
   184    352    185
   197    353    281
   197    281    198
   282    354    284
   282    284    283
   201    286    355
   201    355    356
   201    356    203
   201    203    202
   356    357    288
   356    288    287
   356    287    204
   356    204    203
   358    290    209
   358    209    208
   358    208    289
   359    292    213
   359    213    212
   359    212    291
   360    361    362
   360    362    294
   360    294    293
   360    293    292
   360    292    359
   216    294    362
   216    362    363
   216    363    364
   216    364    217
   217    364    365
   217    365    366
   217    366    295
   217    295    218
   296    367    368
   296    368    298
   296    298    297
   298    368    369
   298    369    370
   298    370    371
   298    371    372
   298    372    299
   299    372    373
   299    373    374
   299    374    375
   299    375    300
   221    300    375
   221    375    376
   221    376    301
   221    301    222
   302    301    376
   302    376    377
   302    377    378
   119    303    302
   119    302    378
   119    378    379
   119    379    304
   119    304    224
   119    224    120
   122    304    379
   122    379    380
   122    380    381
   122    381    306
   122    306    305
   122    305    127
   122    127    126
   122    126    123
   381    382    383
   381    383    308
   381    308    307
   381    307    228
   381    228    227
   381    227    306
   383    384    385
   383    385    386
   383    386    309
   383    309    308
   386    387    388
   386    388    311
   386    311    310
   386    310    309
   388    389    390
   388    390    391
   388    391    392
   388    392    312
   388    312    311
   312    392    393
   312    393    394
   312    394    314
   312    314    313
   394    395    396
   394    396    397
   394    397    315
   394    315    314
   316    398    399
   316    399    318
   316    318    317
   318    399    400
   318    400    320
   318    320    319
   241    401    402
   241    402    242
   242    402    403
   242    403    243
   147    323    404
   147    404    405
   147    405    148
   325    245    149
   325    149    148
   325    148    405
   325    405    406
   249    248    324
   249    324    325
   249    325    406
   249    406    407
   249    407    408
   249    408    326
   249    326    250
   326    408    409
   326    409    410
   326    410    327
   326    327    252
   326    252    251
   410    411    412
   410    412    413
   410    413    329
   410    329    328
   410    328    327
   329    413    414
   329    414    415
   329    415    330
   414    413    412
   414    412    416
   414    416    417
   414    417    418
   333    331    330
   333    330    415
   333    415    419
   419    415    414
   419    414    418
   419    418    420
   334    260    259
   334    259    333
   334    333    419
   334    419    420
   334    420    421
   334    421    422
   334    422    335
   335    422    423
   335    423    424
   335    424    336
   335    336    264
   335    264    168
   335    168    167
   424    425    426
   424    426    427
   424    427    428
   424    428    337
   424    337    336
   339    338    337
   339    337    428
   339    428    429
   339    429    430
   339    430    431
   339    431    342
   431    430    432
   431    432    433
   431    433    434
   431    434    435
   343    342    431
   343    431    435
   343    435    436
   436    435    434
   436    434    437
   436    437    438
   345    344    343
   345    343    436
   345    436    438
   345    438    439
   439    438    437
   439    437    440
   439    440    441
   439    441    442
   439    442    443
   347    346    345
   347    345    439
   347    439    443
   347    443    444
   347    444    445
   347    445    446
   347    446    349
   350    349    446
   350    446    447
   350    447    448
   350    448    449
   350    449    450
   101    276    351
   101    351    348
   101    348    350
   101    350    450
   101    450    451
   101    451    102
   102    451    452
   102    452    453
   102    453    454
   102    454    186
   102    186    185
   102    185    352
   102    352    103
   186    454    455
   186    455    187
   187    455    188
   278    456    279
   196    457    458
   196    458    353
   196    353    197
   458    459    354
   458    354    282
   458    282    281
   458    281    353
   285    460    461
   285    461    462
   285    462    463
   285    463    355
   285    355    286
   355    463    464
   355    464    465
   355    465    357
   355    357    356
   465    466    467
   465    467    358
   465    358    289
   465    289    288
   465    288    357
   467    468    469
   467    469    360
   467    360    359
   467    359    291
   467    291    290
   467    290    358
   469    470    471
   469    471    472
   469    472    361
   469    361    360
   472    363    362
   472    362    361
   471    473    474
   471    474    475
   471    475    365
   471    365    364
   471    364    363
   471    363    472
   365    475    476
   365    476    477
   365    477    366
   366    477    478
   366    478    479
   366    479    480
   366    480    367
   366    367    296
   366    296    295
   480    481    482
   480    482    369
   480    369    368
   480    368    367
   369    482    483
   369    483    484
   369    484    370
   370    484    485
   370    485    486
   370    486    371
   371    486    487
   371    487    488
   371    488    373
   371    373    372
   373    488    489
   373    489    490
   373    490    374
   375    374    490
   375    490    491
   375    491    492
   375    492    377
   375    377    376
   378    377    492
   378    492    493
   378    493    494
   378    494    380
   378    380    379
   380    494    495
   380    495    496
   380    496    497
   380    497    498
   380    498    382
   380    382    381
   498    499    500
   498    500    501
   498    501    384
   498    384    383
   498    383    382
   501    502    503
   501    503    504
   501    504    385
   501    385    384
   385    504    505
   385    505    506
   385    506    507
   385    507    387
   385    387    386
   507    508    389
   507    389    388
   507    388    387
   509    510    390
   509    390    389
   509    389    508
   391    511    393
   391    393    392
   393    511    512
   393    512    513
   393    513    395
   393    395    394
   315    397    514
   315    514    398
   315    398    316
   514    515    400
   514    400    399
   514    399    398
   239    516    517
   239    517    240
   240    517    518
   240    518    401
   240    401    241
   403    402    401
   403    401    518
   403    518    519
   403    519    520
   403    520    521
   404    323    322
   404    322    244
   404    244    243
   404    243    403
   404    403    521
   404    521    522
   406    405    404
   406    404    522
   406    522    523
   406    523    524
   406    524    525
   406    525    526
   406    526    407
   407    526    527
   407    527    528
   407    528    529
   407    529    409
   407    409    408
   409    529    530
   409    530    531
   409    531    532
   409    532    533
   409    533    534
   409    534    411
   409    411    410
   534    535    536
   534    536    537
   534    537    416
   534    416    412
   534    412    411
   537    536    538
   537    538    539
   537    539    540
   537    540    541
   417    416    537
   417    537    541
   417    541    542
   542    541    540
   542    540    543
   542    543    544
   420    418    417
   420    417    542
   420    542    544
   420    544    545
   420    545    421
   544    543    546
   544    546    547
   544    547    548
   544    548    545
   421    545    548
   421    548    549
   421    549    550
   421    550    551
   421    551    552
   421    552    423
   421    423    422
   423    552    553
   423    553    554
   423    554    555
   423    555    425
   423    425    424
   555    556    557
   555    557    558
   555    558    426
   555    426    425
   426    558    559
   426    559    560
   426    560    427
   427    560    561
   427    561    562
   427    562    563
   427    563    564
   427    564    429
   427    429    428
   429    564    565
   429    565    432
   429    432    430
   433    432    565
   433    565    566
   433    566    567
   437    434    433
   437    433    567
   437    567    568
   437    568    440
   440    568    569
   440    569    441
   443    442    570
   443    570    571
   443    571    444
   446    445    572
   446    572    573
   446    573    447
   447    573    574
   447    574    575
   447    575    576
   447    576    577
   447    577    578
   447    578    579
   447    579    448
   448    579    580
   448    580    581
   448    581    582
   448    582    583
   448    583    584
   448    584    449
   450    449    584
   450    584    585
   450    585    586
   450    586    452
   450    452    451
   452    586    587
   452    587    588
   452    588    589
   452    589    590
   452    590    591
   452    591    592
   452    592    453
   188    455    454
   188    454    453
   188    453    592
   188    592    593
   188    593    594
   188    594    189
   189    594    277
   189    277    190
   191    279    456
   191    456    595
   191    595    596
   191    596    280
   191    280    192
   194    280    596
   194    596    597
   194    597    195
   598    599    600
   598    600    459
   598    459    458
   598    458    457
   600    601    460
   600    460    285
   600    285    284
   600    284    354
   600    354    459
   462    602    603
   462    603    604
   462    604    464
   462    464    463
   464    604    605
   464    605    606
   464    606    607
   464    607    608
   464    608    609
   464    609    466
   464    466    465
   609    610    611
   609    611    612
   609    612    613
   609    613    468
   609    468    467
   609    467    466
   613    614    470
   613    470    469
   613    469    468
   615    616    473
   615    473    471
   615    471    470
   615    470    614
   615    614    617
   618    619    474
   618    474    473
   618    473    616
   474    619    620
   474    620    476
   474    476    475
   476    620    621
   476    621    622
   476    622    623
   476    623    478
   476    478    477
   478    623    624
   478    624    625
   478    625    479
   479    625    626
   479    626    627
   479    627    481
   479    481    480
   627    628    629
   627    629    483
   627    483    482
   627    482    481
   483    629    630
   483    630    485
   483    485    484
   485    630    631
   485    631    632
   485    632    633
   485    633    487
   485    487    486
   487    633    634
   487    634    489
   487    489    488
   490    489    634
   490    634    635
   490    635    491
   493    636    637
   493    637    495
   493    495    494
   496    638    639
   496    639    640
   496    640    497
   641    642    500
   641    500    499
   500    642    643
   500    643    502
   500    502    501
   503    644    645
   503    645    505
   503    505    504
   505    645    646
   505    646    647
   505    647    648
   505    648    506
   506    648    649
   506    649    509
   506    509    508
   506    508    507
   649    650    651
   649    651    510
   649    510    509
   390    510    651
   390    651    652
   390    652    512
   390    512    511
   390    511    391
   653    396    395
   653    395    513
   653    513    654
   655    515    514
   655    514    397
   655    397    396
   655    396    653
   238    656    657
   238    657    516
   238    516    239
   657    658    519
   657    519    518
   657    518    517
   657    517    516
   520    519    658
   520    658    659
   520    659    660
   520    660    661
   522    521    520
   522    520    661
   522    661    662
   522    662    523
   525    663    527
   525    527    526
   528    664    665
   528    665    530
   528    530    529
   532    666    667
   532    667    668
   532    668    669
   532    669    533
   533    669    670
   533    670    671
   533    671    535
   533    535    534
   671    672    673
   671    673    538
   671    538    536
   671    536    535
   538    673    674
   538    674    675
   538    675    539
   540    539    675
   540    675    676
   540    676    546
   540    546    543
   546    676    677
   546    677    547
   548    547    677
   548    677    678
   548    678    549
   551    679    680
   551    680    681
   551    681    553
   551    553    552
   553    681    682
   553    682    683
   553    683    684
   553    684    685
   553    685    554
   554    685    686
   554    686    556
   554    556    555
   686    687    688
   686    688    557
   686    557    556
   559    689    690
   559    690    561
   559    561    560
   562    561    690
   562    690    691
   565    564    563
   565    563    692
   565    692    566
   567    566    692
   567    692    693
   567    693    694
   567    694    569
   567    569    568
   441    569    694
   441    694    570
   441    570    442
   444    571    695
   444    695    696
   444    696    572
   444    572    445
   572    696    697
   572    697    574
   572    574    573
   576    698    699
   576    699    577
   578    700    580
   578    580    579
   584    583    701
   584    701    702
   584    702    585
   585    702    703
   585    703    587
   585    587    586
   592    591    704
   592    704    593
   593    704    705
   593    705    706
   593    706    595
   593    595    456
   593    456    278
   593    278    277
   593    277    594
   596    595    706
   596    706    707
   596    707    597
   195    597    707
   195    707    708
   195    708    598
   195    598    457
   195    457    196
   709    461    460
   709    460    601
   710    602    462
   710    462    461
   710    461    709
   606    711    607
   608    712    610
   608    610    609
   612    617    614
   612    614    613
   713    714    618
   713    618    616
   713    616    615
   713    615    715
   716    621    620
   716    620    619
   716    619    618
   716    618    714
   717    718    622
   717    622    621
   717    621    716
   717    716    719
   720    624    623
   720    623    622
   720    622    718
   721    722    626
   721    626    625
   721    625    624
   721    624    720
   721    720    723
   626    722    724
   626    724    725
   626    725    628
   626    628    627
   726    631    630
   726    630    629
   726    629    628
   726    628    725
   632    631    726
   632    726    727
   632    727    728
   635    634    633
   635    633    632
   635    632    728
   635    728    729
   492    491    635
   492    635    729
   492    729    636
   492    636    493
   730    639    638
   497    640    731
   497    731    732
   497    732    641
   497    641    499
   497    499    498
   732    733    734
   732    734    643
   732    643    642
   732    642    641
   734    735    736
   734    736    737
   734    737    644
   734    644    503
   734    503    502
   734    502    643
   737    646    645
   737    645    644
   736    738    739
   736    739    647
   736    647    646
   736    646    737
   647    739    740
   647    740    741
   647    741    650
   647    650    649
   647    649    648
   742    652    651
   742    651    650
   742    650    741
   742    741    743
   654    513    512
   654    512    652
   654    652    742
   237    321    744
   237    744    745
   237    745    656
   237    656    238
   745    659    658
   745    658    657
   745    657    656
   661    660    746
   661    746    747
   661    747    662
   523    662    747
   523    747    524
   530    665    748
   530    748    749
   530    749    531
   531    749    750
   531    750    666
   531    666    532
   668    751    752
   668    752    670
   668    670    669
   670    752    753
   670    753    672
   670    672    671
   674    673    672
   674    672    753
   674    753    754
   674    754    755
   677    676    675
   677    675    674
   677    674    755
   677    755    756
   677    756    757
   677    757    678
   549    678    757
   549    757    550
   758    759    760
   758    760    680
   758    680    679
   680    760    761
   680    761    762
   680    762    682
   680    682    681
   684    763    687
   684    687    686
   684    686    685
   764    688    687
   764    687    763
   764    763    765
   764    765    766
   557    688    764
   557    764    767
   557    767    689
   557    689    559
   557    559    558
   691    690    689
   691    689    767
   691    767    768
   691    768    769
   693    692    563
   693    563    562
   693    562    691
   693    691    769
   693    769    770
   693    770    771
   570    694    693
   570    693    771
   570    771    772
   570    772    695
   570    695    571
   695    772    773
   695    773    774
   695    774    697
   695    697    696
   574    697    774
   574    774    775
   574    775    575
   776    777    699
   776    699    698
   581    778    779
   581    779    582
   582    779    701
   582    701    583
   589    780    781
   589    781    590
   705    704    591
   705    591    590
   705    590    781
   705    781    782
   707    706    705
   707    705    782
   707    782    783
   707    783    708
   708    783    784
   708    784    599
   708    599    598
   785    786    603
   785    603    602
   785    602    710
   787    605    604
   787    604    603
   787    603    786
   788    789    611
   788    611    610
   788    610    712
   611    789    715
   611    715    615
   611    615    617
   611    617    612
   790    719    716
   790    716    714
   790    714    713
   790    713    791
   792    793    794
   792    794    717
   792    717    719
   792    719    790
   794    795    723
   794    723    720
   794    720    718
   794    718    717
   796    797    798
   796    798    799
   796    799    721
   796    721    723
   796    723    795
   796    795    800
   796    800    801
   799    724    722
   799    722    721
   798    802    727
   798    727    726
   798    726    725
   798    725    724
   798    724    799
   803    802    798
   803    798    797
   803    797    804
   729    728    727
   729    727    802
   729    802    803
   729    803    805
   729    805    806
   729    806    807
   729    807    637
   729    637    636
   495    637    807
   495    807    808
   495    808    809
   495    809    730
   495    730    638
   495    638    496
   809    810    811
   809    811    812
   809    812    731
   809    731    640
   809    640    639
   809    639    730
   731    812    813
   731    813    814
   731    814    815
   731    815    816
   731    816    733
   731    733    732
   816    817    735
   816    735    734
   816    734    733
   815    818    819
   815    819    820
   815    820    817
   815    817    816
   820    738    736
   820    736    735
   820    735    817
   819    821    822
   819    822    740
   819    740    739
   819    739    738
   819    738    820
   743    741    740
   743    740    822
   320    400    515
   320    515    655
   320    655    823
   320    823    744
   320    744    321
   746    660    659
   746    659    745
   746    745    744
   746    744    823
   746    823    824
   524    747    746
   524    746    824
   524    824    825
   524    825    826
   524    826    663
   524    663    525
   527    663    826
   527    826    827
   527    827    664
   527    664    528
   828    829    667
   828    667    666
   828    666    750
   667    829    830
   667    830    831
   667    831    751
   667    751    668
   754    753    752
   754    752    751
   754    751    831
   756    755    754
   756    754    831
   756    831    830
   756    830    832
   756    832    833
   550    757    756
   550    756    833
   550    833    834
   550    834    758
   550    758    679
   550    679    551
   834    835    836
   834    836    837
   834    837    759
   834    759    758
   838    839    761
   838    761    760
   838    760    759
   838    759    837
   838    837    840
   683    841    765
   683    765    763
   683    763    684
   766    765    841
   766    841    842
   766    842    843
   844    845    768
   844    768    767
   844    767    764
   844    764    766
   844    766    843
   844    843    846
   844    846    847
   769    768    845
   769    845    848
   769    848    770
   771    770    848
   771    848    849
   771    849    850
   771    850    851
   771    851    852
   771    852    853
   771    853    854
   771    854    855
   771    855    773
   771    773    772
   774    773    855
   774    855    856
   774    856    857
   774    857    858
   774    858    775
   575    775    858
   575    858    859
   575    859    776
   575    776    698
   575    698    576
   577    699    777
   577    777    860
   577    860    861
   577    861    700
   577    700    578
   580    700    861
   580    861    862
   580    862    778
   580    778    581
   587    703    863
   587    863    864
   587    864    588
   588    864    865
   588    865    866
   588    866    780
   588    780    589
   782    781    780
   782    780    866
   782    866    867
   782    867    784
   782    784    783
   784    867    868
   784    868    785
   784    785    710
   784    710    709
   784    709    601
   784    601    600
   784    600    599
   869    870    711
   869    711    606
   869    606    605
   869    605    787
   607    711    870
   607    870    871
   607    871    872
   607    872    788
   607    788    712
   607    712    608
   872    791    713
   872    713    715
   872    715    789
   872    789    788
   873    801    800
   873    800    793
   873    793    792
   873    792    874
   800    795    794
   800    794    793
   875    876    877
   875    877    878
   877    876    804
   877    804    797
   877    797    796
   879    880    805
   879    805    803
   879    803    804
   879    804    876
   879    876    875
   879    875    881
   806    805    880
   806    880    882
   806    882    883
   806    883    884
   885    886    808
   885    808    807
   885    807    806
   885    806    884
   885    884    887
   885    887    888
   885    888    889
   808    886    890
   808    890    891
   808    891    810
   808    810    809
   811    892    893
   811    893    813
   811    813    812
   813    893    894
   813    894    895
   813    895    896
   813    896    897
   813    897    814
   814    897    898
   814    898    818
   814    818    815
   896    899    900
   896    900    898
   896    898    897
   898    900    821
   898    821    819
   898    819    818
   824    823    655
   824    655    653
   824    653    654
   824    654    742
   824    742    743
   824    743    822
   824    822    821
   824    821    900
   824    900    899
   824    899    901
   824    901    902
   824    902    825
   827    826    825
   827    825    902
   827    902    903
   827    903    904
   827    904    905
   906    748    665
   906    665    664
   906    664    827
   906    827    905
   906    905    907
   906    907    908
   906    908    909
   906    909    910
   906    910    911
   906    911    912
   906    912    913
   914    915    916
   914    916    917
   914    917    918
   914    918    828
   914    828    750
   914    750    749
   914    749    748
   914    748    906
   918    919    832
   918    832    830
   918    830    829
   918    829    828
   920    919    918
   920    918    917
   920    917    921
   833    832    919
   833    919    920
   833    920    922
   833    922    923
   833    923    835
   833    835    834
   924    836    835
   924    835    923
   924    923    925
   840    837    836
   840    836    924
   682    762    926
   682    926    842
   682    842    841
   682    841    683
   843    842    926
   843    926    927
   843    927    846
   848    845    844
   848    844    928
   848    928    849
   849    928    929
   849    929    850
   855    854    930
   855    930    856
   858    857    931
   858    931    932
   858    932    859
   859    932    933
   859    933    860
   859    860    777
   859    777    776
   701    779    778
   701    778    862
   701    862    934
   701    934    935
   701    935    863
   701    863    703
   701    703    702
   863    935    936
   863    936    865
   863    865    864
   866    865    936
   866    936    937
   866    937    938
   866    938    939
   866    939    940
   866    940    868
   866    868    867
   868    940    941
   868    941    942
   868    942    869
   868    869    787
   868    787    786
   868    786    785
   942    943    944
   942    944    945
   942    945    946
   942    946    871
   942    871    870
   942    870    869
   945    947    948
   945    948    949
   945    949    950
   945    950    873
   945    873    874
   945    874    946
   950    878    877
   950    877    796
   950    796    801
   950    801    873
   948    951    879
   948    879    881
   948    881    949
   949    881    875
   949    875    878
   949    878    950
   952    883    882
   952    882    953
   952    953    954
   955    887    884
   955    884    883
   955    883    952
   956    957    890
   956    890    886
   956    886    885
   891    958    959
   891    959    892
   891    892    811
   891    811    810
   960    894    893
   960    893    892
   960    892    959
   961    895    894
   961    894    960
   961    960    962
   901    899    896
   901    896    895
   901    895    961
   963    907    905
   963    905    904
   963    904    964
   965    908    907
   965    907    963
   966    967    914
   966    914    906
   966    906    913
   966    913    968
   969    916    915
   969    915    970
   969    970    971
   972    973    921
   972    921    917
   972    917    916
   972    916    969
   974    922    920
   974    920    921
   974    921    973
   974    973    975
   925    923    922
   925    922    974
   927    926    762
   927    762    761
   927    761    839
   927    839    976
   847    846    927
   847    927    976
   847    976    977
   851    850    929
   851    929    978
   853    979    930
   853    930    854
   856    930    979
   856    979    980
   856    980    931
   856    931    857
   860    933    981
   860    981    982
   860    982    934
   860    934    862
   860    862    861
   936    935    934
   936    934    982
   936    982    937
   939    983    984
   939    984    941
   939    941    940
   941    984    985
   941    985    943
   941    943    942
   944    986    987
   944    987    947
   944    947    945
   987    954    953
   987    953    951
   987    951    948
   987    948    947
   953    882    880
   953    880    879
   953    879    951
   988    888    887
   988    887    955
   889    888    988
   889    988    989
   990    958    891
   990    891    890
   990    890    957
   990    957    991
   992    962    960
   992    960    959
   992    959    958
   992    958    990
   903    902    901
   903    901    961
   903    961    962
   903    962    992
   993    994    909
   993    909    908
   993    908    965
   909    994    910
   970    915    914
   970    914    967
   995    996    972
   995    972    969
   995    969    971
   995    971    997
   975    973    972
   975    972    996
   977    976    839
   977    839    838
   977    838    998
   978    929    928
   978    928    844
   978    844    847
   978    847    977
   978    977    998
   978    998    999
   980    979    853
   980    853    852
   980    852   1000
   981    933    932
   981    932    931
   981    931    980
   981    980   1000
   981   1000   1001
   981   1001   1002
   937    982    981
   937    981   1002
   937   1002    938
  1003   1004   1005
  1003   1005    985
  1003    985    984
  1003    984    983
   985   1005   1006
   985   1006   1007
   985   1007    986
   985    986    944
   985    944    943
  1007    989    988
  1007    988    955
  1007    955    952
  1007    952    954
  1007    954    987
  1007    987    986
  1006   1008    956
  1006    956    885
  1006    885    889
  1006    889    989
  1006    989   1007
  1009    991    957
  1009    957    956
  1009    956   1008
  1009   1008   1010
   964    904    903
   964    903    992
   964    992    990
   964    990    991
   964    991   1009
   911    910    994
   911    994    993
   911    993   1011
   968    913    912
   968    912   1012
   997    971    970
   997    970    967
   997    967    966
   997    966   1013
   999    998    838
   999    838    840
   999    840    924
   999    924    925
   999    925    974
   999    974    975
   999    975    996
   999    996    995
  1001   1000    852
  1001    852    851
  1001    851    978
  1001    978    999
  1001    999    995
  1001    995    997
  1001    997   1013
  1001   1013   1014
   938   1002   1001
   938   1001   1014
   938   1014   1003
   938   1003    983
   938    983    939
  1015   1010   1008
  1015   1008   1006
  1015   1006   1005
  1015   1005   1004
  1016   1011    993
  1016    993    965
  1016    965    963
  1016    963    964
  1016    964   1009
  1016   1009   1010
  1016   1010   1015
  1012    912    911
  1012    911   1011
  1012   1011   1016
  1014   1013    966
  1014    966    968
  1014    968   1012
  1014   1012   1016
  1014   1016   1015
  1014   1015   1004
  1014   1004   1003
   946    874    792
   946    792    790
   946    790    791
   946    791    872
   946    872    871
