0 -90 84.058500000000
5 -90 84.058500000000
10 -90 84.058500000000
15 -90 84.058500000000
20 -90 84.058500000000
25 -90 84.058500000000
30 -90 84.058500000000
35 -90 84.058500000000
40 -90 84.058500000000
45 -90 84.058500000000
50 -90 84.058500000000
55 -90 84.058500000000
60 -90 84.058500000000
65 -90 84.058500000000
70 -90 84.058500000000
75 -90 84.058500000000
80 -90 84.058500000000
85 -90 84.058500000000
90 -90 84.058500000000
95 -90 84.058500000000
100 -90 84.058500000000
105 -90 84.058500000000
110 -90 84.058500000000
115 -90 84.058500000000
120 -90 84.058500000000
125 -90 84.058500000000
130 -90 84.058500000000
135 -90 84.058500000000
140 -90 84.058500000000
145 -90 84.058500000000
150 -90 84.058500000000
155 -90 84.058500000000
160 -90 84.058500000000
165 -90 84.058500000000
170 -90 84.058500000000
175 -90 84.058500000000
180 -90 84.058500000000
185 -90 84.058500000000
190 -90 84.058500000000
195 -90 84.058500000000
200 -90 84.058500000000
205 -90 84.058500000000
210 -90 84.058500000000
215 -90 84.058500000000
220 -90 84.058500000000
225 -90 84.058500000000
230 -90 84.058500000000
235 -90 84.058500000000
240 -90 84.058500000000
245 -90 84.058500000000
250 -90 84.058500000000
255 -90 84.058500000000
260 -90 84.058500000000
265 -90 84.058500000000
270 -90 84.058500000000
275 -90 84.058500000000
280 -90 84.058500000000
285 -90 84.058500000000
290 -90 84.058500000000
295 -90 84.058500000000
300 -90 84.058500000000
305 -90 84.058500000000
310 -90 84.058500000000
315 -90 84.058500000000
320 -90 84.058500000000
325 -90 84.058500000000
330 -90 84.058500000000
335 -90 84.058500000000
340 -90 84.058500000000
345 -90 84.058500000000
350 -90 84.058500000000
355 -90 84.058500000000
360 -90 84.058500000000
0 -85 84.058500000000
5 -85 84.058500000000
10 -85 84.058500000000
15 -85 84.058500000000
20 -85 84.058500000000
25 -85 84.058500000000
30 -85 84.058500000000
35 -85 84.058500000000
40 -85 84.058500000000
45 -85 84.058500000000
50 -85 84.058500000000
55 -85 84.058500000000
60 -85 84.058500000000
65 -85 84.058500000000
70 -85 84.058500000000
75 -85 84.058500000000
80 -85 84.058500000000
85 -85 84.058500000000
90 -85 84.058500000000
95 -85 84.058500000000
100 -85 84.058500000000
105 -85 84.058500000000
110 -85 84.058500000000
115 -85 84.058500000000
120 -85 84.058500000000
125 -85 84.058500000000
130 -85 84.058500000000
135 -85 84.058500000000
140 -85 84.058500000000
145 -85 84.058500000000
150 -85 84.058500000000
155 -85 84.058500000000
160 -85 84.058500000000
165 -85 84.058500000000
170 -85 84.058500000000
175 -85 84.058500000000
180 -85 84.058500000000
185 -85 84.058500000000
190 -85 84.058500000000
195 -85 84.058500000000
200 -85 84.058500000000
205 -85 84.058500000000
210 -85 84.058500000000
215 -85 84.058500000000
220 -85 84.058500000000
225 -85 84.058500000000
230 -85 84.058500000000
235 -85 84.058500000000
240 -85 84.058500000000
245 -85 84.058500000000
250 -85 84.058500000000
255 -85 84.058500000000
260 -85 84.058500000000
265 -85 84.058500000000
270 -85 84.058500000000
275 -85 84.058500000000
280 -85 84.058500000000
285 -85 84.058500000000
290 -85 84.058500000000
295 -85 84.058500000000
300 -85 84.058500000000
305 -85 84.058500000000
310 -85 84.058500000000
315 -85 84.058500000000
320 -85 84.058500000000
325 -85 84.058500000000
330 -85 84.058500000000
335 -85 84.058500000000
340 -85 84.058500000000
345 -85 84.058500000000
350 -85 84.058500000000
355 -85 84.058500000000
360 -85 84.058500000000
0 -80 84.058500000000
5 -80 84.058500000000
10 -80 84.058500000000
15 -80 84.058500000000
20 -80 84.058500000000
25 -80 84.058500000000
30 -80 84.058500000000
35 -80 84.058500000000
40 -80 84.058500000000
45 -80 84.058500000000
50 -80 84.058500000000
55 -80 84.058500000000
60 -80 84.058500000000
65 -80 84.058500000000
70 -80 84.058500000000
75 -80 84.058500000000
80 -80 84.058500000000
85 -80 84.058500000000
90 -80 84.058500000000
95 -80 84.058500000000
100 -80 84.058500000000
105 -80 84.058500000000
110 -80 84.058500000000
115 -80 84.058500000000
120 -80 84.058500000000
125 -80 84.058500000000
130 -80 84.058500000000
135 -80 84.058500000000
140 -80 84.058500000000
145 -80 84.058500000000
150 -80 84.058500000000
155 -80 84.058500000000
160 -80 84.058500000000
165 -80 84.058500000000
170 -80 84.058500000000
175 -80 84.058500000000
180 -80 84.058500000000
185 -80 84.058500000000
190 -80 84.058500000000
195 -80 84.058500000000
200 -80 84.058500000000
205 -80 84.058500000000
210 -80 84.058500000000
215 -80 84.058500000000
220 -80 84.058500000000
225 -80 84.058500000000
230 -80 84.058500000000
235 -80 84.058500000000
240 -80 84.058500000000
245 -80 84.058500000000
250 -80 84.058500000000
255 -80 84.058500000000
260 -80 84.058500000000
265 -80 84.058500000000
270 -80 84.058500000000
275 -80 84.058500000000
280 -80 84.058500000000
285 -80 84.058500000000
290 -80 84.058500000000
295 -80 84.058500000000
300 -80 84.058500000000
305 -80 84.058500000000
310 -80 84.058500000000
315 -80 84.058500000000
320 -80 84.058500000000
325 -80 84.058500000000
330 -80 84.058500000000
335 -80 84.058500000000
340 -80 84.058500000000
345 -80 84.058500000000
350 -80 84.058500000000
355 -80 84.058500000000
360 -80 84.058500000000
0 -75 84.058500000000
5 -75 84.058500000000
10 -75 84.058500000000
15 -75 84.058500000000
20 -75 84.058500000000
25 -75 84.058500000000
30 -75 84.058500000000
35 -75 84.058500000000
40 -75 84.058500000000
45 -75 84.058500000000
50 -75 84.058500000000
55 -75 84.058500000000
60 -75 84.058500000000
65 -75 84.058500000000
70 -75 84.058500000000
75 -75 84.058500000000
80 -75 84.058500000000
85 -75 84.058500000000
90 -75 84.058500000000
95 -75 84.058500000000
100 -75 84.058500000000
105 -75 84.058500000000
110 -75 84.058500000000
115 -75 84.058500000000
120 -75 84.058500000000
125 -75 84.058500000000
130 -75 84.058500000000
135 -75 84.058500000000
140 -75 84.058500000000
145 -75 84.058500000000
150 -75 84.058500000000
155 -75 84.058500000000
160 -75 84.058500000000
165 -75 84.058500000000
170 -75 84.058500000000
175 -75 84.058500000000
180 -75 84.058500000000
185 -75 84.058500000000
190 -75 84.058500000000
195 -75 84.058500000000
200 -75 84.058500000000
205 -75 84.058500000000
210 -75 84.058500000000
215 -75 84.058500000000
220 -75 84.058500000000
225 -75 84.058500000000
230 -75 84.058500000000
235 -75 84.058500000000
240 -75 84.058500000000
245 -75 84.058500000000
250 -75 84.058500000000
255 -75 84.058500000000
260 -75 84.058500000000
265 -75 84.058500000000
270 -75 84.058500000000
275 -75 84.058500000000
280 -75 84.058500000000
285 -75 84.058500000000
290 -75 84.058500000000
295 -75 84.058500000000
300 -75 84.058500000000
305 -75 84.058500000000
310 -75 84.058500000000
315 -75 84.058500000000
320 -75 84.058500000000
325 -75 84.058500000000
330 -75 84.058500000000
335 -75 84.058500000000
340 -75 84.058500000000
345 -75 84.058500000000
350 -75 84.058500000000
355 -75 84.058500000000
360 -75 84.058500000000
0 -70 84.058500000000
5 -70 84.058500000000
10 -70 84.058500000000
15 -70 84.058500000000
20 -70 84.058500000000
25 -70 84.058500000000
30 -70 84.058500000000
35 -70 84.058500000000
40 -70 84.058500000000
45 -70 84.058500000000
50 -70 84.058500000000
55 -70 84.058500000000
60 -70 84.058500000000
65 -70 84.058500000000
70 -70 84.058500000000
75 -70 84.058500000000
80 -70 84.058500000000
85 -70 84.058500000000
90 -70 84.058500000000
95 -70 84.058500000000
100 -70 84.058500000000
105 -70 84.058500000000
110 -70 84.058500000000
115 -70 84.058500000000
120 -70 84.058500000000
125 -70 84.058500000000
130 -70 84.058500000000
135 -70 84.058500000000
140 -70 84.058500000000
145 -70 84.058500000000
150 -70 84.058500000000
155 -70 84.058500000000
160 -70 84.058500000000
165 -70 84.058500000000
170 -70 84.058500000000
175 -70 84.058500000000
180 -70 84.058500000000
185 -70 84.058500000000
190 -70 84.058500000000
195 -70 84.058500000000
200 -70 84.058500000000
205 -70 84.058500000000
210 -70 84.058500000000
215 -70 84.058500000000
220 -70 84.058500000000
225 -70 84.058500000000
230 -70 84.058500000000
235 -70 84.058500000000
240 -70 84.058500000000
245 -70 84.058500000000
250 -70 84.058500000000
255 -70 84.058500000000
260 -70 84.058500000000
265 -70 84.058500000000
270 -70 84.058500000000
275 -70 84.058500000000
280 -70 84.058500000000
285 -70 84.058500000000
290 -70 84.058500000000
295 -70 84.058500000000
300 -70 84.058500000000
305 -70 84.058500000000
310 -70 84.058500000000
315 -70 84.058500000000
320 -70 84.058500000000
325 -70 84.058500000000
330 -70 84.058500000000
335 -70 84.058500000000
340 -70 84.058500000000
345 -70 84.058500000000
350 -70 84.058500000000
355 -70 84.058500000000
360 -70 84.058500000000
0 -65 84.058500000000
5 -65 84.058500000000
10 -65 84.058500000000
15 -65 84.058500000000
20 -65 84.058500000000
25 -65 84.058500000000
30 -65 84.058500000000
35 -65 84.058500000000
40 -65 84.058500000000
45 -65 84.058500000000
50 -65 84.058500000000
55 -65 84.058500000000
60 -65 84.058500000000
65 -65 84.058500000000
70 -65 84.058500000000
75 -65 84.058500000000
80 -65 84.058500000000
85 -65 84.058500000000
90 -65 84.058500000000
95 -65 84.058500000000
100 -65 84.058500000000
105 -65 84.058500000000
110 -65 84.058500000000
115 -65 84.058500000000
120 -65 84.058500000000
125 -65 84.058500000000
130 -65 84.058500000000
135 -65 84.058500000000
140 -65 84.058500000000
145 -65 84.058500000000
150 -65 84.058500000000
155 -65 84.058500000000
160 -65 84.058500000000
165 -65 84.058500000000
170 -65 84.058500000000
175 -65 84.058500000000
180 -65 84.058500000000
185 -65 84.058500000000
190 -65 84.058500000000
195 -65 84.058500000000
200 -65 84.058500000000
205 -65 84.058500000000
210 -65 84.058500000000
215 -65 84.058500000000
220 -65 84.058500000000
225 -65 84.058500000000
230 -65 84.058500000000
235 -65 84.058500000000
240 -65 84.058500000000
245 -65 84.058500000000
250 -65 84.058500000000
255 -65 84.058500000000
260 -65 84.058500000000
265 -65 84.058500000000
270 -65 84.058500000000
275 -65 84.058500000000
280 -65 84.058500000000
285 -65 84.058500000000
290 -65 84.058500000000
295 -65 84.058500000000
300 -65 84.058500000000
305 -65 84.058500000000
310 -65 84.058500000000
315 -65 84.058500000000
320 -65 84.058500000000
325 -65 84.058500000000
330 -65 84.058500000000
335 -65 84.058500000000
340 -65 84.058500000000
345 -65 84.058500000000
350 -65 84.058500000000
355 -65 84.058500000000
360 -65 84.058500000000
0 -60 84.058500000000
5 -60 84.058500000000
10 -60 84.058500000000
15 -60 84.058500000000
20 -60 84.058500000000
25 -60 84.058500000000
30 -60 84.058500000000
35 -60 84.058500000000
40 -60 84.058500000000
45 -60 84.058500000000
50 -60 84.058500000000
55 -60 84.058500000000
60 -60 84.058500000000
65 -60 84.058500000000
70 -60 84.058500000000
75 -60 84.058500000000
80 -60 84.058500000000
85 -60 84.058500000000
90 -60 84.058500000000
95 -60 84.058500000000
100 -60 84.058500000000
105 -60 84.058500000000
110 -60 84.058500000000
115 -60 84.058500000000
120 -60 84.058500000000
125 -60 84.058500000000
130 -60 84.058500000000
135 -60 84.058500000000
140 -60 84.058500000000
145 -60 84.058500000000
150 -60 84.058500000000
155 -60 84.058500000000
160 -60 84.058500000000
165 -60 84.058500000000
170 -60 84.058500000000
175 -60 84.058500000000
180 -60 84.058500000000
185 -60 84.058500000000
190 -60 84.058500000000
195 -60 84.058500000000
200 -60 84.058500000000
205 -60 84.058500000000
210 -60 84.058500000000
215 -60 84.058500000000
220 -60 84.058500000000
225 -60 84.058500000000
230 -60 84.058500000000
235 -60 84.058500000000
240 -60 84.058500000000
245 -60 84.058500000000
250 -60 84.058500000000
255 -60 84.058500000000
260 -60 84.058500000000
265 -60 84.058500000000
270 -60 84.058500000000
275 -60 84.058500000000
280 -60 84.058500000000
285 -60 84.058500000000
290 -60 84.058500000000
295 -60 84.058500000000
300 -60 84.058500000000
305 -60 84.058500000000
310 -60 84.058500000000
315 -60 84.058500000000
320 -60 84.058500000000
325 -60 84.058500000000
330 -60 84.058500000000
335 -60 84.058500000000
340 -60 84.058500000000
345 -60 84.058500000000
350 -60 84.058500000000
355 -60 84.058500000000
360 -60 84.058500000000
0 -55 84.058500000000
5 -55 84.058500000000
10 -55 84.058500000000
15 -55 84.058500000000
20 -55 84.058500000000
25 -55 84.058500000000
30 -55 84.058500000000
35 -55 84.058500000000
40 -55 84.058500000000
45 -55 84.058500000000
50 -55 84.058500000000
55 -55 84.058500000000
60 -55 84.058500000000
65 -55 84.058500000000
70 -55 84.058500000000
75 -55 84.058500000000
80 -55 84.058500000000
85 -55 84.058500000000
90 -55 84.058500000000
95 -55 84.058500000000
100 -55 84.058500000000
105 -55 84.058500000000
110 -55 84.058500000000
115 -55 84.058500000000
120 -55 84.058500000000
125 -55 84.058500000000
130 -55 84.058500000000
135 -55 84.058500000000
140 -55 84.058500000000
145 -55 84.058500000000
150 -55 84.058500000000
155 -55 84.058500000000
160 -55 84.058500000000
165 -55 84.058500000000
170 -55 84.058500000000
175 -55 84.058500000000
180 -55 84.058500000000
185 -55 84.058500000000
190 -55 84.058500000000
195 -55 84.058500000000
200 -55 84.058500000000
205 -55 84.058500000000
210 -55 84.058500000000
215 -55 84.058500000000
220 -55 84.058500000000
225 -55 84.058500000000
230 -55 84.058500000000
235 -55 84.058500000000
240 -55 84.058500000000
245 -55 84.058500000000
250 -55 84.058500000000
255 -55 84.058500000000
260 -55 84.058500000000
265 -55 84.058500000000
270 -55 84.058500000000
275 -55 84.058500000000
280 -55 84.058500000000
285 -55 84.058500000000
290 -55 84.058500000000
295 -55 84.058500000000
300 -55 84.058500000000
305 -55 84.058500000000
310 -55 84.058500000000
315 -55 84.058500000000
320 -55 84.058500000000
325 -55 84.058500000000
330 -55 84.058500000000
335 -55 84.058500000000
340 -55 84.058500000000
345 -55 84.058500000000
350 -55 84.058500000000
355 -55 84.058500000000
360 -55 84.058500000000
0 -50 84.058500000000
5 -50 84.058500000000
10 -50 84.058500000000
15 -50 84.058500000000
20 -50 84.058500000000
25 -50 84.058500000000
30 -50 84.058500000000
35 -50 84.058500000000
40 -50 84.058500000000
45 -50 84.058500000000
50 -50 84.058500000000
55 -50 84.058500000000
60 -50 84.058500000000
65 -50 84.058500000000
70 -50 84.058500000000
75 -50 84.058500000000
80 -50 84.058500000000
85 -50 84.058500000000
90 -50 84.058500000000
95 -50 84.058500000000
100 -50 84.058500000000
105 -50 84.058500000000
110 -50 84.058500000000
115 -50 84.058500000000
120 -50 84.058500000000
125 -50 84.058500000000
130 -50 84.058500000000
135 -50 84.058500000000
140 -50 84.058500000000
145 -50 84.058500000000
150 -50 84.058500000000
155 -50 84.058500000000
160 -50 84.058500000000
165 -50 84.058500000000
170 -50 84.058500000000
175 -50 84.058500000000
180 -50 84.058500000000
185 -50 84.058500000000
190 -50 84.058500000000
195 -50 84.058500000000
200 -50 84.058500000000
205 -50 84.058500000000
210 -50 84.058500000000
215 -50 84.058500000000
220 -50 84.058500000000
225 -50 84.058500000000
230 -50 84.058500000000
235 -50 84.058500000000
240 -50 84.058500000000
245 -50 84.058500000000
250 -50 84.058500000000
255 -50 84.058500000000
260 -50 84.058500000000
265 -50 84.058500000000
270 -50 84.058500000000
275 -50 84.058500000000
280 -50 84.058500000000
285 -50 84.058500000000
290 -50 84.058500000000
295 -50 84.058500000000
300 -50 84.058500000000
305 -50 84.058500000000
310 -50 84.058500000000
315 -50 84.058500000000
320 -50 84.058500000000
325 -50 84.058500000000
330 -50 84.058500000000
335 -50 84.058500000000
340 -50 84.058500000000
345 -50 84.058500000000
350 -50 84.058500000000
355 -50 84.058500000000
360 -50 84.058500000000
0 -45 84.058500000000
5 -45 84.058500000000
10 -45 84.058500000000
15 -45 84.058500000000
20 -45 84.058500000000
25 -45 84.058500000000
30 -45 84.058500000000
35 -45 84.058500000000
40 -45 84.058500000000
45 -45 84.058500000000
50 -45 84.058500000000
55 -45 84.058500000000
60 -45 84.058500000000
65 -45 84.058500000000
70 -45 84.058500000000
75 -45 84.058500000000
80 -45 84.058500000000
85 -45 84.058500000000
90 -45 84.058500000000
95 -45 84.058500000000
100 -45 84.058500000000
105 -45 84.058500000000
110 -45 84.058500000000
115 -45 84.058500000000
120 -45 84.058500000000
125 -45 84.058500000000
130 -45 84.058500000000
135 -45 84.058500000000
140 -45 84.058500000000
145 -45 84.058500000000
150 -45 84.058500000000
155 -45 84.058500000000
160 -45 84.058500000000
165 -45 84.058500000000
170 -45 84.058500000000
175 -45 84.058500000000
180 -45 84.058500000000
185 -45 84.058500000000
190 -45 84.058500000000
195 -45 84.058500000000
200 -45 84.058500000000
205 -45 84.058500000000
210 -45 84.058500000000
215 -45 84.058500000000
220 -45 84.058500000000
225 -45 84.058500000000
230 -45 84.058500000000
235 -45 84.058500000000
240 -45 84.058500000000
245 -45 84.058500000000
250 -45 84.058500000000
255 -45 84.058500000000
260 -45 84.058500000000
265 -45 84.058500000000
270 -45 84.058500000000
275 -45 84.058500000000
280 -45 84.058500000000
285 -45 84.058500000000
290 -45 84.058500000000
295 -45 84.058500000000
300 -45 84.058500000000
305 -45 84.058500000000
310 -45 84.058500000000
315 -45 84.058500000000
320 -45 84.058500000000
325 -45 84.058500000000
330 -45 84.058500000000
335 -45 84.058500000000
340 -45 84.058500000000
345 -45 84.058500000000
350 -45 84.058500000000
355 -45 84.058500000000
360 -45 84.058500000000
0 -40 84.058500000000
5 -40 84.058500000000
10 -40 84.058500000000
15 -40 84.058500000000
20 -40 84.058500000000
25 -40 84.058500000000
30 -40 84.058500000000
35 -40 84.058500000000
40 -40 84.058500000000
45 -40 84.058500000000
50 -40 84.058500000000
55 -40 84.058500000000
60 -40 84.058500000000
65 -40 84.058500000000
70 -40 84.058500000000
75 -40 84.058500000000
80 -40 84.058500000000
85 -40 84.058500000000
90 -40 84.058500000000
95 -40 84.058500000000
100 -40 84.058500000000
105 -40 84.058500000000
110 -40 84.058500000000
115 -40 84.058500000000
120 -40 84.058500000000
125 -40 84.058500000000
130 -40 84.058500000000
135 -40 84.058500000000
140 -40 84.058500000000
145 -40 84.058500000000
150 -40 84.058500000000
155 -40 84.058500000000
160 -40 84.058500000000
165 -40 84.058500000000
170 -40 84.058500000000
175 -40 84.058500000000
180 -40 84.058500000000
185 -40 84.058500000000
190 -40 84.058500000000
195 -40 84.058500000000
200 -40 84.058500000000
205 -40 84.058500000000
210 -40 84.058500000000
215 -40 84.058500000000
220 -40 84.058500000000
225 -40 84.058500000000
230 -40 84.058500000000
235 -40 84.058500000000
240 -40 84.058500000000
245 -40 84.058500000000
250 -40 84.058500000000
255 -40 84.058500000000
260 -40 84.058500000000
265 -40 84.058500000000
270 -40 84.058500000000
275 -40 84.058500000000
280 -40 84.058500000000
285 -40 84.058500000000
290 -40 84.058500000000
295 -40 84.058500000000
300 -40 84.058500000000
305 -40 84.058500000000
310 -40 84.058500000000
315 -40 84.058500000000
320 -40 84.058500000000
325 -40 84.058500000000
330 -40 84.058500000000
335 -40 84.058500000000
340 -40 84.058500000000
345 -40 84.058500000000
350 -40 84.058500000000
355 -40 84.058500000000
360 -40 84.058500000000
0 -35 84.058500000000
5 -35 84.058500000000
10 -35 84.058500000000
15 -35 84.058500000000
20 -35 84.058500000000
25 -35 84.058500000000
30 -35 84.058500000000
35 -35 84.058500000000
40 -35 84.058500000000
45 -35 84.058500000000
50 -35 84.058500000000
55 -35 84.058500000000
60 -35 84.058500000000
65 -35 84.058500000000
70 -35 84.058500000000
75 -35 84.058500000000
80 -35 84.058500000000
85 -35 84.058500000000
90 -35 84.058500000000
95 -35 84.058500000000
100 -35 84.058500000000
105 -35 84.058500000000
110 -35 84.058500000000
115 -35 84.058500000000
120 -35 84.058500000000
125 -35 84.058500000000
130 -35 84.058500000000
135 -35 84.058500000000
140 -35 84.058500000000
145 -35 84.058500000000
150 -35 84.058500000000
155 -35 84.058500000000
160 -35 84.058500000000
165 -35 84.058500000000
170 -35 84.058500000000
175 -35 84.058500000000
180 -35 84.058500000000
185 -35 84.058500000000
190 -35 84.058500000000
195 -35 84.058500000000
200 -35 84.058500000000
205 -35 84.058500000000
210 -35 84.058500000000
215 -35 84.058500000000
220 -35 84.058500000000
225 -35 84.058500000000
230 -35 84.058500000000
235 -35 84.058500000000
240 -35 84.058500000000
245 -35 84.058500000000
250 -35 84.058500000000
255 -35 84.058500000000
260 -35 84.058500000000
265 -35 84.058500000000
270 -35 84.058500000000
275 -35 84.058500000000
280 -35 84.058500000000
285 -35 84.058500000000
290 -35 84.058500000000
295 -35 84.058500000000
300 -35 84.058500000000
305 -35 84.058500000000
310 -35 84.058500000000
315 -35 84.058500000000
320 -35 84.058500000000
325 -35 84.058500000000
330 -35 84.058500000000
335 -35 84.058500000000
340 -35 84.058500000000
345 -35 84.058500000000
350 -35 84.058500000000
355 -35 84.058500000000
360 -35 84.058500000000
0 -30 84.058500000000
5 -30 84.058500000000
10 -30 84.058500000000
15 -30 84.058500000000
20 -30 84.058500000000
25 -30 84.058500000000
30 -30 84.058500000000
35 -30 84.058500000000
40 -30 84.058500000000
45 -30 84.058500000000
50 -30 84.058500000000
55 -30 84.058500000000
60 -30 84.058500000000
65 -30 84.058500000000
70 -30 84.058500000000
75 -30 84.058500000000
80 -30 84.058500000000
85 -30 84.058500000000
90 -30 84.058500000000
95 -30 84.058500000000
100 -30 84.058500000000
105 -30 84.058500000000
110 -30 84.058500000000
115 -30 84.058500000000
120 -30 84.058500000000
125 -30 84.058500000000
130 -30 84.058500000000
135 -30 84.058500000000
140 -30 84.058500000000
145 -30 84.058500000000
150 -30 84.058500000000
155 -30 84.058500000000
160 -30 84.058500000000
165 -30 84.058500000000
170 -30 84.058500000000
175 -30 84.058500000000
180 -30 84.058500000000
185 -30 84.058500000000
190 -30 84.058500000000
195 -30 84.058500000000
200 -30 84.058500000000
205 -30 84.058500000000
210 -30 84.058500000000
215 -30 84.058500000000
220 -30 84.058500000000
225 -30 84.058500000000
230 -30 84.058500000000
235 -30 84.058500000000
240 -30 84.058500000000
245 -30 84.058500000000
250 -30 84.058500000000
255 -30 84.058500000000
260 -30 84.058500000000
265 -30 84.058500000000
270 -30 84.058500000000
275 -30 84.058500000000
280 -30 84.058500000000
285 -30 84.058500000000
290 -30 84.058500000000
295 -30 84.058500000000
300 -30 84.058500000000
305 -30 84.058500000000
310 -30 84.058500000000
315 -30 84.058500000000
320 -30 84.058500000000
325 -30 84.058500000000
330 -30 84.058500000000
335 -30 84.058500000000
340 -30 84.058500000000
345 -30 84.058500000000
350 -30 84.058500000000
355 -30 84.058500000000
360 -30 84.058500000000
0 -25 84.058500000000
5 -25 84.058500000000
10 -25 84.058500000000
15 -25 84.058500000000
20 -25 84.058500000000
25 -25 84.058500000000
30 -25 84.058500000000
35 -25 84.058500000000
40 -25 84.058500000000
45 -25 84.058500000000
50 -25 84.058500000000
55 -25 84.058500000000
60 -25 84.058500000000
65 -25 84.058500000000
70 -25 84.058500000000
75 -25 84.058500000000
80 -25 84.058500000000
85 -25 84.058500000000
90 -25 84.058500000000
95 -25 84.058500000000
100 -25 84.058500000000
105 -25 84.058500000000
110 -25 84.058500000000
115 -25 84.058500000000
120 -25 84.058500000000
125 -25 84.058500000000
130 -25 84.058500000000
135 -25 84.058500000000
140 -25 84.058500000000
145 -25 84.058500000000
150 -25 84.058500000000
155 -25 84.058500000000
160 -25 84.058500000000
165 -25 84.058500000000
170 -25 84.058500000000
175 -25 84.058500000000
180 -25 84.058500000000
185 -25 84.058500000000
190 -25 84.058500000000
195 -25 84.058500000000
200 -25 84.058500000000
205 -25 84.058500000000
210 -25 84.058500000000
215 -25 84.058500000000
220 -25 84.058500000000
225 -25 84.058500000000
230 -25 84.058500000000
235 -25 84.058500000000
240 -25 84.058500000000
245 -25 84.058500000000
250 -25 84.058500000000
255 -25 84.058500000000
260 -25 84.058500000000
265 -25 84.058500000000
270 -25 84.058500000000
275 -25 84.058500000000
280 -25 84.058500000000
285 -25 84.058500000000
290 -25 84.058500000000
295 -25 84.058500000000
300 -25 84.058500000000
305 -25 84.058500000000
310 -25 84.058500000000
315 -25 84.058500000000
320 -25 84.058500000000
325 -25 84.058500000000
330 -25 84.058500000000
335 -25 84.058500000000
340 -25 84.058500000000
345 -25 84.058500000000
350 -25 84.058500000000
355 -25 84.058500000000
360 -25 84.058500000000
0 -20 84.058500000000
5 -20 84.058500000000
10 -20 84.058500000000
15 -20 84.058500000000
20 -20 84.058500000000
25 -20 84.058500000000
30 -20 84.058500000000
35 -20 84.058500000000
40 -20 84.058500000000
45 -20 84.058500000000
50 -20 84.058500000000
55 -20 84.058500000000
60 -20 84.058500000000
65 -20 84.058500000000
70 -20 84.058500000000
75 -20 84.058500000000
80 -20 84.058500000000
85 -20 84.058500000000
90 -20 84.058500000000
95 -20 84.058500000000
100 -20 84.058500000000
105 -20 84.058500000000
110 -20 84.058500000000
115 -20 84.058500000000
120 -20 84.058500000000
125 -20 84.058500000000
130 -20 84.058500000000
135 -20 84.058500000000
140 -20 84.058500000000
145 -20 84.058500000000
150 -20 84.058500000000
155 -20 84.058500000000
160 -20 84.058500000000
165 -20 84.058500000000
170 -20 84.058500000000
175 -20 84.058500000000
180 -20 84.058500000000
185 -20 84.058500000000
190 -20 84.058500000000
195 -20 84.058500000000
200 -20 84.058500000000
205 -20 84.058500000000
210 -20 84.058500000000
215 -20 84.058500000000
220 -20 84.058500000000
225 -20 84.058500000000
230 -20 84.058500000000
235 -20 84.058500000000
240 -20 84.058500000000
245 -20 84.058500000000
250 -20 84.058500000000
255 -20 84.058500000000
260 -20 84.058500000000
265 -20 84.058500000000
270 -20 84.058500000000
275 -20 84.058500000000
280 -20 84.058500000000
285 -20 84.058500000000
290 -20 84.058500000000
295 -20 84.058500000000
300 -20 84.058500000000
305 -20 84.058500000000
310 -20 84.058500000000
315 -20 84.058500000000
320 -20 84.058500000000
325 -20 84.058500000000
330 -20 84.058500000000
335 -20 84.058500000000
340 -20 84.058500000000
345 -20 84.058500000000
350 -20 84.058500000000
355 -20 84.058500000000
360 -20 84.058500000000
0 -15 84.058500000000
5 -15 84.058500000000
10 -15 84.058500000000
15 -15 84.058500000000
20 -15 84.058500000000
25 -15 84.058500000000
30 -15 84.058500000000
35 -15 84.058500000000
40 -15 84.058500000000
45 -15 84.058500000000
50 -15 84.058500000000
55 -15 84.058500000000
60 -15 84.058500000000
65 -15 84.058500000000
70 -15 84.058500000000
75 -15 84.058500000000
80 -15 84.058500000000
85 -15 84.058500000000
90 -15 84.058500000000
95 -15 84.058500000000
100 -15 84.058500000000
105 -15 84.058500000000
110 -15 84.058500000000
115 -15 84.058500000000
120 -15 84.058500000000
125 -15 84.058500000000
130 -15 84.058500000000
135 -15 84.058500000000
140 -15 84.058500000000
145 -15 84.058500000000
150 -15 84.058500000000
155 -15 84.058500000000
160 -15 84.058500000000
165 -15 84.058500000000
170 -15 84.058500000000
175 -15 84.058500000000
180 -15 84.058500000000
185 -15 84.058500000000
190 -15 84.058500000000
195 -15 84.058500000000
200 -15 84.058500000000
205 -15 84.058500000000
210 -15 84.058500000000
215 -15 84.058500000000
220 -15 84.058500000000
225 -15 84.058500000000
230 -15 84.058500000000
235 -15 84.058500000000
240 -15 84.058500000000
245 -15 84.058500000000
250 -15 84.058500000000
255 -15 84.058500000000
260 -15 84.058500000000
265 -15 84.058500000000
270 -15 84.058500000000
275 -15 84.058500000000
280 -15 84.058500000000
285 -15 84.058500000000
290 -15 84.058500000000
295 -15 84.058500000000
300 -15 84.058500000000
305 -15 84.058500000000
310 -15 84.058500000000
315 -15 84.058500000000
320 -15 84.058500000000
325 -15 84.058500000000
330 -15 84.058500000000
335 -15 84.058500000000
340 -15 84.058500000000
345 -15 84.058500000000
350 -15 84.058500000000
355 -15 84.058500000000
360 -15 84.058500000000
0 -10 84.058500000000
5 -10 84.058500000000
10 -10 84.058500000000
15 -10 84.058500000000
20 -10 84.058500000000
25 -10 84.058500000000
30 -10 84.058500000000
35 -10 84.058500000000
40 -10 84.058500000000
45 -10 84.058500000000
50 -10 84.058500000000
55 -10 84.058500000000
60 -10 84.058500000000
65 -10 84.058500000000
70 -10 84.058500000000
75 -10 84.058500000000
80 -10 84.058500000000
85 -10 84.058500000000
90 -10 84.058500000000
95 -10 84.058500000000
100 -10 84.058500000000
105 -10 84.058500000000
110 -10 84.058500000000
115 -10 84.058500000000
120 -10 84.058500000000
125 -10 84.058500000000
130 -10 84.058500000000
135 -10 84.058500000000
140 -10 84.058500000000
145 -10 84.058500000000
150 -10 84.058500000000
155 -10 84.058500000000
160 -10 84.058500000000
165 -10 84.058500000000
170 -10 84.058500000000
175 -10 84.058500000000
180 -10 84.058500000000
185 -10 84.058500000000
190 -10 84.058500000000
195 -10 84.058500000000
200 -10 84.058500000000
205 -10 84.058500000000
210 -10 84.058500000000
215 -10 84.058500000000
220 -10 84.058500000000
225 -10 84.058500000000
230 -10 84.058500000000
235 -10 84.058500000000
240 -10 84.058500000000
245 -10 84.058500000000
250 -10 84.058500000000
255 -10 84.058500000000
260 -10 84.058500000000
265 -10 84.058500000000
270 -10 84.058500000000
275 -10 84.058500000000
280 -10 84.058500000000
285 -10 84.058500000000
290 -10 84.058500000000
295 -10 84.058500000000
300 -10 84.058500000000
305 -10 84.058500000000
310 -10 84.058500000000
315 -10 84.058500000000
320 -10 84.058500000000
325 -10 84.058500000000
330 -10 84.058500000000
335 -10 84.058500000000
340 -10 84.058500000000
345 -10 84.058500000000
350 -10 84.058500000000
355 -10 84.058500000000
360 -10 84.058500000000
0 -5 84.058500000000
5 -5 84.058500000000
10 -5 84.058500000000
15 -5 84.058500000000
20 -5 84.058500000000
25 -5 84.058500000000
30 -5 84.058500000000
35 -5 84.058500000000
40 -5 84.058500000000
45 -5 84.058500000000
50 -5 84.058500000000
55 -5 84.058500000000
60 -5 84.058500000000
65 -5 84.058500000000
70 -5 84.058500000000
75 -5 84.058500000000
80 -5 84.058500000000
85 -5 84.058500000000
90 -5 84.058500000000
95 -5 84.058500000000
100 -5 84.058500000000
105 -5 84.058500000000
110 -5 84.058500000000
115 -5 84.058500000000
120 -5 84.058500000000
125 -5 84.058500000000
130 -5 84.058500000000
135 -5 84.058500000000
140 -5 84.058500000000
145 -5 84.058500000000
150 -5 84.058500000000
155 -5 84.058500000000
160 -5 84.058500000000
165 -5 84.058500000000
170 -5 84.058500000000
175 -5 84.058500000000
180 -5 84.058500000000
185 -5 84.058500000000
190 -5 84.058500000000
195 -5 84.058500000000
200 -5 84.058500000000
205 -5 84.058500000000
210 -5 84.058500000000
215 -5 84.058500000000
220 -5 84.058500000000
225 -5 84.058500000000
230 -5 84.058500000000
235 -5 84.058500000000
240 -5 84.058500000000
245 -5 84.058500000000
250 -5 84.058500000000
255 -5 84.058500000000
260 -5 84.058500000000
265 -5 84.058500000000
270 -5 84.058500000000
275 -5 84.058500000000
280 -5 84.058500000000
285 -5 84.058500000000
290 -5 84.058500000000
295 -5 84.058500000000
300 -5 84.058500000000
305 -5 84.058500000000
310 -5 84.058500000000
315 -5 84.058500000000
320 -5 84.058500000000
325 -5 84.058500000000
330 -5 84.058500000000
335 -5 84.058500000000
340 -5 84.058500000000
345 -5 84.058500000000
350 -5 84.058500000000
355 -5 84.058500000000
360 -5 84.058500000000
0 0 84.058500000000
5 0 84.058500000000
10 0 84.058500000000
15 0 84.058500000000
20 0 84.058500000000
25 0 84.058500000000
30 0 84.058500000000
35 0 84.058500000000
40 0 84.058500000000
45 0 84.058500000000
50 0 84.058500000000
55 0 84.058500000000
60 0 84.058500000000
65 0 84.058500000000
70 0 84.058500000000
75 0 84.058500000000
80 0 84.058500000000
85 0 84.058500000000
90 0 84.058500000000
95 0 84.058500000000
100 0 84.058500000000
105 0 84.058500000000
110 0 84.058500000000
115 0 84.058500000000
120 0 84.058500000000
125 0 84.058500000000
130 0 84.058500000000
135 0 84.058500000000
140 0 84.058500000000
145 0 84.058500000000
150 0 84.058500000000
155 0 84.058500000000
160 0 84.058500000000
165 0 84.058500000000
170 0 84.058500000000
175 0 84.058500000000
180 0 84.058500000000
185 0 84.058500000000
190 0 84.058500000000
195 0 84.058500000000
200 0 84.058500000000
205 0 84.058500000000
210 0 84.058500000000
215 0 84.058500000000
220 0 84.058500000000
225 0 84.058500000000
230 0 84.058500000000
235 0 84.058500000000
240 0 84.058500000000
245 0 84.058500000000
250 0 84.058500000000
255 0 84.058500000000
260 0 84.058500000000
265 0 84.058500000000
270 0 84.058500000000
275 0 84.058500000000
280 0 84.058500000000
285 0 84.058500000000
290 0 84.058500000000
295 0 84.058500000000
300 0 84.058500000000
305 0 84.058500000000
310 0 84.058500000000
315 0 84.058500000000
320 0 84.058500000000
325 0 84.058500000000
330 0 84.058500000000
335 0 84.058500000000
340 0 84.058500000000
345 0 84.058500000000
350 0 84.058500000000
355 0 84.058500000000
360 0 84.058500000000
0 5 84.058500000000
5 5 84.058500000000
10 5 84.058500000000
15 5 84.058500000000
20 5 84.058500000000
25 5 84.058500000000
30 5 84.058500000000
35 5 84.058500000000
40 5 84.058500000000
45 5 84.058500000000
50 5 84.058500000000
55 5 84.058500000000
60 5 84.058500000000
65 5 84.058500000000
70 5 84.058500000000
75 5 84.058500000000
80 5 84.058500000000
85 5 84.058500000000
90 5 84.058500000000
95 5 84.058500000000
100 5 84.058500000000
105 5 84.058500000000
110 5 84.058500000000
115 5 84.058500000000
120 5 84.058500000000
125 5 84.058500000000
130 5 84.058500000000
135 5 84.058500000000
140 5 84.058500000000
145 5 84.058500000000
150 5 84.058500000000
155 5 84.058500000000
160 5 84.058500000000
165 5 84.058500000000
170 5 84.058500000000
175 5 84.058500000000
180 5 84.058500000000
185 5 84.058500000000
190 5 84.058500000000
195 5 84.058500000000
200 5 84.058500000000
205 5 84.058500000000
210 5 84.058500000000
215 5 84.058500000000
220 5 84.058500000000
225 5 84.058500000000
230 5 84.058500000000
235 5 84.058500000000
240 5 84.058500000000
245 5 84.058500000000
250 5 84.058500000000
255 5 84.058500000000
260 5 84.058500000000
265 5 84.058500000000
270 5 84.058500000000
275 5 84.058500000000
280 5 84.058500000000
285 5 84.058500000000
290 5 84.058500000000
295 5 84.058500000000
300 5 84.058500000000
305 5 84.058500000000
310 5 84.058500000000
315 5 84.058500000000
320 5 84.058500000000
325 5 84.058500000000
330 5 84.058500000000
335 5 84.058500000000
340 5 84.058500000000
345 5 84.058500000000
350 5 84.058500000000
355 5 84.058500000000
360 5 84.058500000000
0 10 84.058500000000
5 10 84.058500000000
10 10 84.058500000000
15 10 84.058500000000
20 10 84.058500000000
25 10 84.058500000000
30 10 84.058500000000
35 10 84.058500000000
40 10 84.058500000000
45 10 84.058500000000
50 10 84.058500000000
55 10 84.058500000000
60 10 84.058500000000
65 10 84.058500000000
70 10 84.058500000000
75 10 84.058500000000
80 10 84.058500000000
85 10 84.058500000000
90 10 84.058500000000
95 10 84.058500000000
100 10 84.058500000000
105 10 84.058500000000
110 10 84.058500000000
115 10 84.058500000000
120 10 84.058500000000
125 10 84.058500000000
130 10 84.058500000000
135 10 84.058500000000
140 10 84.058500000000
145 10 84.058500000000
150 10 84.058500000000
155 10 84.058500000000
160 10 84.058500000000
165 10 84.058500000000
170 10 84.058500000000
175 10 84.058500000000
180 10 84.058500000000
185 10 84.058500000000
190 10 84.058500000000
195 10 84.058500000000
200 10 84.058500000000
205 10 84.058500000000
210 10 84.058500000000
215 10 84.058500000000
220 10 84.058500000000
225 10 84.058500000000
230 10 84.058500000000
235 10 84.058500000000
240 10 84.058500000000
245 10 84.058500000000
250 10 84.058500000000
255 10 84.058500000000
260 10 84.058500000000
265 10 84.058500000000
270 10 84.058500000000
275 10 84.058500000000
280 10 84.058500000000
285 10 84.058500000000
290 10 84.058500000000
295 10 84.058500000000
300 10 84.058500000000
305 10 84.058500000000
310 10 84.058500000000
315 10 84.058500000000
320 10 84.058500000000
325 10 84.058500000000
330 10 84.058500000000
335 10 84.058500000000
340 10 84.058500000000
345 10 84.058500000000
350 10 84.058500000000
355 10 84.058500000000
360 10 84.058500000000
0 15 84.058500000000
5 15 84.058500000000
10 15 84.058500000000
15 15 84.058500000000
20 15 84.058500000000
25 15 84.058500000000
30 15 84.058500000000
35 15 84.058500000000
40 15 84.058500000000
45 15 84.058500000000
50 15 84.058500000000
55 15 84.058500000000
60 15 84.058500000000
65 15 84.058500000000
70 15 84.058500000000
75 15 84.058500000000
80 15 84.058500000000
85 15 84.058500000000
90 15 84.058500000000
95 15 84.058500000000
100 15 84.058500000000
105 15 84.058500000000
110 15 84.058500000000
115 15 84.058500000000
120 15 84.058500000000
125 15 84.058500000000
130 15 84.058500000000
135 15 84.058500000000
140 15 84.058500000000
145 15 84.058500000000
150 15 84.058500000000
155 15 84.058500000000
160 15 84.058500000000
165 15 84.058500000000
170 15 84.058500000000
175 15 84.058500000000
180 15 84.058500000000
185 15 84.058500000000
190 15 84.058500000000
195 15 84.058500000000
200 15 84.058500000000
205 15 84.058500000000
210 15 84.058500000000
215 15 84.058500000000
220 15 84.058500000000
225 15 84.058500000000
230 15 84.058500000000
235 15 84.058500000000
240 15 84.058500000000
245 15 84.058500000000
250 15 84.058500000000
255 15 84.058500000000
260 15 84.058500000000
265 15 84.058500000000
270 15 84.058500000000
275 15 84.058500000000
280 15 84.058500000000
285 15 84.058500000000
290 15 84.058500000000
295 15 84.058500000000
300 15 84.058500000000
305 15 84.058500000000
310 15 84.058500000000
315 15 84.058500000000
320 15 84.058500000000
325 15 84.058500000000
330 15 84.058500000000
335 15 84.058500000000
340 15 84.058500000000
345 15 84.058500000000
350 15 84.058500000000
355 15 84.058500000000
360 15 84.058500000000
0 20 84.058500000000
5 20 84.058500000000
10 20 84.058500000000
15 20 84.058500000000
20 20 84.058500000000
25 20 84.058500000000
30 20 84.058500000000
35 20 84.058500000000
40 20 84.058500000000
45 20 84.058500000000
50 20 84.058500000000
55 20 84.058500000000
60 20 84.058500000000
65 20 84.058500000000
70 20 84.058500000000
75 20 84.058500000000
80 20 84.058500000000
85 20 84.058500000000
90 20 84.058500000000
95 20 84.058500000000
100 20 84.058500000000
105 20 84.058500000000
110 20 84.058500000000
115 20 84.058500000000
120 20 84.058500000000
125 20 84.058500000000
130 20 84.058500000000
135 20 84.058500000000
140 20 84.058500000000
145 20 84.058500000000
150 20 84.058500000000
155 20 84.058500000000
160 20 84.058500000000
165 20 84.058500000000
170 20 84.058500000000
175 20 84.058500000000
180 20 84.058500000000
185 20 84.058500000000
190 20 84.058500000000
195 20 84.058500000000
200 20 84.058500000000
205 20 84.058500000000
210 20 84.058500000000
215 20 84.058500000000
220 20 84.058500000000
225 20 84.058500000000
230 20 84.058500000000
235 20 84.058500000000
240 20 84.058500000000
245 20 84.058500000000
250 20 84.058500000000
255 20 84.058500000000
260 20 84.058500000000
265 20 84.058500000000
270 20 84.058500000000
275 20 84.058500000000
280 20 84.058500000000
285 20 84.058500000000
290 20 84.058500000000
295 20 84.058500000000
300 20 84.058500000000
305 20 84.058500000000
310 20 84.058500000000
315 20 84.058500000000
320 20 84.058500000000
325 20 84.058500000000
330 20 84.058500000000
335 20 84.058500000000
340 20 84.058500000000
345 20 84.058500000000
350 20 84.058500000000
355 20 84.058500000000
360 20 84.058500000000
0 25 84.058500000000
5 25 84.058500000000
10 25 84.058500000000
15 25 84.058500000000
20 25 84.058500000000
25 25 84.058500000000
30 25 84.058500000000
35 25 84.058500000000
40 25 84.058500000000
45 25 84.058500000000
50 25 84.058500000000
55 25 84.058500000000
60 25 84.058500000000
65 25 84.058500000000
70 25 84.058500000000
75 25 84.058500000000
80 25 84.058500000000
85 25 84.058500000000
90 25 84.058500000000
95 25 84.058500000000
100 25 84.058500000000
105 25 84.058500000000
110 25 84.058500000000
115 25 84.058500000000
120 25 84.058500000000
125 25 84.058500000000
130 25 84.058500000000
135 25 84.058500000000
140 25 84.058500000000
145 25 84.058500000000
150 25 84.058500000000
155 25 84.058500000000
160 25 84.058500000000
165 25 84.058500000000
170 25 84.058500000000
175 25 84.058500000000
180 25 84.058500000000
185 25 84.058500000000
190 25 84.058500000000
195 25 84.058500000000
200 25 84.058500000000
205 25 84.058500000000
210 25 84.058500000000
215 25 84.058500000000
220 25 84.058500000000
225 25 84.058500000000
230 25 84.058500000000
235 25 84.058500000000
240 25 84.058500000000
245 25 84.058500000000
250 25 84.058500000000
255 25 84.058500000000
260 25 84.058500000000
265 25 84.058500000000
270 25 84.058500000000
275 25 84.058500000000
280 25 84.058500000000
285 25 84.058500000000
290 25 84.058500000000
295 25 84.058500000000
300 25 84.058500000000
305 25 84.058500000000
310 25 84.058500000000
315 25 84.058500000000
320 25 84.058500000000
325 25 84.058500000000
330 25 84.058500000000
335 25 84.058500000000
340 25 84.058500000000
345 25 84.058500000000
350 25 84.058500000000
355 25 84.058500000000
360 25 84.058500000000
0 30 84.058500000000
5 30 84.058500000000
10 30 84.058500000000
15 30 84.058500000000
20 30 84.058500000000
25 30 84.058500000000
30 30 84.058500000000
35 30 84.058500000000
40 30 84.058500000000
45 30 84.058500000000
50 30 84.058500000000
55 30 84.058500000000
60 30 84.058500000000
65 30 84.058500000000
70 30 84.058500000000
75 30 84.058500000000
80 30 84.058500000000
85 30 84.058500000000
90 30 84.058500000000
95 30 84.058500000000
100 30 84.058500000000
105 30 84.058500000000
110 30 84.058500000000
115 30 84.058500000000
120 30 84.058500000000
125 30 84.058500000000
130 30 84.058500000000
135 30 84.058500000000
140 30 84.058500000000
145 30 84.058500000000
150 30 84.058500000000
155 30 84.058500000000
160 30 84.058500000000
165 30 84.058500000000
170 30 84.058500000000
175 30 84.058500000000
180 30 84.058500000000
185 30 84.058500000000
190 30 84.058500000000
195 30 84.058500000000
200 30 84.058500000000
205 30 84.058500000000
210 30 84.058500000000
215 30 84.058500000000
220 30 84.058500000000
225 30 84.058500000000
230 30 84.058500000000
235 30 84.058500000000
240 30 84.058500000000
245 30 84.058500000000
250 30 84.058500000000
255 30 84.058500000000
260 30 84.058500000000
265 30 84.058500000000
270 30 84.058500000000
275 30 84.058500000000
280 30 84.058500000000
285 30 84.058500000000
290 30 84.058500000000
295 30 84.058500000000
300 30 84.058500000000
305 30 84.058500000000
310 30 84.058500000000
315 30 84.058500000000
320 30 84.058500000000
325 30 84.058500000000
330 30 84.058500000000
335 30 84.058500000000
340 30 84.058500000000
345 30 84.058500000000
350 30 84.058500000000
355 30 84.058500000000
360 30 84.058500000000
0 35 84.058500000000
5 35 84.058500000000
10 35 84.058500000000
15 35 84.058500000000
20 35 84.058500000000
25 35 84.058500000000
30 35 84.058500000000
35 35 84.058500000000
40 35 84.058500000000
45 35 84.058500000000
50 35 84.058500000000
55 35 84.058500000000
60 35 84.058500000000
65 35 84.058500000000
70 35 84.058500000000
75 35 84.058500000000
80 35 84.058500000000
85 35 84.058500000000
90 35 84.058500000000
95 35 84.058500000000
100 35 84.058500000000
105 35 84.058500000000
110 35 84.058500000000
115 35 84.058500000000
120 35 84.058500000000
125 35 84.058500000000
130 35 84.058500000000
135 35 84.058500000000
140 35 84.058500000000
145 35 84.058500000000
150 35 84.058500000000
155 35 84.058500000000
160 35 84.058500000000
165 35 84.058500000000
170 35 84.058500000000
175 35 84.058500000000
180 35 84.058500000000
185 35 84.058500000000
190 35 84.058500000000
195 35 84.058500000000
200 35 84.058500000000
205 35 84.058500000000
210 35 84.058500000000
215 35 84.058500000000
220 35 84.058500000000
225 35 84.058500000000
230 35 84.058500000000
235 35 84.058500000000
240 35 84.058500000000
245 35 84.058500000000
250 35 84.058500000000
255 35 84.058500000000
260 35 84.058500000000
265 35 84.058500000000
270 35 84.058500000000
275 35 84.058500000000
280 35 84.058500000000
285 35 84.058500000000
290 35 84.058500000000
295 35 84.058500000000
300 35 84.058500000000
305 35 84.058500000000
310 35 84.058500000000
315 35 84.058500000000
320 35 84.058500000000
325 35 84.058500000000
330 35 84.058500000000
335 35 84.058500000000
340 35 84.058500000000
345 35 84.058500000000
350 35 84.058500000000
355 35 84.058500000000
360 35 84.058500000000
0 40 84.058500000000
5 40 84.058500000000
10 40 84.058500000000
15 40 84.058500000000
20 40 84.058500000000
25 40 84.058500000000
30 40 84.058500000000
35 40 84.058500000000
40 40 84.058500000000
45 40 84.058500000000
50 40 84.058500000000
55 40 84.058500000000
60 40 84.058500000000
65 40 84.058500000000
70 40 84.058500000000
75 40 84.058500000000
80 40 84.058500000000
85 40 84.058500000000
90 40 84.058500000000
95 40 84.058500000000
100 40 84.058500000000
105 40 84.058500000000
110 40 84.058500000000
115 40 84.058500000000
120 40 84.058500000000
125 40 84.058500000000
130 40 84.058500000000
135 40 84.058500000000
140 40 84.058500000000
145 40 84.058500000000
150 40 84.058500000000
155 40 84.058500000000
160 40 84.058500000000
165 40 84.058500000000
170 40 84.058500000000
175 40 84.058500000000
180 40 84.058500000000
185 40 84.058500000000
190 40 84.058500000000
195 40 84.058500000000
200 40 84.058500000000
205 40 84.058500000000
210 40 84.058500000000
215 40 84.058500000000
220 40 84.058500000000
225 40 84.058500000000
230 40 84.058500000000
235 40 84.058500000000
240 40 84.058500000000
245 40 84.058500000000
250 40 84.058500000000
255 40 84.058500000000
260 40 84.058500000000
265 40 84.058500000000
270 40 84.058500000000
275 40 84.058500000000
280 40 84.058500000000
285 40 84.058500000000
290 40 84.058500000000
295 40 84.058500000000
300 40 84.058500000000
305 40 84.058500000000
310 40 84.058500000000
315 40 84.058500000000
320 40 84.058500000000
325 40 84.058500000000
330 40 84.058500000000
335 40 84.058500000000
340 40 84.058500000000
345 40 84.058500000000
350 40 84.058500000000
355 40 84.058500000000
360 40 84.058500000000
0 45 84.058500000000
5 45 84.058500000000
10 45 84.058500000000
15 45 84.058500000000
20 45 84.058500000000
25 45 84.058500000000
30 45 84.058500000000
35 45 84.058500000000
40 45 84.058500000000
45 45 84.058500000000
50 45 84.058500000000
55 45 84.058500000000
60 45 84.058500000000
65 45 84.058500000000
70 45 84.058500000000
75 45 84.058500000000
80 45 84.058500000000
85 45 84.058500000000
90 45 84.058500000000
95 45 84.058500000000
100 45 84.058500000000
105 45 84.058500000000
110 45 84.058500000000
115 45 84.058500000000
120 45 84.058500000000
125 45 84.058500000000
130 45 84.058500000000
135 45 84.058500000000
140 45 84.058500000000
145 45 84.058500000000
150 45 84.058500000000
155 45 84.058500000000
160 45 84.058500000000
165 45 84.058500000000
170 45 84.058500000000
175 45 84.058500000000
180 45 84.058500000000
185 45 84.058500000000
190 45 84.058500000000
195 45 84.058500000000
200 45 84.058500000000
205 45 84.058500000000
210 45 84.058500000000
215 45 84.058500000000
220 45 84.058500000000
225 45 84.058500000000
230 45 84.058500000000
235 45 84.058500000000
240 45 84.058500000000
245 45 84.058500000000
250 45 84.058500000000
255 45 84.058500000000
260 45 84.058500000000
265 45 84.058500000000
270 45 84.058500000000
275 45 84.058500000000
280 45 84.058500000000
285 45 84.058500000000
290 45 84.058500000000
295 45 84.058500000000
300 45 84.058500000000
305 45 84.058500000000
310 45 84.058500000000
315 45 84.058500000000
320 45 84.058500000000
325 45 84.058500000000
330 45 84.058500000000
335 45 84.058500000000
340 45 84.058500000000
345 45 84.058500000000
350 45 84.058500000000
355 45 84.058500000000
360 45 84.058500000000
0 50 84.058500000000
5 50 84.058500000000
10 50 84.058500000000
15 50 84.058500000000
20 50 84.058500000000
25 50 84.058500000000
30 50 84.058500000000
35 50 84.058500000000
40 50 84.058500000000
45 50 84.058500000000
50 50 84.058500000000
55 50 84.058500000000
60 50 84.058500000000
65 50 84.058500000000
70 50 84.058500000000
75 50 84.058500000000
80 50 84.058500000000
85 50 84.058500000000
90 50 84.058500000000
95 50 84.058500000000
100 50 84.058500000000
105 50 84.058500000000
110 50 84.058500000000
115 50 84.058500000000
120 50 84.058500000000
125 50 84.058500000000
130 50 84.058500000000
135 50 84.058500000000
140 50 84.058500000000
145 50 84.058500000000
150 50 84.058500000000
155 50 84.058500000000
160 50 84.058500000000
165 50 84.058500000000
170 50 84.058500000000
175 50 84.058500000000
180 50 84.058500000000
185 50 84.058500000000
190 50 84.058500000000
195 50 84.058500000000
200 50 84.058500000000
205 50 84.058500000000
210 50 84.058500000000
215 50 84.058500000000
220 50 84.058500000000
225 50 84.058500000000
230 50 84.058500000000
235 50 84.058500000000
240 50 84.058500000000
245 50 84.058500000000
250 50 84.058500000000
255 50 84.058500000000
260 50 84.058500000000
265 50 84.058500000000
270 50 84.058500000000
275 50 84.058500000000
280 50 84.058500000000
285 50 84.058500000000
290 50 84.058500000000
295 50 84.058500000000
300 50 84.058500000000
305 50 84.058500000000
310 50 84.058500000000
315 50 84.058500000000
320 50 84.058500000000
325 50 84.058500000000
330 50 84.058500000000
335 50 84.058500000000
340 50 84.058500000000
345 50 84.058500000000
350 50 84.058500000000
355 50 84.058500000000
360 50 84.058500000000
0 55 84.058500000000
5 55 84.058500000000
10 55 84.058500000000
15 55 84.058500000000
20 55 84.058500000000
25 55 84.058500000000
30 55 84.058500000000
35 55 84.058500000000
40 55 84.058500000000
45 55 84.058500000000
50 55 84.058500000000
55 55 84.058500000000
60 55 84.058500000000
65 55 84.058500000000
70 55 84.058500000000
75 55 84.058500000000
80 55 84.058500000000
85 55 84.058500000000
90 55 84.058500000000
95 55 84.058500000000
100 55 84.058500000000
105 55 84.058500000000
110 55 84.058500000000
115 55 84.058500000000
120 55 84.058500000000
125 55 84.058500000000
130 55 84.058500000000
135 55 84.058500000000
140 55 84.058500000000
145 55 84.058500000000
150 55 84.058500000000
155 55 84.058500000000
160 55 84.058500000000
165 55 84.058500000000
170 55 84.058500000000
175 55 84.058500000000
180 55 84.058500000000
185 55 84.058500000000
190 55 84.058500000000
195 55 84.058500000000
200 55 84.058500000000
205 55 84.058500000000
210 55 84.058500000000
215 55 84.058500000000
220 55 84.058500000000
225 55 84.058500000000
230 55 84.058500000000
235 55 84.058500000000
240 55 84.058500000000
245 55 84.058500000000
250 55 84.058500000000
255 55 84.058500000000
260 55 84.058500000000
265 55 84.058500000000
270 55 84.058500000000
275 55 84.058500000000
280 55 84.058500000000
285 55 84.058500000000
290 55 84.058500000000
295 55 84.058500000000
300 55 84.058500000000
305 55 84.058500000000
310 55 84.058500000000
315 55 84.058500000000
320 55 84.058500000000
325 55 84.058500000000
330 55 84.058500000000
335 55 84.058500000000
340 55 84.058500000000
345 55 84.058500000000
350 55 84.058500000000
355 55 84.058500000000
360 55 84.058500000000
0 60 84.058500000000
5 60 84.058500000000
10 60 84.058500000000
15 60 84.058500000000
20 60 84.058500000000
25 60 84.058500000000
30 60 84.058500000000
35 60 84.058500000000
40 60 84.058500000000
45 60 84.058500000000
50 60 84.058500000000
55 60 84.058500000000
60 60 84.058500000000
65 60 84.058500000000
70 60 84.058500000000
75 60 84.058500000000
80 60 84.058500000000
85 60 84.058500000000
90 60 84.058500000000
95 60 84.058500000000
100 60 84.058500000000
105 60 84.058500000000
110 60 84.058500000000
115 60 84.058500000000
120 60 84.058500000000
125 60 84.058500000000
130 60 84.058500000000
135 60 84.058500000000
140 60 84.058500000000
145 60 84.058500000000
150 60 84.058500000000
155 60 84.058500000000
160 60 84.058500000000
165 60 84.058500000000
170 60 84.058500000000
175 60 84.058500000000
180 60 84.058500000000
185 60 84.058500000000
190 60 84.058500000000
195 60 84.058500000000
200 60 84.058500000000
205 60 84.058500000000
210 60 84.058500000000
215 60 84.058500000000
220 60 84.058500000000
225 60 84.058500000000
230 60 84.058500000000
235 60 84.058500000000
240 60 84.058500000000
245 60 84.058500000000
250 60 84.058500000000
255 60 84.058500000000
260 60 84.058500000000
265 60 84.058500000000
270 60 84.058500000000
275 60 84.058500000000
280 60 84.058500000000
285 60 84.058500000000
290 60 84.058500000000
295 60 84.058500000000
300 60 84.058500000000
305 60 84.058500000000
310 60 84.058500000000
315 60 84.058500000000
320 60 84.058500000000
325 60 84.058500000000
330 60 84.058500000000
335 60 84.058500000000
340 60 84.058500000000
345 60 84.058500000000
350 60 84.058500000000
355 60 84.058500000000
360 60 84.058500000000
0 65 84.058500000000
5 65 84.058500000000
10 65 84.058500000000
15 65 84.058500000000
20 65 84.058500000000
25 65 84.058500000000
30 65 84.058500000000
35 65 84.058500000000
40 65 84.058500000000
45 65 84.058500000000
50 65 84.058500000000
55 65 84.058500000000
60 65 84.058500000000
65 65 84.058500000000
70 65 84.058500000000
75 65 84.058500000000
80 65 84.058500000000
85 65 84.058500000000
90 65 84.058500000000
95 65 84.058500000000
100 65 84.058500000000
105 65 84.058500000000
110 65 84.058500000000
115 65 84.058500000000
120 65 84.058500000000
125 65 84.058500000000
130 65 84.058500000000
135 65 84.058500000000
140 65 84.058500000000
145 65 84.058500000000
150 65 84.058500000000
155 65 84.058500000000
160 65 84.058500000000
165 65 84.058500000000
170 65 84.058500000000
175 65 84.058500000000
180 65 84.058500000000
185 65 84.058500000000
190 65 84.058500000000
195 65 84.058500000000
200 65 84.058500000000
205 65 84.058500000000
210 65 84.058500000000
215 65 84.058500000000
220 65 84.058500000000
225 65 84.058500000000
230 65 84.058500000000
235 65 84.058500000000
240 65 84.058500000000
245 65 84.058500000000
250 65 84.058500000000
255 65 84.058500000000
260 65 84.058500000000
265 65 84.058500000000
270 65 84.058500000000
275 65 84.058500000000
280 65 84.058500000000
285 65 84.058500000000
290 65 84.058500000000
295 65 84.058500000000
300 65 84.058500000000
305 65 84.058500000000
310 65 84.058500000000
315 65 84.058500000000
320 65 84.058500000000
325 65 84.058500000000
330 65 84.058500000000
335 65 84.058500000000
340 65 84.058500000000
345 65 84.058500000000
350 65 84.058500000000
355 65 84.058500000000
360 65 84.058500000000
0 70 84.058500000000
5 70 84.058500000000
10 70 84.058500000000
15 70 84.058500000000
20 70 84.058500000000
25 70 84.058500000000
30 70 84.058500000000
35 70 84.058500000000
40 70 84.058500000000
45 70 84.058500000000
50 70 84.058500000000
55 70 84.058500000000
60 70 84.058500000000
65 70 84.058500000000
70 70 84.058500000000
75 70 84.058500000000
80 70 84.058500000000
85 70 84.058500000000
90 70 84.058500000000
95 70 84.058500000000
100 70 84.058500000000
105 70 84.058500000000
110 70 84.058500000000
115 70 84.058500000000
120 70 84.058500000000
125 70 84.058500000000
130 70 84.058500000000
135 70 84.058500000000
140 70 84.058500000000
145 70 84.058500000000
150 70 84.058500000000
155 70 84.058500000000
160 70 84.058500000000
165 70 84.058500000000
170 70 84.058500000000
175 70 84.058500000000
180 70 84.058500000000
185 70 84.058500000000
190 70 84.058500000000
195 70 84.058500000000
200 70 84.058500000000
205 70 84.058500000000
210 70 84.058500000000
215 70 84.058500000000
220 70 84.058500000000
225 70 84.058500000000
230 70 84.058500000000
235 70 84.058500000000
240 70 84.058500000000
245 70 84.058500000000
250 70 84.058500000000
255 70 84.058500000000
260 70 84.058500000000
265 70 84.058500000000
270 70 84.058500000000
275 70 84.058500000000
280 70 84.058500000000
285 70 84.058500000000
290 70 84.058500000000
295 70 84.058500000000
300 70 84.058500000000
305 70 84.058500000000
310 70 84.058500000000
315 70 84.058500000000
320 70 84.058500000000
325 70 84.058500000000
330 70 84.058500000000
335 70 84.058500000000
340 70 84.058500000000
345 70 84.058500000000
350 70 84.058500000000
355 70 84.058500000000
360 70 84.058500000000
0 75 84.058500000000
5 75 84.058500000000
10 75 84.058500000000
15 75 84.058500000000
20 75 84.058500000000
25 75 84.058500000000
30 75 84.058500000000
35 75 84.058500000000
40 75 84.058500000000
45 75 84.058500000000
50 75 84.058500000000
55 75 84.058500000000
60 75 84.058500000000
65 75 84.058500000000
70 75 84.058500000000
75 75 84.058500000000
80 75 84.058500000000
85 75 84.058500000000
90 75 84.058500000000
95 75 84.058500000000
100 75 84.058500000000
105 75 84.058500000000
110 75 84.058500000000
115 75 84.058500000000
120 75 84.058500000000
125 75 84.058500000000
130 75 84.058500000000
135 75 84.058500000000
140 75 84.058500000000
145 75 84.058500000000
150 75 84.058500000000
155 75 84.058500000000
160 75 84.058500000000
165 75 84.058500000000
170 75 84.058500000000
175 75 84.058500000000
180 75 84.058500000000
185 75 84.058500000000
190 75 84.058500000000
195 75 84.058500000000
200 75 84.058500000000
205 75 84.058500000000
210 75 84.058500000000
215 75 84.058500000000
220 75 84.058500000000
225 75 84.058500000000
230 75 84.058500000000
235 75 84.058500000000
240 75 84.058500000000
245 75 84.058500000000
250 75 84.058500000000
255 75 84.058500000000
260 75 84.058500000000
265 75 84.058500000000
270 75 84.058500000000
275 75 84.058500000000
280 75 84.058500000000
285 75 84.058500000000
290 75 84.058500000000
295 75 84.058500000000
300 75 84.058500000000
305 75 84.058500000000
310 75 84.058500000000
315 75 84.058500000000
320 75 84.058500000000
325 75 84.058500000000
330 75 84.058500000000
335 75 84.058500000000
340 75 84.058500000000
345 75 84.058500000000
350 75 84.058500000000
355 75 84.058500000000
360 75 84.058500000000
0 80 84.058500000000
5 80 84.058500000000
10 80 84.058500000000
15 80 84.058500000000
20 80 84.058500000000
25 80 84.058500000000
30 80 84.058500000000
35 80 84.058500000000
40 80 84.058500000000
45 80 84.058500000000
50 80 84.058500000000
55 80 84.058500000000
60 80 84.058500000000
65 80 84.058500000000
70 80 84.058500000000
75 80 84.058500000000
80 80 84.058500000000
85 80 84.058500000000
90 80 84.058500000000
95 80 84.058500000000
100 80 84.058500000000
105 80 84.058500000000
110 80 84.058500000000
115 80 84.058500000000
120 80 84.058500000000
125 80 84.058500000000
130 80 84.058500000000
135 80 84.058500000000
140 80 84.058500000000
145 80 84.058500000000
150 80 84.058500000000
155 80 84.058500000000
160 80 84.058500000000
165 80 84.058500000000
170 80 84.058500000000
175 80 84.058500000000
180 80 84.058500000000
185 80 84.058500000000
190 80 84.058500000000
195 80 84.058500000000
200 80 84.058500000000
205 80 84.058500000000
210 80 84.058500000000
215 80 84.058500000000
220 80 84.058500000000
225 80 84.058500000000
230 80 84.058500000000
235 80 84.058500000000
240 80 84.058500000000
245 80 84.058500000000
250 80 84.058500000000
255 80 84.058500000000
260 80 84.058500000000
265 80 84.058500000000
270 80 84.058500000000
275 80 84.058500000000
280 80 84.058500000000
285 80 84.058500000000
290 80 84.058500000000
295 80 84.058500000000
300 80 84.058500000000
305 80 84.058500000000
310 80 84.058500000000
315 80 84.058500000000
320 80 84.058500000000
325 80 84.058500000000
330 80 84.058500000000
335 80 84.058500000000
340 80 84.058500000000
345 80 84.058500000000
350 80 84.058500000000
355 80 84.058500000000
360 80 84.058500000000
0 85 84.058500000000
5 85 84.058500000000
10 85 84.058500000000
15 85 84.058500000000
20 85 84.058500000000
25 85 84.058500000000
30 85 84.058500000000
35 85 84.058500000000
40 85 84.058500000000
45 85 84.058500000000
50 85 84.058500000000
55 85 84.058500000000
60 85 84.058500000000
65 85 84.058500000000
70 85 84.058500000000
75 85 84.058500000000
80 85 84.058500000000
85 85 84.058500000000
90 85 84.058500000000
95 85 84.058500000000
100 85 84.058500000000
105 85 84.058500000000
110 85 84.058500000000
115 85 84.058500000000
120 85 84.058500000000
125 85 84.058500000000
130 85 84.058500000000
135 85 84.058500000000
140 85 84.058500000000
145 85 84.058500000000
150 85 84.058500000000
155 85 84.058500000000
160 85 84.058500000000
165 85 84.058500000000
170 85 84.058500000000
175 85 84.058500000000
180 85 84.058500000000
185 85 84.058500000000
190 85 84.058500000000
195 85 84.058500000000
200 85 84.058500000000
205 85 84.058500000000
210 85 84.058500000000
215 85 84.058500000000
220 85 84.058500000000
225 85 84.058500000000
230 85 84.058500000000
235 85 84.058500000000
240 85 84.058500000000
245 85 84.058500000000
250 85 84.058500000000
255 85 84.058500000000
260 85 84.058500000000
265 85 84.058500000000
270 85 84.058500000000
275 85 84.058500000000
280 85 84.058500000000
285 85 84.058500000000
290 85 84.058500000000
295 85 84.058500000000
300 85 84.058500000000
305 85 84.058500000000
310 85 84.058500000000
315 85 84.058500000000
320 85 84.058500000000
325 85 84.058500000000
330 85 84.058500000000
335 85 84.058500000000
340 85 84.058500000000
345 85 84.058500000000
350 85 84.058500000000
355 85 84.058500000000
360 85 84.058500000000
0 90 84.058500000000
5 90 84.058500000000
10 90 84.058500000000
15 90 84.058500000000
20 90 84.058500000000
25 90 84.058500000000
30 90 84.058500000000
35 90 84.058500000000
40 90 84.058500000000
45 90 84.058500000000
50 90 84.058500000000
55 90 84.058500000000
60 90 84.058500000000
65 90 84.058500000000
70 90 84.058500000000
75 90 84.058500000000
80 90 84.058500000000
85 90 84.058500000000
90 90 84.058500000000
95 90 84.058500000000
100 90 84.058500000000
105 90 84.058500000000
110 90 84.058500000000
115 90 84.058500000000
120 90 84.058500000000
125 90 84.058500000000
130 90 84.058500000000
135 90 84.058500000000
140 90 84.058500000000
145 90 84.058500000000
150 90 84.058500000000
155 90 84.058500000000
160 90 84.058500000000
165 90 84.058500000000
170 90 84.058500000000
175 90 84.058500000000
180 90 84.058500000000
185 90 84.058500000000
190 90 84.058500000000
195 90 84.058500000000
200 90 84.058500000000
205 90 84.058500000000
210 90 84.058500000000
215 90 84.058500000000
220 90 84.058500000000
225 90 84.058500000000
230 90 84.058500000000
235 90 84.058500000000
240 90 84.058500000000
245 90 84.058500000000
250 90 84.058500000000
255 90 84.058500000000
260 90 84.058500000000
265 90 84.058500000000
270 90 84.058500000000
275 90 84.058500000000
280 90 84.058500000000
285 90 84.058500000000
290 90 84.058500000000
295 90 84.058500000000
300 90 84.058500000000
305 90 84.058500000000
310 90 84.058500000000
315 90 84.058500000000
320 90 84.058500000000
325 90 84.058500000000
330 90 84.058500000000
335 90 84.058500000000
340 90 84.058500000000
345 90 84.058500000000
350 90 84.058500000000
355 90 84.058500000000
360 90 84.058500000000
