574 1144
   -0.336234     0.358317     0.454415
   -0.336234     0.244122     0.469449
   -0.197244     0.105132     0.469449
    0.006212     0.105132     0.442663
   -0.232287     0.343631     0.442663
   -0.347804     0.370733     0.451257
   -0.367253     0.367985     0.449058
   -0.491115     0.244122     0.449058
   -0.491537     0.244014     0.448988
   -0.503160     0.233183     0.446032
   -0.305744     0.035767     0.446032
   -0.197244     0.020438     0.458299
   -0.001039    -0.190115     0.404748
    0.020930    -0.187011     0.402264
    0.225879     0.017938     0.402264
    0.180394     0.060323     0.413833
    0.222727     0.218313     0.369191
    0.637495    -0.181769     0.266031
    0.529081     0.079968     0.266031
   -0.015070     0.401834     0.381286
    0.043957     0.397083     0.369191
   -0.279242     0.511258     0.381286
   -0.300448     0.513302     0.384078
   -0.333472     0.478027     0.404355
   -0.347804     0.447477     0.419469
   -0.415959     0.419246     0.419469
   -0.420386     0.412035     0.421696
   -0.432396     0.385440     0.430651
   -0.498002     0.319834     0.430651
   -0.507539     0.303733     0.432114
   -0.532785     0.272273     0.427055
   -0.560499     0.205364     0.427055
   -0.604172     0.162494     0.407769
   -0.641550     0.127501     0.386283
   -0.714607     0.016420     0.336963
   -0.721896     0.001377     0.331362
   -0.694965    -0.063640     0.331362
   -0.661527    -0.051557     0.347286
   -0.588500     0.182410     0.415700
   -0.638546    -0.053407     0.351995
   -0.190576    -0.238962     0.351995
   -0.001039    -0.257229     0.376948
    0.205688    -0.478045     0.250014
    0.452291    -0.454278     0.217549
    0.674649    -0.362175     0.217549
    0.687274    -0.361159     0.214962
    0.639689    -0.183567     0.265142
    0.930232    -0.448954     0.099262
    0.957962    -0.382006     0.099262
    0.852775    -0.283530     0.159728
    1.003758    -0.397271     0.067260
    1.030836    -0.397271     0.046483
    0.985721    -0.228900     0.046483
    0.891751    -0.160902     0.104608
    0.587504     0.079968     0.230158
    0.703426     0.040429     0.169037
    0.043957     0.520262     0.293557
    0.195587     0.471885     0.230158
   -0.024403     0.584205     0.271681
   -0.043811     0.586087     0.275462
   -0.216607     0.632387     0.275462
   -0.263068     0.592087     0.315938
   -0.300448     0.540739     0.363024
   -0.324645     0.534255     0.363024
   -0.326331     0.532592     0.363954
   -0.359767     0.486384     0.392536
   -0.406212     0.442940     0.407399
   -0.409153     0.439201     0.408947
   -0.491168     0.341253     0.421696
   -0.595298     0.203800     0.406085
   -0.585588     0.215822     0.408990
   -0.603072     0.195921     0.401740
   -0.638326     0.139532     0.386283
   -0.801954    -0.139884     0.242858
   -0.799078    -0.150616     0.242858
   -0.780881    -0.143785     0.258226
   -0.744299    -0.028688     0.309961
   -0.758681    -0.045269     0.295516
   -0.775110    -0.143785     0.261769
   -0.840546    -0.221151     0.174087
   -0.862388    -0.263582     0.134622
   -0.780946    -0.345025     0.134622
   -0.775110    -0.341594     0.140311
   -0.574635    -0.361031     0.179365
   -0.131117    -0.479871     0.179365
    0.205688    -0.513572     0.222754
    0.309894    -0.603959     0.131972
    0.598726    -0.575058     0.094764
    0.725457    -0.541100     0.094764
    0.963446    -0.518027     0.048402
    0.963446    -0.482168     0.070420
    0.969104    -0.521354     0.042885
    0.985777    -0.516035     0.035914
    1.017696    -0.484116     0.035914
    1.018317    -0.482168     0.036729
    1.027590    -0.472255     0.033556
    1.030644    -0.470045     0.031667
    1.031179    -0.469503     0.031368
    1.038853    -0.457227     0.028003
    1.046981    -0.426896     0.028003
    1.048130    -0.415407     0.029483
    1.035079    -0.400360     0.042592
    1.052900    -0.415407     0.023268
    1.057583    -0.407298     0.015063
    1.057763    -0.406581     0.014642
    1.061242    -0.389192     0.005600
    1.063002    -0.368050    -0.002174
    1.059928    -0.340316    -0.005357
    1.056610    -0.323632    -0.005357
    1.053649    -0.299237    -0.009431
    1.003630    -0.231012     0.026726
    0.996968    -0.211841     0.019362
    0.750238     0.157418     0.019362
    0.703426     0.187877     0.051049
    0.367576     0.471885     0.092533
    0.451621     0.439683     0.051049
   -0.015314     0.704593     0.120234
   -0.035103     0.696895     0.145288
   -0.036717     0.688626     0.156483
    0.056805     0.679535     0.092533
   -0.214784     0.638660     0.267760
   -0.121616     0.714103     0.145288
   -0.158314     0.692910     0.182421
   -0.214784     0.647242     0.256575
   -0.223590     0.645491     0.256575
   -0.278719     0.596479     0.306158
   -0.284113     0.592524     0.309017
   -0.364451     0.507121     0.363954
   -0.491135     0.357218     0.408947
   -0.491168     0.357132     0.408990
   -0.718476     0.030209     0.328346
   -0.755038    -0.026953     0.295516
   -0.723177     0.024922     0.323590
   -0.833087    -0.194572     0.190697
   -0.856813    -0.235655     0.149127
   -0.863316    -0.261532     0.133944
   -0.862827    -0.263991     0.133944
   -0.808400    -0.148796     0.232794
   -0.875203    -0.309029     0.088001
   -0.879562    -0.320235     0.073813
   -0.894282    -0.363095     0.021889
   -0.888901    -0.371148     0.021889
   -0.875203    -0.357451     0.049254
   -0.789456    -0.357451     0.117869
   -0.889966    -0.395686    -0.008349
   -0.793511    -0.460135    -0.008349
   -0.776656    -0.465991    -0.001875
   -0.724551    -0.504192    -0.029488
   -0.370798    -0.547127     0.029583
   -0.115736    -0.597862     0.029583
    0.309894    -0.645040     0.078434
    0.315268    -0.648144     0.072996
    0.539995    -0.623234     0.047204
    0.674831    -0.596413     0.047204
    0.841188    -0.576223     0.019425
    0.918452    -0.555520     0.019425
    0.929124    -0.551286     0.020990
    0.955916    -0.539573     0.026156
    0.955960    -0.539547     0.026172
    0.968000    -0.530720     0.032552
    0.972139    -0.529282     0.030962
    0.991966    -0.516035     0.030962
    0.992193    -0.515947     0.030850
    1.017061    -0.491079     0.030850
    1.017696    -0.489423     0.031667
    1.043625    -0.450719     0.024554
    1.044607    -0.449020     0.023954
    1.048660    -0.439749     0.022167
    1.049242    -0.434954     0.022968
    1.052610    -0.418021     0.022968
    1.063029    -0.367619    -0.002403
    1.063029    -0.355360    -0.007091
    1.062579    -0.341765    -0.011202
    1.061407    -0.331932    -0.012132
    1.060082    -0.319324    -0.014681
    1.057468    -0.300298    -0.017201
    1.057584    -0.298097    -0.020133
    1.057293    -0.296787    -0.021028
    1.054523    -0.285888    -0.027622
    1.023690    -0.204038    -0.053386
    0.991342    -0.140552    -0.053386
    0.948965    -0.041917    -0.094133
    0.941783    -0.028843    -0.096823
    0.805252     0.142901    -0.059113
    0.783721     0.174002    -0.077660
    0.453157     0.504567    -0.077660
    0.430329     0.520369    -0.064047
    0.285550     0.635464    -0.095837
    0.211365     0.667337    -0.065191
    0.077221     0.735687    -0.065191
    0.025338     0.755232    -0.048859
   -0.023938     0.752639     0.016785
   -0.024703     0.738398     0.051458
   -0.119157     0.721746     0.127778
   -0.044752     0.755936     0.016785
   -0.063774     0.750861     0.036310
   -0.110076     0.734447     0.093641
   -0.119157     0.728585     0.111267
   -0.139420     0.718098     0.128836
   -0.168131     0.694641     0.174489
   -0.220593     0.656281     0.234622
   -0.237841     0.647493     0.234622
   -0.302146     0.591101     0.290615
   -0.304602     0.589148     0.291154
   -0.361732     0.517425     0.349256
   -0.484371     0.394786     0.349256
   -0.514678     0.351006     0.375364
   -0.599226     0.244652     0.352012
   -0.627851     0.212011     0.323590
   -0.767216    -0.043608     0.276425
   -0.811106    -0.133447     0.220392
   -0.853642    -0.215635     0.149127
   -0.894328    -0.363136     0.021762
   -0.875437    -0.296835     0.092721
   -0.880298    -0.310548     0.075742
   -0.895235    -0.373148     0.008605
   -0.896771    -0.402344    -0.030290
   -0.896784    -0.402677    -0.030722
   -0.894151    -0.401119    -0.022601
   -0.893201    -0.398921    -0.017695
   -0.894950    -0.364826     0.018729
   -0.897372    -0.406220    -0.038727
   -0.891810    -0.432018    -0.077940
   -0.891141    -0.432985    -0.078517
   -0.883808    -0.440318    -0.078517
   -0.877822    -0.447833    -0.084604
   -0.874794    -0.450240    -0.085269
   -0.864871    -0.454503    -0.081170
   -0.771858    -0.501895    -0.081170
   -0.719735    -0.521530    -0.064763
   -0.659196    -0.551106    -0.102521
   -0.632358    -0.556445    -0.102521
   -0.209995    -0.614480    -0.046579
   -0.068119    -0.636951    -0.046579
    0.240030    -0.673682    -0.017427
    0.284684    -0.670926     0.006300
    0.315268    -0.662767     0.037693
    0.424164    -0.649787     0.027390
    0.564516    -0.627557     0.027390
    0.662432    -0.614103     0.014421
    0.743915    -0.597895     0.014421
    0.975895    -0.529390     0.026172
    0.976401    -0.528946     0.026613
    0.992045    -0.516510     0.030048
    0.994292    -0.514954     0.028707
    1.016429    -0.492817     0.028707
    1.017760    -0.490895     0.029854
    1.030783    -0.474512     0.026256
    1.032498    -0.472557     0.024554
    1.054167    -0.428475     0.015136
    1.054287    -0.428153     0.015017
    1.054335    -0.427804     0.015063
    1.062379    -0.339363    -0.012085
    1.060180    -0.316217    -0.018531
    1.060082    -0.315473    -0.018531
    1.053845    -0.283661    -0.029674
    1.031750    -0.221779    -0.059355
    1.023348    -0.199087    -0.067727
    1.020774    -0.192872    -0.067727
    0.981759    -0.106280    -0.094133
    0.929839    -0.010900    -0.111312
    0.898062     0.033976    -0.132429
    0.767990     0.203490    -0.132429
    0.713669     0.267774    -0.172097
    0.504002     0.477441    -0.172097
    0.499496     0.481248    -0.174877
    0.278946     0.650483    -0.174877
    0.267316     0.658224    -0.165487
    0.181990     0.701700    -0.165487
    0.147003     0.717464    -0.154818
    0.077596     0.746213    -0.154818
    0.049800     0.754673    -0.129197
    0.020485     0.762880    -0.096174
    0.021457     0.759857    -0.074181
   -0.042239     0.759857    -0.010485
    0.012670     0.763909    -0.096174
   -0.030352     0.763909    -0.053152
   -0.042239     0.762068    -0.027284
   -0.082271     0.750861     0.017813
   -0.101116     0.745125     0.035183
   -0.123836     0.735714     0.035183
   -0.149833     0.720482     0.072642
   -0.156022     0.713762     0.107512
   -0.219983     0.669783     0.166411
   -0.322166     0.595713     0.131954
   -0.373321     0.552487     0.163520
   -0.229049     0.667164     0.131954
   -0.420823     0.504984     0.163520
   -0.433726     0.489714     0.172943
   -0.677078     0.172572     0.172943
   -0.703712     0.132561     0.140636
   -0.739606     0.062116     0.140636
   -0.781899    -0.031752     0.112011
   -0.860422    -0.221323     0.112011
   -0.880298    -0.286627     0.051821
   -0.893177    -0.332630    -0.000003
   -0.897570    -0.365994    -0.000003
   -0.896771    -0.365994     0.006061
   -0.897570    -0.406514    -0.040523
   -0.895343    -0.422338    -0.073263
   -0.892663    -0.431908    -0.084044
   -0.892074    -0.431807    -0.078745
   -0.896502    -0.414848    -0.056963
   -0.891974    -0.433416    -0.087768
   -0.887242    -0.441493    -0.099406
   -0.885423    -0.443863    -0.099406
   -0.885367    -0.443807    -0.098618
   -0.880194    -0.449093    -0.109071
   -0.878709    -0.450347    -0.109987
   -0.868323    -0.458317    -0.109987
   -0.862383    -0.462271    -0.114783
   -0.806211    -0.490892    -0.114783
   -0.795482    -0.495726    -0.111512
   -0.683564    -0.542084    -0.111512
   -0.613932    -0.559553    -0.103720
   -0.201783    -0.624831    -0.103720
   -0.117491    -0.636951    -0.095951
    0.066144    -0.661127    -0.095951
    0.171776    -0.669920    -0.057109
    0.232740    -0.673682    -0.024717
    0.396208    -0.656244     0.006300
    0.441116    -0.649787     0.010439
    0.601238    -0.624426     0.010439
    0.947825    -0.543540     0.020990
    0.957614    -0.539129     0.023975
    0.970081    -0.532777     0.023975
    0.974935    -0.530110     0.024975
    0.975754    -0.529565     0.025636
    0.995697    -0.514263     0.025636
    0.995884    -0.514105     0.025751
    1.015580    -0.494409     0.025751
    1.018440    -0.491024     0.023663
    1.032789    -0.472324     0.023663
    1.036965    -0.466051     0.018598
    1.043518    -0.453190     0.018598
    1.048633    -0.441836     0.015136
    1.056880    -0.419635     0.007165
    1.057763    -0.414059     0.007165
    1.060204    -0.397077     0.005600
    1.057293    -0.299867    -0.024108
    1.054044    -0.284920    -0.029674
    1.019913    -0.192055    -0.072113
    0.998180    -0.144164    -0.088021
    0.981970    -0.107087    -0.095170
    0.955547    -0.061355    -0.111312
    0.893429     0.039260    -0.137030
    0.730606     0.244076    -0.182003
    0.717201     0.261155    -0.184390
    0.670235     0.302253    -0.207748
    0.481798     0.490690    -0.207748
    0.442725     0.517739    -0.231049
    0.423996     0.531622    -0.234927
    0.286779     0.640706    -0.204797
    0.273097     0.646584    -0.210449
    0.146983     0.710842    -0.210449
    0.139584     0.713629    -0.212778
    0.090911     0.737408    -0.182421
    0.080435     0.742830    -0.173336
    0.042496     0.748839    -0.173336
    0.026038     0.754673    -0.152959
    0.014173     0.757839    -0.140779
    0.012670     0.760184    -0.124472
   -0.031549     0.760184    -0.080253
   -0.013765     0.753414    -0.140779
   -0.032116     0.754379    -0.116332
   -0.034072     0.757177    -0.096711
   -0.123512     0.733820     0.018165
   -0.149675     0.694480    -0.116332
   -0.157839     0.690973    -0.112959
   -0.186871     0.667893    -0.119334
   -0.193875     0.659101    -0.126457
   -0.504117     0.348858    -0.126457
   -0.516034     0.331643    -0.136723
   -0.622707     0.197458    -0.107259
   -0.645449     0.144525    -0.129127
   -0.830928    -0.219498    -0.129127
   -0.849642    -0.269176    -0.144764
   -0.871126    -0.313152    -0.117335
   -0.872963    -0.316701    -0.114259
   -0.891184    -0.331990    -0.014505
   -0.889699    -0.422369    -0.114259
   -0.891135    -0.422369    -0.105188
   -0.891184    -0.422338    -0.104853
   -0.891135    -0.433686    -0.093871
   -0.889539    -0.422820    -0.114818
   -0.887501    -0.435687    -0.114818
   -0.888183    -0.436164    -0.110038
   -0.886810    -0.441419    -0.103287
   -0.886067    -0.437442    -0.117608
   -0.882293    -0.444850    -0.117608
   -0.882405    -0.444948    -0.116768
   -0.879757    -0.446323    -0.121839
   -0.872328    -0.453752    -0.121839
   -0.869122    -0.455971    -0.123751
   -0.864463    -0.459675    -0.122727
   -0.845132    -0.467980    -0.130713
   -0.793808    -0.494131    -0.130713
   -0.774401    -0.501442    -0.136822
   -0.701658    -0.533244    -0.122797
   -0.382390    -0.591368    -0.134388
   -0.171115    -0.624831    -0.134388
   -0.052199    -0.639005    -0.145638
    0.014048    -0.650702    -0.123043
    0.379031    -0.656244    -0.010877
    0.440302    -0.646540    -0.010877
    0.933616    -0.548891     0.016501
    0.947808    -0.543544     0.020968
    0.962802    -0.535904     0.020968
    0.991440    -0.516989     0.021350
    0.994311    -0.515002     0.023062
    1.018612    -0.490701     0.023062
    1.020773    -0.487580     0.021201
    1.033619    -0.470250     0.017613
    1.036943    -0.466069     0.018531
    1.045541    -0.446056     0.010264
    1.049624    -0.438043     0.010264
    1.056410    -0.420029     0.004593
    1.056400    -0.419843     0.004346
    1.060204    -0.392157     0.000679
    1.060948    -0.385078    -0.000752
    1.031668    -0.222245    -0.059731
    1.021492    -0.199996    -0.072113
    0.949099    -0.052560    -0.115973
    0.893679     0.036083    -0.140272
    0.853387     0.076923    -0.162793
    0.789166     0.156434    -0.182003
    0.635813     0.324651    -0.231049
    0.404057     0.539262    -0.244769
    0.239466     0.649238    -0.244769
    0.225296     0.654161    -0.250212
    0.203958     0.665744    -0.248526
    0.139824     0.712765    -0.214537
    0.130116     0.713943    -0.216159
    0.049157     0.730047    -0.216159
    0.047410     0.730240    -0.216359
    0.044237     0.732073    -0.213148
    0.042496     0.737486    -0.200746
   -0.013439     0.747347    -0.155550
   -0.021302     0.719036    -0.213148
   -0.031357     0.710097    -0.222192
   -0.040954     0.703061    -0.227278
   -0.061343     0.673750    -0.254445
   -0.217551     0.569375    -0.254445
   -0.249375     0.520466    -0.287553
   -0.410296     0.359544    -0.287553
   -0.414758     0.347900    -0.293300
   -0.658146    -0.016356    -0.293300
   -0.667997    -0.044709    -0.304191
   -0.704372    -0.102890    -0.288242
   -0.802731    -0.237049    -0.217142
   -0.825277    -0.262409    -0.194334
   -0.844178    -0.357432    -0.194334
   -0.857946    -0.387536    -0.177580
   -0.857999    -0.387609    -0.177497
   -0.859233    -0.389897    -0.175393
   -0.877597    -0.421696    -0.143218
   -0.881094    -0.422820    -0.135206
   -0.883649    -0.437312    -0.123497
   -0.875783    -0.430817    -0.143218
   -0.878338    -0.437387    -0.134900
   -0.879974    -0.438333    -0.130973
   -0.879361    -0.446089    -0.123058
   -0.871110    -0.448205    -0.134900
   -0.871159    -0.448253    -0.134759
   -0.870774    -0.448190    -0.135314
   -0.860199    -0.452242    -0.140534
   -0.835508    -0.468740    -0.140534
   -0.804139    -0.479639    -0.152583
   -0.505744    -0.557022    -0.155512
   -0.356247    -0.586759    -0.155512
   -0.127528    -0.612111    -0.181763
    0.418069    -0.642620    -0.028841
    0.484835    -0.629339    -0.028841
    0.941433    -0.543159     0.012358
    0.962170    -0.535954     0.020323
    0.989690    -0.517566     0.020323
    0.991468    -0.516885     0.021201
    1.039244    -0.455567     0.010366
    1.041084    -0.451783     0.009171
    1.045626    -0.444985     0.009171
    1.052795    -0.424350     0.001245
    1.053373    -0.423285     0.001329
    1.055768    -0.420019     0.003060
    1.060391    -0.381921    -0.003302
    1.060760    -0.375832    -0.004741
    1.009695    -0.186395    -0.083962
    0.994898    -0.155860    -0.095330
    0.964320    -0.109367    -0.115973
    0.635813     0.320380    -0.234467
    0.623896     0.324445    -0.240750
    0.573563     0.355350    -0.256296
    0.389651     0.539262    -0.256296
    0.326639     0.559365    -0.282643
    0.179486     0.668117    -0.253294
    0.070692     0.697268    -0.253294
    0.047410     0.699598    -0.256293
    0.037302     0.690831    -0.265099
    0.027168     0.676909    -0.277865
   -0.063846     0.652522    -0.277865
   -0.089306     0.617338    -0.299627
   -0.192869     0.520466    -0.332769
   -0.200552     0.497941    -0.344645
   -0.414758     0.283735    -0.344645
   -0.437335     0.212970    -0.374233
   -0.444741     0.200467    -0.375369
   -0.503271     0.127529    -0.363640
   -0.656806    -0.036611    -0.311113
   -0.726840    -0.186741    -0.288242
   -0.789930    -0.282668    -0.245650
   -0.799938    -0.303320    -0.237962
   -0.816369    -0.325372    -0.222264
   -0.870324    -0.429420    -0.150694
   -0.870774    -0.429839    -0.149998
   -0.853052    -0.405801    -0.177580
   -0.864656    -0.425537    -0.158336
   -0.837951    -0.452242    -0.158336
   -0.825007    -0.456372    -0.163749
   -0.804636    -0.475427    -0.157230
   -0.447318    -0.540628    -0.192023
   -0.626028    -0.492742    -0.192023
   -0.178986    -0.567478    -0.226591
    0.417203    -0.610361    -0.071106
    0.528179    -0.580625    -0.071106
    0.941743    -0.540530     0.009458
    0.960624    -0.522869     0.003416
    0.977246    -0.517566     0.010366
    1.048304    -0.429151    -0.000292
    1.059263    -0.370498    -0.008074
    1.058053    -0.375014    -0.008074
    0.833195     0.013392    -0.191349
    0.733333     0.060239    -0.240750
    0.472273     0.401091    -0.290404
    0.326639     0.546725    -0.290404
    0.273639     0.550991    -0.301265
    0.072763     0.634196    -0.301265
    0.027168     0.638591    -0.307267
   -0.014876     0.593682    -0.333083
   -0.033107     0.554819    -0.352309
   -0.200552     0.485461    -0.352309
   -0.229955     0.420350    -0.374233
   -0.571846    -0.038026    -0.363640
   -0.638889    -0.092984    -0.336452
   -0.673013    -0.136348    -0.319184
   -0.840426    -0.401061    -0.188242
   -0.778653    -0.354707    -0.237962
   -0.825007    -0.401061    -0.197710
   -0.726469    -0.335850    -0.262812
   -0.725097    -0.335961    -0.263093
   -0.467916    -0.442488    -0.263093
   -0.178986    -0.545857    -0.243181
   -0.256702    -0.462844    -0.290900
    0.279704    -0.501650    -0.182794
    0.930510    -0.399037    -0.080278
    0.960624    -0.429151    -0.054128
    0.603194    -0.367656    -0.182794
    0.799862    -0.351827    -0.142494
    1.006998    -0.214380    -0.080278
    0.689450     0.060239    -0.258928
    0.416434     0.192700    -0.349288
    0.360684     0.192700    -0.361711
    0.301897     0.207823    -0.371442
    0.025277     0.484443    -0.371442
   -0.033107     0.492691    -0.378043
   -0.126380     0.392597    -0.403500
   -0.128219     0.385449    -0.404683
   -0.416943     0.096725    -0.404683
   -0.537308    -0.021268    -0.375071
   -0.417892     0.090009    -0.405442
   -0.328802    -0.229774    -0.375071
   -0.256702    -0.239960    -0.383222
   -0.246033    -0.228511    -0.386134
   -0.030006    -0.197990    -0.361711
   -0.128219     0.207823    -0.428068
   -0.246033     0.090009    -0.428068
     1      2      3
     1      3      4
     1      4      5
     6      7      8
     6      8      2
     6      2      1
     8      9     10
     8     10     11
     8     11     12
     8     12      3
     8      3      2
     4      3     12
     4     12     13
     4     13     14
     4     14     15
     4     15     16
    17     16     15
    17     15     18
    17     18     19
    20      5      4
    20      4     16
    20     16     17
    20     17     21
    22     23     24
    22     24     25
    22     25      6
    22      6      1
    22      1      5
    22      5     20
    25     26     27
    25     27     28
    25     28      7
    25      7      6
    28     29     30
    28     30      9
    28      9      8
    28      8      7
    30     31     32
    30     32     10
    30     10      9
    33     34     35
    33     35     36
    33     36     37
    33     37     38
    10     32     39
    10     39     33
    10     33     38
    10     38     40
    10     40     11
    12     11     40
    12     40     41
    12     41     42
    12     42     13
    14     13     42
    14     42     43
    14     43     44
    14     44     45
    18     15     14
    18     14     45
    18     45     46
    18     46     47
    47     46     48
    47     48     49
    47     49     50
    50     49     51
    50     51     52
    50     52     53
    50     53     54
    55     19     18
    55     18     47
    55     47     50
    55     50     54
    55     54     56
    57     21     17
    57     17     19
    57     19     55
    57     55     58
    59     60     22
    59     22     20
    59     20     21
    59     21     57
    61     62     63
    61     63     23
    61     23     22
    61     22     60
    63     64     65
    63     65     66
    63     66     24
    63     24     23
    24     66     67
    24     67     68
    24     68     26
    24     26     25
    27     69     29
    27     29     28
    70     39     32
    70     32     31
    70     31     71
    72     73     34
    72     34     33
    72     33     39
    72     39     70
    74     75     76
    74     76     77
    74     77     78
    37     36     77
    37     77     76
    37     76     79
    79     76     75
    79     75     80
    79     80     81
    79     81     82
    79     82     83
    40     38     37
    40     37     79
    40     79     83
    40     83     84
    40     84     41
    42     41     84
    42     84     85
    42     85     86
    42     86     43
    43     86     87
    43     87     88
    43     88     89
    43     89     44
    45     44     89
    45     89     90
    45     90     91
    45     91     48
    45     48     46
    90     92     93
    90     93     94
    90     94     95
    90     95     91
    48     91     95
    48     95     96
    48     96     51
    48     51     49
    51     96     97
    51     97     98
    51     98     99
    51     99    100
    51    100    101
    51    101    102
    51    102     52
   102    101    103
   102    103    104
   102    104    105
   102    105    106
   102    106    107
   102    107    108
   102    108    109
    53     52    102
    53    102    109
    53    109    110
    53    110    111
    56     54     53
    56     53    111
    56    111    112
    56    112    113
    56    113    114
   115     58     55
   115     55     56
   115     56    114
   115    114    116
   117    118    119
   117    119     59
   117     59     57
   117     57     58
   117     58    115
   117    115    120
   119    121     61
   119     61     60
   119     60     59
   122    123    124
   122    124    121
   122    121    119
   122    119    118
   124    125    126
   124    126     62
   124     62     61
   124     61    121
   126    127     64
   126     64     63
   126     63     62
    65    128     67
    65     67     66
    68    129    130
    68    130     69
    68     69     27
    68     27     26
   130     71     31
   130     31     30
   130     30     29
   130     29     69
    35     34     73
    35     73    131
   132     78     77
   132     77     36
   132     36     35
   132     35    131
   132    131    133
    80    134    135
    80    135    136
    80    136    137
    80    137     81
   138    134     80
   138     80     75
   138     75     74
   139    140    141
   139    141    142
   139    142    143
    82     81    137
    82    137    139
    82    139    143
    82    143    144
   144    143    142
   144    142    145
   144    145    146
   144    146    147
    84     83     82
    84     82    144
    84    144    147
    84    147    148
    84    148    149
    84    149     85
    85    149    150
    85    150    151
    85    151     87
    85     87     86
    87    151    152
    87    152    153
    87    153    154
    87    154     88
    89     88    154
    89    154    155
    89    155    156
    89    156    157
    89    157    158
    89    158    159
    89    159    160
    89    160     92
    89     92     90
   160    161    162
   160    162     93
   160     93     92
    93    162    163
    93    163    164
    93    164    165
    93    165     94
    95     94    165
    95    165     97
    95     97     96
    99    166    167
    99    167    168
    99    168    169
    99    169    100
   100    169    170
   100    170    103
   100    103    101
   107    171    172
   107    172    173
   107    173    174
   107    174    108
   109    108    174
   109    174    175
   109    175    176
   109    176    110
   111    110    176
   111    176    177
   111    177    178
   111    178    179
   111    179    180
   111    180    181
   111    181    112
   113    112    181
   113    181    182
   113    182    183
   113    183    184
   116    114    113
   116    113    184
   116    184    185
   116    185    186
   116    186    187
   120    115    116
   120    116    187
   120    187    188
   120    188    189
   189    190    191
   189    191    192
   189    192    193
   189    193    117
   189    117    120
   193    194    122
   193    122    118
   193    118    117
   192    195    196
   192    196    197
   192    197    198
   192    198    194
   192    194    193
   198    199    200
   198    200    123
   198    123    122
   198    122    194
   200    201    125
   200    125    124
   200    124    123
   202    203    127
   202    127    126
   202    126    125
   202    125    201
   204    205    128
   204    128     65
   204     65     64
   204     64    127
   204    127    203
    67    128    205
    67    205    206
    67    206    207
    67    207    129
    67    129     68
   207    208     72
   207     72     70
   207     70     71
   207     71    130
   207    130    129
   133    131     73
   133     73     72
   133     72    208
   133    208    209
   210    211    138
   210    138     74
   210     74     78
   210     78    132
   212    135    134
   212    134    138
   212    138    211
   213    141    140
   213    140    214
   213    214    215
   137    136    214
   137    214    140
   137    140    139
   216    217    218
   216    218    219
   216    219    220
   142    141    213
   142    213    221
   142    221    216
   142    216    220
   142    220    145
   219    218    222
   219    222    223
   219    223    224
   219    224    225
   145    220    219
   145    219    225
   145    225    226
   145    226    227
   145    227    228
   145    228    146
   147    146    228
   147    228    229
   147    229    230
   147    230    148
   148    230    231
   148    231    232
   148    232    233
   148    233    150
   148    150    149
   150    233    234
   150    234    235
   150    235    236
   150    236    237
   150    237    152
   150    152    151
   152    237    238
   152    238    239
   152    239    153
   154    153    239
   154    239    240
   154    240    241
   154    241    155
   159    242    243
   159    243    161
   159    161    160
   243    244    163
   243    163    162
   243    162    161
   164    163    244
   164    244    245
   164    245    246
   164    246    247
    97    165    164
    97    164    247
    97    247    248
    97    248     98
    98    248    249
    98    249    166
    98    166     99
   168    250    251
   168    251    252
   168    252    170
   168    170    169
   103    170    252
   103    252    104
   174    173    253
   174    253    254
   174    254    255
   174    255    175
   176    175    255
   176    255    177
   179    256    257
   179    257    258
   179    258    259
   179    259    180
   181    180    259
   181    259    260
   181    260    182
   184    183    261
   184    261    262
   184    262    263
   184    263    185
   185    263    264
   185    264    265
   185    265    186
   187    186    265
   187    265    266
   187    266    267
   187    267    268
   187    268    188
   189    188    268
   189    268    269
   189    269    270
   189    270    190
   190    270    271
   190    271    272
   190    272    273
   190    273    274
   190    274    191
   191    274    275
   191    275    195
   191    195    192
   273    276    277
   273    277    278
   273    278    275
   273    275    274
   275    278    279
   275    279    196
   275    196    195
   196    279    280
   196    280    197
   197    280    281
   197    281    282
   197    282    283
   197    283    199
   197    199    198
   283    284    202
   283    202    201
   283    201    200
   283    200    199
   285    286    204
   285    204    203
   285    203    202
   285    202    284
   285    284    287
   288    289    206
   288    206    205
   288    205    204
   288    204    286
   290    209    208
   290    208    207
   290    207    206
   290    206    289
   291    292    210
   291    210    132
   291    132    133
   291    133    209
   291    209    290
   293    294    212
   293    212    211
   293    211    210
   293    210    292
   295    215    214
   295    214    136
   295    136    135
   295    135    212
   295    212    294
   296    297    298
   296    298    221
   296    221    213
   296    213    215
   296    215    295
   299    222    218
   299    218    217
   299    217    298
   299    298    297
   298    217    216
   298    216    221
   300    301    302
   300    302    303
   303    302    223
   303    223    222
   303    222    299
   304    305    306
   304    306    307
   304    307    224
   304    224    223
   304    223    302
   304    302    301
   225    224    307
   225    307    226
   226    307    306
   226    306    308
   226    308    309
   226    309    310
   226    310    227
   228    227    310
   228    310    311
   228    311    312
   228    312    313
   228    313    229
   229    313    314
   229    314    231
   229    231    230
   232    315    316
   232    316    317
   232    317    234
   232    234    233
   234    317    318
   234    318    319
   234    319    320
   234    320    235
   236    321    322
   236    322    238
   236    238    237
   239    238    322
   239    322    323
   239    323    240
   157    324    325
   157    325    158
   158    325    326
   158    326    327
   158    327    328
   158    328    242
   158    242    159
   328    329    330
   328    330    245
   328    245    244
   328    244    243
   328    243    242
   245    330    331
   245    331    246
   247    246    331
   247    331    332
   247    332    333
   247    333    249
   247    249    248
   249    333    334
   249    334    335
   249    335    167
   249    167    166
   167    335    336
   167    336    250
   167    250    168
   104    252    251
   104    251    337
   104    337    338
   104    338    105
   105    338    339
   105    339    106
   177    255    254
   177    254    340
   177    340    178
   178    340    341
   178    341    256
   178    256    179
   259    258    342
   259    342    343
   259    343    344
   259    344    260
   182    260    344
   182    344    345
   182    345    261
   182    261    183
   262    346    347
   262    347    348
   262    348    264
   262    264    263
   265    264    348
   265    348    349
   265    349    350
   265    350    266
   266    350    351
   266    351    352
   266    352    353
   266    353    267
   268    267    353
   268    353    354
   268    354    355
   268    355    269
   269    355    356
   269    356    357
   269    357    358
   269    358    271
   269    271    270
   271    358    359
   271    359    360
   271    360    272
   272    360    361
   272    361    362
   272    362    276
   272    276    273
   362    363    277
   362    277    276
   361    364    365
   361    365    366
   361    366    363
   361    363    362
   277    363    366
   277    366    367
   277    367    281
   277    281    280
   277    280    279
   277    279    278
   365    368    369
   365    369    367
   365    367    366
   281    367    369
   281    369    370
   281    370    285
   281    285    287
   281    287    282
   370    371    372
   370    372    288
   370    288    286
   370    286    285
   372    373    374
   372    374    291
   372    291    290
   372    290    289
   372    289    288
   374    375    376
   374    376    293
   374    293    292
   374    292    291
   376    377    378
   376    378    379
   376    379    380
   376    380    296
   376    296    295
   376    295    294
   376    294    293
   379    381    382
   379    382    383
   379    383    380
   380    383    300
   380    300    303
   380    303    299
   380    299    297
   380    297    296
   382    384    304
   382    304    301
   382    301    300
   382    300    383
   385    386    387
   385    387    384
   385    384    382
   385    382    381
   387    388    305
   387    305    304
   387    304    384
   389    390    391
   389    391    388
   389    388    387
   389    387    386
   306    305    388
   306    388    391
   306    391    308
   308    391    390
   308    390    392
   308    392    393
   308    393    309
   310    309    393
   310    393    394
   310    394    395
   310    395    311
   311    395    396
   311    396    397
   311    397    312
   312    397    398
   312    398    399
   312    399    314
   312    314    313
   400    401    316
   400    316    315
   318    317    316
   318    316    401
   318    401    402
   318    402    403
   235    320    404
   235    404    321
   235    321    236
   322    321    404
   322    404    405
   322    405    323
   156    406    407
   156    407    324
   156    324    157
   407    408    326
   407    326    325
   407    325    324
   327    409    410
   327    410    329
   327    329    328
   331    330    329
   331    329    410
   331    410    411
   331    411    332
   332    411    412
   332    412    413
   332    413    414
   332    414    334
   332    334    333
   334    414    415
   334    415    416
   334    416    336
   334    336    335
   251    250    336
   251    336    416
   251    416    417
   251    417    337
   337    417    418
   337    418    419
   337    419    339
   337    339    338
   106    339    419
   106    419    420
   106    420    171
   106    171    107
   341    421    257
   341    257    256
   257    421    422
   257    422    342
   257    342    258
   261    345    423
   261    423    424
   261    424    346
   261    346    262
   424    425    426
   424    426    347
   424    347    346
   349    427    351
   349    351    350
   353    352    428
   353    428    429
   353    429    354
   354    429    430
   354    430    431
   354    431    432
   354    432    356
   354    356    355
   356    432    433
   356    433    434
   356    434    357
   357    434    435
   357    435    436
   357    436    437
   357    437    359
   357    359    358
   359    437    438
   359    438    364
   359    364    361
   359    361    360
   436    439    438
   436    438    437
   438    439    440
   438    440    441
   438    441    368
   438    368    365
   438    365    364
   369    368    441
   369    441    442
   369    442    443
   369    443    371
   369    371    370
   443    444    445
   443    445    373
   443    373    372
   443    372    371
   445    446    447
   445    447    375
   445    375    374
   445    374    373
   447    448    449
   447    449    450
   447    450    451
   447    451    377
   447    377    376
   447    376    375
   451    452    453
   451    453    454
   451    454    378
   451    378    377
   378    454    455
   378    455    456
   378    456    457
   378    457    385
   378    385    381
   378    381    379
   457    458    389
   457    389    386
   457    386    385
   456    459    460
   456    460    461
   456    461    458
   456    458    457
   461    462    392
   461    392    390
   461    390    389
   461    389    458
   460    463    464
   460    464    462
   460    462    461
   393    392    462
   393    462    464
   393    464    394
   394    464    463
   394    463    465
   394    465    466
   394    466    467
   394    467    396
   394    396    395
   398    397    396
   398    396    467
   398    467    468
   231    314    399
   231    399    469
   231    469    470
   231    470    400
   231    400    315
   231    315    232
   402    401    400
   402    400    470
   402    470    471
   405    404    320
   405    320    319
   405    319    472
   240    323    405
   240    405    472
   240    472    473
   240    473    241
   474    475    408
   474    408    407
   474    407    406
   326    408    475
   326    475    476
   326    476    477
   326    477    409
   326    409    327
   477    412    411
   477    411    410
   477    410    409
   413    478    479
   413    479    480
   413    480    415
   413    415    414
   416    415    480
   416    480    481
   416    481    482
   416    482    483
   416    483    418
   416    418    417
   419    418    483
   419    483    484
   419    484    420
   420    484    485
   420    485    172
   420    172    171
   342    422    486
   342    486    487
   342    487    343
   344    343    487
   344    487    488
   344    488    423
   344    423    345
   348    347    426
   348    426    489
   348    489    427
   348    427    349
   351    427    489
   351    489    490
   351    490    491
   351    491    492
   351    492    428
   351    428    352
   428    492    493
   428    493    430
   428    430    429
   431    494    495
   431    495    433
   431    433    432
   433    495    496
   433    496    435
   433    435    434
   435    496    497
   435    497    440
   435    440    439
   435    439    436
   497    498    499
   497    499    442
   497    442    441
   497    441    440
   442    499    500
   442    500    501
   442    501    444
   442    444    443
   501    502    503
   501    503    446
   501    446    445
   501    445    444
   503    504    505
   503    505    506
   503    506    507
   503    507    448
   503    448    447
   503    447    446
   449    508    509
   449    509    450
   450    509    510
   450    510    511
   450    511    452
   450    452    451
   455    512    513
   455    513    459
   455    459    456
   453    514    515
   453    515    512
   453    512    455
   453    455    454
   513    465    463
   513    463    460
   513    460    459
   515    516    466
   515    466    465
   515    465    513
   515    513    512
   468    467    466
   468    466    516
   468    516    517
   468    517    518
   519    469    399
   519    399    398
   519    398    468
   519    468    518
   519    518    520
   471    470    469
   471    469    519
   471    519    521
   473    472    319
   473    319    318
   473    318    403
   473    403    522
   155    241    473
   155    473    522
   155    522    523
   155    523    524
   155    524    474
   155    474    406
   155    406    156
   524    525    526
   524    526    476
   524    476    475
   524    475    474
   526    478    413
   526    413    412
   526    412    477
   526    477    476
   481    480    479
   481    479    527
   528    485    484
   528    484    483
   528    483    482
   528    482    529
   172    485    528
   172    528    253
   172    253    173
   423    488    530
   423    530    425
   423    425    424
   426    425    530
   426    530    531
   426    531    490
   426    490    489
   491    532    533
   491    533    493
   491    493    492
   430    493    533
   430    533    534
   430    534    535
   430    535    494
   430    494    431
   535    536    498
   535    498    497
   535    497    496
   535    496    495
   535    495    494
   537    500    499
   537    499    498
   537    498    536
   538    539    502
   538    502    501
   538    501    500
   538    500    537
   540    504    503
   540    503    502
   540    502    539
   506    541    542
   506    542    507
   507    542    543
   507    543    508
   507    508    449
   507    449    448
   511    544    514
   511    514    453
   511    453    452
   510    545    546
   510    546    544
   510    544    511
   517    516    515
   517    515    514
   517    514    544
   517    544    546
   520    518    517
   520    517    546
   520    546    545
   520    545    547
   520    547    548
   520    548    549
   550    521    519
   550    519    520
   550    520    549
   550    549    551
   522    403    402
   522    402    471
   522    471    521
   522    521    550
   522    550    552
   522    552    523
   553    554    525
   553    525    524
   553    524    523
   553    523    552
   553    552    555
   553    555    556
   527    479    478
   527    478    526
   527    526    525
   527    525    554
   529    482    481
   529    481    527
   529    527    554
   529    554    553
   529    553    557
   254    253    528
   254    528    529
   254    529    557
   254    557    486
   254    486    422
   254    422    421
   254    421    341
   254    341    340
   490    531    558
   490    558    559
   490    559    532
   490    532    491
   533    532    559
   533    559    560
   533    560    561
   533    561    562
   533    562    534
   534    562    563
   534    563    538
   534    538    537
   534    537    536
   534    536    535
   563    564    540
   563    540    539
   563    539    538
   565    566    505
   565    505    504
   565    504    540
   565    540    564
   567    541    506
   567    506    505
   567    505    566
   567    566    568
   547    545    510
   547    510    509
   547    509    508
   547    508    543
   569    548    547
   569    547    543
   569    543    542
   569    542    541
   569    541    567
   551    549    548
   551    548    569
   551    569    570
   555    552    550
   555    550    551
   555    551    570
   555    570    571
   555    571    572
   558    556    555
   558    555    572
   558    572    560
   558    560    559
   487    486    557
   487    557    553
   487    553    556
   487    556    558
   487    558    531
   487    531    530
   487    530    488
   561    573    565
   561    565    564
   561    564    563
   561    563    562
   574    568    566
   574    566    565
   574    565    573
   571    570    569
   571    569    567
   571    567    568
   571    568    574
   560    572    571
   560    571    574
   560    574    573
   560    573    561
   282    287    284
   282    284    283
