574 1144
    2.783664     1.860636    12.546919
    4.926469     2.411880    12.192259
    5.313246     2.772287    12.093879
    2.278086     5.807471    12.093879
   -0.171449     3.178796    12.762429
   -0.171449     1.860636    12.935959
   -0.550215     3.125278    12.719609
   -4.910631    -1.235115    12.719609
   -3.267200    -1.235115    12.935959
   -5.652116    -1.425883    12.596889
   -4.891289    -2.186733    12.596889
   -3.267200    -2.416162    12.780489
   -3.140251    -2.552405    12.745839
   -1.380789    -2.303840    12.546919
   10.830259     3.029803     9.852848
    9.085108     7.243012     9.852848
    8.824868     7.402786     9.933216
    7.211034     8.131590    10.476649
    5.844003     3.029803    11.918219
    6.937060     8.405564    10.476649
    6.576287     8.619245    10.509429
    3.203861     7.715605    11.462329
    6.470648     8.704030    10.492429
    3.989158     9.731873    10.492429
    3.718915     9.757922    10.528019
    3.704494     9.742540    10.536859
    3.203861     8.675372    11.064799
   -3.591464     5.860645    11.064799
   -4.365110     4.147467    11.641679
   -6.842068     1.670509    11.641679
   -6.012409    -1.425883    12.516589
   -7.754200     1.258598    11.334539
   -9.362151    -2.623319    11.334539
   -8.480463    -2.623319    11.699749
  -10.104321    -2.971503    10.967379
   -9.898241    -3.469070    10.967379
   -8.579372    -2.992471    11.595439
   -8.055688    -3.034635    11.702749
   -3.140251    -5.070680    11.702749
   -2.799140    -5.797813    11.343029
   -2.742875    -5.857900    11.308489
    0.591781    -5.536520    10.869479
    4.555830    -3.894554    10.869479
    6.572784    -3.732216    10.456169
    9.101818    -4.646111     9.251818
   11.896489     2.100824     9.251818
   11.905259     2.191790     9.263789
   11.190809     2.860667     9.674487
   13.206599     2.191790     8.265246
   12.682019     4.149504     8.265246
   12.644039     4.210232     8.281888
   12.056979     4.805288     8.610020
   11.855269     4.951236     8.734772
   10.356959     6.553053     9.247377
    9.781659     7.005411     9.485550
    8.236771     7.990883     9.933216
    5.021143    10.059869    10.028579
    4.911751    10.211059     9.935070
    3.718915    10.530679     9.935070
    3.291645    11.117579     9.396850
    1.906348    12.319189     8.190006
    1.560956    12.477149     7.997796
    0.280771    12.349059     7.832872
   -2.311164    11.654539     7.832872
   -3.591464    11.530429     7.583459
   -3.654687    11.567579     7.521838
   -4.712539    11.230089     7.079529
  -12.389661     3.552960     7.079529
  -12.748381     2.428613     7.549627
  -12.060531     1.258598     8.690388
  -12.101871     0.832106     8.773479
  -10.892941    -2.971503    10.483159
  -12.657601    -1.241891     8.773479
  -12.755911    -2.224502     8.900063
  -12.177841    -2.890953     9.480652
  -11.978281    -3.036237     9.663660
  -11.087161    -3.036237    10.347439
  -11.772791    -3.803062     9.663660
  -11.271021    -3.614698    10.087429
  -10.043871    -3.614698    10.840909
  -12.044411    -4.265056     9.213202
  -11.619361    -5.597340     8.656167
  -10.043871    -7.172809     8.656167
   -9.758427    -8.009747     8.214888
   -9.657344    -9.837765     6.832955
   -9.071971   -10.646751     6.332574
   -4.386558   -11.902191     6.332574
   -2.742875   -10.476491     7.764498
   -2.274838   -10.429661     7.704205
    7.633658    -7.774687     7.704205
    9.909478    -7.554047     7.260866
    9.983071    -7.485193     7.284420
    9.983071    -5.527364     8.486572
   12.346649    -6.731118     6.296178
   13.550409    -5.527364     6.296178
   14.192069    -5.308510     5.957837
   14.205959    -5.165377     5.985717
   14.964409    -2.334764     5.985717
   15.119559    -0.784383     6.185458
   14.843619    -0.011515     6.556097
   14.422339     0.909567     7.068725
   13.487619     1.987219     8.007525
   14.158119     2.237982     7.068725
   14.144389     2.260346     7.080811
   13.703429     2.756333     7.526897
   11.298529     5.940394     8.610020
    8.948063     7.839006     9.485550
    8.551695     7.990883     9.681194
    4.884603    10.441169     9.681194
    4.230765    11.381119     8.809989
    4.162071    11.525049     8.640189
    3.661529    11.970059     8.190006
    0.547901    13.296419     6.667504
    0.440980    13.358149     6.559325
   -0.671007    13.234909     6.431689
   -1.961424    12.978219     6.431689
   -3.510501    12.790219     6.173005
   -4.217376    13.065199     5.278041
   -7.540862    11.910479     4.001473
   -8.559137    11.230089     4.001473
  -11.481651    10.110299     2.558927
  -11.936691     9.655282     2.558927
  -12.389661     8.473067     3.142469
  -12.962651     7.615528     3.142469
  -13.318141     6.592333     3.535472
  -13.436231     3.568778     5.813514
  -12.981971     2.401076     7.291928
  -13.192681     0.664984     7.581834
  -13.331261    -0.031727     7.581834
  -13.466771    -1.254251     7.722151
  -12.964811    -2.123418     8.601619
  -12.883091    -2.224502     8.734337
  -12.512951    -4.085230     8.734337
  -12.497621    -4.211608     8.713232
  -12.819981    -5.040282     7.664056
  -12.373321    -6.325869     7.170267
  -11.619361    -7.454245     7.170267
  -10.706081    -9.837765     5.993775
  -10.713161   -10.000581     5.793118
   -9.553285   -11.783161     4.586480
   -8.885323   -12.229481     4.586480
   -8.162723   -13.268291     3.623646
   -7.714691   -13.596761     3.386182
   -4.627204   -12.730411     5.315627
   -7.167774   -14.083001     2.894293
   -6.692709   -14.374781     2.637212
   -6.459914   -14.480421     2.559865
   -5.263393   -14.718411     2.559865
   -5.199323   -14.725531     2.567236
   -4.627204   -14.395111     3.146131
   -3.749659   -14.297841     3.045414
    4.815566   -12.594121     3.045414
    4.965062   -12.461221     3.179849
    9.743959    -8.957565     5.712499
   11.353879    -8.398195     5.094141
   13.848849    -6.731118     5.094141
   14.690639    -6.408571     4.678636
   14.690639    -5.649987     5.285641
   15.095549    -6.426151     4.179628
   15.530189    -5.775678     4.179628
   15.446619    -5.560830     4.451633
   15.574339    -4.508380     4.627385
   15.749839    -3.626120     4.627385
   15.861179    -2.621580     4.742683
   15.615129    -1.642539     5.317138
   15.317649     0.235769     5.317138
   14.996569     0.856118     5.855037
   14.650399     1.564687     6.296979
   12.551159     5.387228     7.080811
   12.443269     5.638311     6.977095
   12.394909     5.862728     6.635962
   11.531369     7.110157     5.892073
    8.283307    10.358219     5.892073
    7.567985    11.256249     5.164574
    6.645713    12.843719     2.516191
    6.506082    12.966159     2.394598
    3.726538    14.382399     2.394598
    3.197062    14.354539     3.099939
    3.164993    13.757819     4.552900
    2.034900    14.538629     3.099939
    0.521531    14.134869     4.653365
    0.440980    14.106319     4.753098
   -2.748438    13.601159     4.753098
   -4.079393    13.418289     4.576820
   -4.125586    13.395719     4.605639
   -7.498927    12.124979     3.543804
   -7.989352    11.875089     3.543804
  -11.402981    10.408459     2.133625
  -11.429741    10.402699     2.092949
  -11.895741    10.080099     1.815061
  -12.458181     9.517665     1.815061
  -12.545271     9.448285     1.744513
  -12.879381     8.670633     2.065756
  -13.128361     8.181994     2.065756
  -13.368271     7.545072     2.266229
  -13.668291     1.879932     6.037197
  -13.893811     0.456111     6.037197
  -14.054251    -0.889998     6.164536
  -13.925121    -1.254251     6.615566
  -13.398161    -4.581377     6.615566
  -13.355541    -4.891541     6.574501
  -13.425751    -6.225838     4.796933
  -12.189761    -8.651591     4.796933
  -11.724891    -9.733614     4.349954
  -11.715661    -9.776442     4.284877
  -11.526861   -10.049131     4.122242
   -9.467400   -12.108621     4.122242
   -9.056588   -12.624361     3.704448
   -8.255840   -13.260941     3.528628
   -7.527357   -13.899781     2.894293
   -5.830477   -14.787901     2.167297
   -5.774717   -14.808551     2.146719
   -5.482476   -14.912911     2.006561
   -5.199323   -14.957751     2.006561
   -4.635993   -15.157441     1.309049
   -3.689389   -15.409991     0.337402
   -2.622358   -15.282811     0.236456
   -0.273265   -14.910761     0.236456
    0.725346   -14.773531     0.104173
    4.757356   -12.803731     2.618968
    5.734176   -12.435771     2.311483
   14.080709    -8.182981     2.311483
   14.280629    -8.097096     2.228895
   14.931809    -7.579410     2.371890
   14.998149    -7.496135     2.439348
   15.241889    -6.572466     3.756936
   15.776119    -6.718163     2.439348
   15.809039    -6.565416     2.671547
   15.642349    -6.466781     3.185663
   15.689619    -5.867903     3.796788
   16.055499    -6.081744     2.671547
   16.039129    -5.770848     3.085724
   16.078049    -5.487672     3.123218
   16.298179    -4.097751     3.123218
   16.035699    -3.113835     4.133183
   16.330819    -4.118673     2.896261
   16.570159    -4.118673     1.078177
   16.195469    -1.272586     1.078177
   16.035699    -0.701817     1.721165
   15.898719    -0.251794     2.135960
   13.840569     4.716977     2.135960
   13.827769     4.714803     2.251053
   13.708079     4.943110     1.810140
   12.234879     7.156212     0.023141
    9.845569    10.270019     0.023141
    8.512232    11.847919    -0.950543
    8.231941    12.128209    -1.468573
    7.032627    13.141659    -2.208639
    5.639410    14.210699    -2.208639
    5.512506    14.285049    -2.025791
    5.501404    14.220199    -1.443073
    3.924218    14.632089     0.582671
    3.880383    14.602539     0.850922
    5.147086    14.436419    -2.025791
    5.063788    14.461759    -1.949040
    4.519755    14.614069    -1.336176
    3.899107    14.710189     0.014489
    2.075873    14.602539     2.655432
    2.075873    14.710189     1.837746
   -1.068176    14.296269     1.837746
   -2.190624    14.134869     1.941187
   -3.472778    13.931809     1.941187
   -3.708777    13.859979     2.158713
   -8.577334    11.843339     2.158713
  -10.826121    10.830149     1.472943
  -11.267421    10.605299     1.472943
  -11.801681    10.249649     1.041576
  -12.312181     9.857929     1.041576
  -12.393121     9.789533     0.991629
  -12.565601     9.466254     1.592064
  -12.626031     9.556625     0.561154
  -12.802791     9.326280     0.561154
  -12.855501     9.236298     0.690828
  -12.853121     9.235886     0.712139
  -13.312991     8.131842     0.690828
  -13.533861     7.406128     1.359728
  -13.810031     5.662438     1.359728
  -13.893811     5.079903     1.413405
  -14.683391    -0.917604     1.413405
  -14.097331    -0.917604     5.864902
  -14.683391    -2.673953    -0.342943
  -14.370451    -5.050857    -0.342943
  -14.097331    -5.419757     1.362749
  -13.706111    -6.146249     3.106325
  -13.526951    -6.296592     4.087197
  -13.677501    -7.479654    -1.288037
  -13.511311    -7.880875    -1.288037
  -12.929171    -8.874405     0.143521
  -12.856971    -8.862067     0.792140
  -11.837141   -10.297581     0.143521
  -11.462911   -10.740441     0.416808
  -10.809431   -11.393911     1.624545
   -9.861457   -12.194961     2.209530
   -7.450102   -14.045251     2.209530
   -7.365889   -14.101331     2.277537
   -6.972748   -14.301641     2.277537
   -6.611242   -14.464511     2.167297
   -4.679050   -15.157441     1.266015
   -3.689389   -15.434511     0.151144
   -3.506633   -15.462821    -0.246552
   -2.209875   -15.462821    -1.543333
   -0.842593   -15.282811    -1.543333
    0.149083   -15.140231    -1.634734
    0.458835   -15.091151    -1.634734
    0.460391   -15.090701    -1.636153
    6.133978   -12.740621    -1.636153
    8.294729   -11.767071    -0.977256
   12.206309    -9.774016    -0.977256
   13.772309    -8.731592     0.287226
   14.995679    -7.792861     0.287226
   15.522519    -7.347668     0.612314
   15.630909    -7.239283     0.812650
   15.609499    -7.217857     1.113176
   15.844059    -6.778204     1.929787
   16.071819    -6.664668     0.812650
   16.000899    -6.652536     1.449824
   16.135389    -6.137573     2.111216
   16.075729    -6.658007     0.803059
   16.363579    -5.963081     0.803059
   16.330819    -5.973610     1.041324
   16.404619    -5.816468     0.637905
   16.570159    -4.558945     0.637905
   16.343939    -4.558945    -1.080537
   16.236349    -4.489976    -1.828820
   16.111119    -4.020588    -2.310638
   16.111119    -1.245484     0.464443
   15.717569    -2.910455    -3.685200
   15.651709    -2.718612    -3.909227
   15.312229    -0.575143    -3.909227
   15.112579    -0.189395    -4.243700
   15.074559    -0.111591    -4.292227
   14.923119     0.290431    -4.165690
   11.793239     6.433176    -4.165690
   11.087759     8.075234    -3.487336
    9.258318    10.376489    -3.992639
    8.857853    10.954989    -3.647660
    6.767214    13.045629    -3.647660
    6.438075    13.458849    -3.312912
    6.058440    13.760629    -3.229569
    5.834527    13.956989    -3.034589
    5.637968    14.202349    -2.283765
    5.523402    14.115519    -3.034589
    5.313384    14.287109    -2.700666
    5.240867    14.324649    -2.637763
    4.790409    14.395979    -2.637763
    4.604838    14.461759    -2.407990
    4.519755    14.484469    -2.320641
    2.940828    14.296269    -2.171282
   -4.103085    13.180619    -2.171282
   -4.310654    13.073189    -2.351268
   -6.692159    11.909719    -3.836619
   -6.832316    11.807239    -3.997263
  -11.849801     9.250719    -3.997263
  -12.140441     9.188068    -3.555480
  -12.408801     9.491845    -1.277508
  -12.508211     9.438808    -1.092852
  -12.285651     9.042852    -3.555480
  -12.580501     9.303321    -1.344485
  -12.595951     9.290914    -1.297148
  -12.782391     8.577058    -2.214018
  -12.289841     9.023304    -3.585169
  -12.586861     8.440403    -3.585169
  -12.569931     8.118428    -4.014110
  -13.005531     4.948123    -4.434010
  -13.810031    -0.131300    -4.434010
  -14.113121    -2.673953    -4.674564
  -14.111661    -2.679401    -4.680172
  -14.078831    -2.954931    -4.654100
  -14.078831    -6.248523    -1.360508
  -13.676851    -5.492800    -4.654100
  -13.477781    -6.941663    -4.462188
  -13.575361    -7.009876    -3.777860
  -13.965271    -6.682705    -1.643226
  -13.354881    -7.854139    -2.693478
  -13.459901    -6.966087    -4.490205
  -12.963941    -7.939497    -4.490205
  -12.927841    -8.106985    -4.235597
  -12.980831    -8.153818    -3.838153
  -10.423641   -10.611181    -4.235597
   -9.567339   -11.686201    -3.364736
   -9.512197   -11.781151    -3.206335
   -8.677708   -12.512931    -2.479729
   -3.557335   -15.121921    -2.479729
   -3.640152   -15.240401    -1.648720
   -3.539572   -15.360271    -0.992547
   -3.315682   -15.109191    -2.801658
   -2.165674   -15.291331    -2.801658
   -2.209875   -15.360271    -2.322266
   -1.599254   -15.140231    -3.383071
   -1.147148   -14.979951    -3.942853
    0.813932   -14.669351    -3.942853
    0.952418   -14.597661    -4.062958
    1.461429   -14.349001    -4.380423
    4.820602   -13.083581    -3.323030
    6.922960   -12.012391    -3.323030
   12.244859    -9.725900    -1.124555
   13.207099    -8.960953    -1.335832
   14.554399    -8.028265    -0.532360
   15.482939    -7.099744    -0.532360
   15.769189    -6.871733    -0.300482
   15.774109    -6.876105    -0.263537
   16.051489    -6.653864     0.585326
   15.922799    -6.514164    -0.448216
   16.229849    -5.911532    -0.448216
   16.242969    -5.920688    -0.356357
   16.343939    -5.835948     0.196466
   16.175329    -4.875174    -1.828820
   15.333259    -2.616178    -4.638878
   14.836409    -1.755846    -5.509395
   14.213449    -0.985520    -6.520963
   14.039799    -0.745469    -6.792029
   13.845829     0.229680    -6.792029
   13.174279     0.985082    -7.471413
   12.790379     1.508698    -7.748935
   12.003049     3.774744    -6.878532
    9.361485     7.728126    -6.878532
    8.244210    10.644069    -5.439236
    8.127493    10.760809    -5.439236
    6.853442    12.718829    -4.113820
    5.578774    13.570529    -4.113820
    5.533794    13.664789    -4.002642
    5.609721    13.796039    -3.687489
    5.523013    14.108239    -3.052329
    4.740096    13.822669    -4.002642
    4.790409    13.979069    -3.644272
    1.629032    12.026009    -7.150583
    0.516129    11.126009    -8.611967
   -7.295707     9.572121    -8.611967
   -7.458595     9.552367    -8.584774
   -7.882774     9.241380    -8.809579
   -8.395792     9.063133    -8.612517
  -11.589671     8.811065    -5.353261
   -9.474382     8.342432    -8.612517
   -9.610121     8.290426    -8.545517
  -11.175241     8.358364    -6.616781
  -11.597661     8.780781    -5.396455
  -11.792871     8.729278    -5.117994
  -11.372241     8.063583    -6.616781
  -11.824761     8.325379    -5.530134
  -11.357081     8.024646    -6.666064
  -11.544851     6.477629    -6.924381
  -12.462161     1.866038    -6.924381
  -12.682911    -0.125532    -7.152964
  -13.326151    -1.927226    -6.288947
  -13.760541    -2.679401    -5.527868
  -13.536771    -4.698186    -5.296149
  -13.364561    -5.563874    -5.296149
  -13.185131    -7.042426    -5.049255
  -12.978701    -7.323977    -5.198476
  -12.931621    -7.920360    -4.589892
  -12.566061    -7.611021    -5.580950
  -12.236851    -8.103689    -5.580950
  -11.268801    -8.733584    -6.236253
  -11.237601    -8.758122    -6.249163
  -10.796131    -9.199584    -6.249163
   -8.620734   -10.033111    -7.322924
   -5.688557   -11.992341    -7.322924
   -5.058914   -12.211101    -7.564760
   -3.947408   -13.025991    -6.975724
   -3.690396   -13.254511    -6.744555
   -3.292906   -14.685611    -3.833002
   -1.961859   -13.598321    -6.744555
   -1.134352   -14.267521    -5.657907
   -1.147148   -14.307301    -5.566804
   -1.002824   -14.252931    -5.642823
    0.707744   -13.912691    -5.642823
    1.613123   -13.802801    -5.491632
    1.865969   -13.617431    -5.625632
    6.356929   -12.057071    -3.900620
    9.069519   -10.244571    -3.900620
   13.295659    -8.625290    -1.814628
   14.507659    -7.413318    -1.814628
   14.652989    -7.318735    -1.716223
   16.020869    -5.271565    -1.716223
   16.158889    -4.874304    -1.868833
   15.963499    -4.305320    -2.558151
   15.324179    -2.661867    -4.638878
   13.578929    -0.611561    -7.357969
   12.934679     0.131183    -8.005031
   11.224179     1.376369    -9.573543
   11.136469     1.703746    -9.573543
    9.531445     2.865153   -10.566321
    9.361485     3.397925   -10.343571
    4.202724     8.556662   -10.343571
    4.186815     8.844279   -10.126141
    5.499550    10.760809    -7.542098
    5.322769    12.259669    -5.888527
    0.224163     9.906068   -10.126141
    0.516129    10.910909    -8.892305
   -1.896782     8.066375   -11.973861
   -1.920977     8.063949   -11.970751
   -4.174663     7.460080   -11.970751
   -4.757381     7.403587   -11.857241
   -5.592441     7.497621   -11.495201
   -7.368018     8.117192   -10.247391
   -7.973374     8.473067    -9.657184
   -8.382813     8.342432    -9.485987
   -8.608076     8.117192    -9.485987
   -8.610434     8.116368    -9.484751
   -9.381058     8.073769    -8.902193
   -9.610121     8.230682    -8.593335
  -10.656761     3.312750    -8.902193
  -10.781461     2.066603    -9.062723
  -13.068021    -4.507030    -5.956603
  -12.322571    -7.289023    -5.956603
  -12.288191    -7.643800    -5.887497
   -8.945227    -9.540008    -7.457839
   -8.452125   -10.033111    -7.457839
   -6.533484   -10.645241    -8.260052
   -5.083636   -12.001421    -7.796089
   -5.010891   -12.008471    -7.810258
   -2.820313   -12.595451    -7.810258
   -2.751230   -12.690331    -7.723229
   -1.961859   -13.375021    -7.035559
   -1.406449   -13.319451    -6.964004
    2.009034   -12.404271    -6.964004
    2.136510   -12.228111    -7.072985
    3.734229   -10.733601    -7.584262
    5.267031   -10.244571    -6.943380
   13.592479    -1.919145    -6.943380
   14.507659    -2.545973    -5.709456
   14.646719    -2.529584    -5.556046
   13.342499    -1.493913    -7.357969
   11.023779     1.376369    -9.727319
    9.211004     1.980627   -10.994071
    9.486832     2.848420   -10.603991
    8.054816     1.980627   -11.703991
    6.329461     2.790027   -12.557521
    6.305266     2.848420   -12.557521
    4.296345     3.755608   -13.234001
    3.919617     4.132337   -13.234001
    3.919617     7.802519   -10.980451
    3.169708     4.192675   -13.387661
   -0.429194     5.683405   -13.387661
   -1.088297     6.210820   -13.231451
   -1.195629     6.267748   -13.209821
   -1.391845     6.422166   -13.131701
   -1.896782     6.961507   -12.821671
   -2.440998     6.909043   -12.750031
   -2.742646     6.784107   -12.750031
   -2.988351     6.764330   -12.699671
   -6.597004     5.072418   -11.495201
   -7.507214     4.645399   -11.044911
  -10.261761     2.066603    -9.461495
  -10.049381    -0.136931    -9.171383
   -6.418574    -8.902514    -9.171383
   -6.648919    -9.540008    -8.867812
   -6.533484    -9.795624    -8.781745
   -2.849613   -11.321541    -8.781745
   -2.820313   -11.324351    -8.785590
   -2.335657   -10.806691    -9.083164
   -0.971488    -7.898706   -10.521751
    3.734229    -5.949553   -10.521751
    5.550298    -1.928050   -11.875921
    6.353312    -1.125013   -11.875921
    6.863926    -0.894439   -11.703991
   11.745529    -0.894439    -8.706596
    5.304296     2.790027   -12.982161
    4.597513     3.132947   -13.216071
    4.223005     3.481932   -13.311341
    3.012063     3.793446   -13.511771
    2.730490     4.074996   -13.511771
    1.839806     4.200847   -13.612461
   -0.000047     5.222853   -13.504791
   -2.240525     5.222853   -13.209821
   -2.553710     5.142302   -13.158001
   -2.628699     5.072418   -13.138911
   -2.487740     4.074653   -13.026131
   -5.798934    -8.282897    -9.534354
    1.951945    -0.365033   -13.026131
    1.951945    -0.963888   -12.892681
   -0.971488    -6.989367   -10.898411
    2.247184     0.782618   -13.216071
    2.247184     3.793446   -13.612461
     1      2      3
     1      3      4
     1      4      5
     1      5      6
     6      5      7
     6      7      8
     6      8      9
     9      8     10
     9     10     11
     9     11     12
     1      6      9
     1      9     12
     1     12     13
     1     13     14
    15     16     17
    15     17     18
    15     18     19
     3     19     18
     3     18     20
     3     20     21
     3     21     22
     3     22      4
    21     23     24
    21     24     25
    21     25     26
    21     26     27
    21     27     22
     4     22     27
     4     27     28
     4     28     29
     4     29      7
     4      7      5
     7     29     30
     7     30     31
     7     31     10
     7     10      8
    30     32     33
    30     33     34
    30     34     31
    34     33     35
    34     35     36
    34     36     37
    10     31     34
    10     34     37
    10     37     38
    10     38     11
    12     11     38
    12     38     39
    12     39     13
    13     39     40
    13     40     41
    13     41     42
    13     42     43
    13     43     14
    14     43     44
    14     44      2
    14      2      1
    44     45     46
    44     46     47
    44     47     48
    44     48     15
    44     15     19
    44     19      3
    44      3      2
    47     49     50
    47     50     51
    47     51     52
    47     52     53
    47     53     48
    48     53     54
    48     54     55
    48     55     16
    48     16     15
    18     17     56
    18     56     20
    57     24     23
    58     59     25
    58     25     24
    58     24     57
    25     59     60
    25     60     61
    25     61     62
    25     62     63
    25     63     64
    25     64     26
    27     26     64
    27     64     65
    27     65     28
    28     65     66
    28     66     67
    28     67     68
    28     68     69
    28     69     70
    28     70     32
    28     32     30
    28     30     29
    70     71     72
    70     72     35
    70     35     33
    70     33     32
    72     71     73
    72     73     74
    72     74     75
    72     75     76
    72     76     77
    77     76     78
    77     78     79
    36     35     72
    36     72     77
    36     77     79
    36     79     80
    80     79     78
    80     78     81
    80     81     82
    80     82     83
    38     37     36
    38     36     80
    38     80     83
    38     83     84
    38     84     40
    38     40     39
    40     84     85
    40     85     86
    40     86     87
    40     87     88
    40     88     41
    41     88     89
    41     89     90
    41     90     42
    43     42     90
    43     90     91
    43     91     92
    43     92     93
    43     93     45
    43     45     44
    92     94     95
    92     95     93
    93     95     96
    93     96     97
    93     97     46
    93     46     45
    46     97     98
    46     98     99
    46     99    100
    46    100    101
    46    101    102
    46    102     49
    46     49     47
   101    103    104
   101    104    105
   101    105    102
   102    105     50
   102     50     49
    52    106     54
    52     54     53
    55    107    108
    55    108     56
    55     56     17
    55     17     16
    20     56    108
    20    108    109
    20    109     58
    20     58     57
    20     57     23
    20     23     21
   109    110     60
   109     60     59
   109     59     58
   111    112     61
   111     61     60
   111     60    110
    62    113    114
    62    114    115
    62    115    116
    62    116     63
    64     63    116
    64    116    117
    64    117     66
    64     66     65
    66    117    118
    66    118    119
    66    119    120
    66    120     67
    67    120    121
    67    121    122
    67    122    123
    67    123     68
    68    123    124
    68    124    125
    68    125    126
    68    126    127
    68    127     69
    69    127    128
    69    128     73
    69     73     71
    69     71     70
   128    129    130
   128    130    131
   128    131    132
   128    132     74
   128     74     73
    74    132    133
    74    133     75
    78     76     75
    78     75    133
    78    133    134
    78    134     81
    81    134    135
    81    135    136
    81    136    137
    81    137     82
    83     82    137
    83    137    138
    83    138     85
    83     85     84
    85    138    139
    85    139    140
    85    140    141
    85    141     86
    86    141    142
    86    142    143
    86    143    144
    86    144     87
   143    145    146
   143    146    147
   143    147    148
   143    148    149
   143    149    150
   143    150    144
    87    144    150
    87    150    151
    87    151    152
    87    152    153
    87    153     89
    87     89     88
    90     89    153
    90    153    154
    90    154     91
    91    154    155
    91    155    156
    91    156     94
    91     94     92
   156    157    158
   156    158     96
   156     96     95
   156     95     94
   159    160    161
   159    161    158
   159    158    157
    96    158    161
    96    161    162
    96    162     98
    96     98     97
    98    162    163
    98    163    164
    98    164    165
    98    165     99
    99    165    166
    99    166    167
    99    167    100
   100    167    168
   100    168    103
   100    103    101
    50    105    104
    50    104    169
    50    169     51
    51    169    170
    51    170    106
    51    106     52
    54    106    170
    54    170    171
    54    171    172
    54    172    173
    54    173    107
    54    107     55
   108    107    173
   108    173    174
   108    174    111
   108    111    110
   108    110    109
   174    175    176
   174    176    177
   174    177    178
   174    178    179
   174    179    112
   174    112    111
    61    112    179
    61    179    113
    61    113     62
   178    180    181
   178    181    182
   178    182    114
   178    114    113
   178    113    179
   114    182    183
   114    183    115
   116    115    183
   116    183    184
   116    184    185
   116    185    118
   116    118    117
   118    185    186
   118    186    187
   118    187    119
   119    187    188
   119    188    121
   119    121    120
   121    188    189
   121    189    190
   121    190    191
   121    191    122
   122    191    192
   122    192    193
   122    193    124
   122    124    123
   124    193    194
   124    194    195
   124    195    125
   126    196    129
   126    129    128
   126    128    127
   197    198    199
   197    199    130
   197    130    129
   197    129    196
   130    199    200
   130    200    131
   133    132    131
   133    131    200
   133    200    201
   133    201    135
   133    135    134
   135    201    202
   135    202    203
   135    203    136
   137    136    203
   137    203    204
   137    204    139
   137    139    138
   139    204    205
   139    205    206
   139    206    207
   139    207    140
   140    207    208
   140    208    209
   140    209    142
   140    142    141
   142    209    210
   142    210    145
   142    145    143
   147    211    212
   147    212    148
   148    212    213
   148    213    214
   148    214    149
   150    149    214
   150    214    215
   150    215    216
   150    216    217
   150    217    218
   150    218    151
   151    218    219
   151    219    220
   151    220    152
   153    152    220
   153    220    221
   153    221    222
   153    222    155
   153    155    154
   155    222    223
   155    223    224
   155    224    225
   155    225    226
   155    226    159
   155    159    157
   155    157    156
   225    227    228
   225    228    229
   225    229    226
   226    229    230
   226    230    160
   226    160    159
   228    231    232
   228    232    230
   228    230    229
   161    160    230
   161    230    232
   161    232    233
   161    233    163
   161    163    162
   163    233    234
   163    234    235
   163    235    164
   234    236    237
   234    237    238
   234    238    239
   234    239    235
   164    235    239
   164    239    240
   164    240    166
   164    166    165
   166    240    241
   166    241    242
   166    242    168
   166    168    167
   168    242    171
   168    171    170
   168    170    169
   168    169    104
   168    104    103
   171    242    241
   171    241    243
   171    243    244
   171    244    245
   171    245    172
   172    245    246
   172    246    175
   172    175    174
   172    174    173
   246    247    248
   246    248    249
   246    249    250
   246    250    251
   246    251    176
   246    176    175
   176    251    252
   176    252    253
   176    253    177
   250    254    255
   250    255    256
   250    256    257
   250    257    252
   250    252    251
   177    253    258
   177    258    180
   177    180    178
   252    257    259
   252    259    258
   252    258    253
   258    259    260
   258    260    261
   258    261    181
   258    181    180
   183    182    181
   183    181    261
   183    261    262
   183    262    263
   183    263    184
   184    263    264
   184    264    186
   184    186    185
   186    264    265
   186    265    266
   186    266    189
   186    189    188
   186    188    187
   189    266    267
   189    267    268
   189    268    190
   190    268    269
   190    269    270
   190    270    192
   190    192    191
   269    271    272
   269    272    273
   269    273    274
   269    274    270
   192    270    274
   192    274    194
   192    194    193
   194    274    273
   194    273    275
   194    275    276
   194    276    195
   125    195    276
   125    276    277
   125    277    278
   125    278    197
   125    197    196
   125    196    126
   278    279    280
   278    280    198
   278    198    197
   281    282    283
   281    283    280
   281    280    279
   200    199    198
   200    198    280
   200    280    283
   200    283    284
   200    284    285
   200    285    202
   200    202    201
   285    284    286
   285    286    287
   285    287    288
   285    288    289
   203    202    285
   203    285    289
   203    289    205
   203    205    204
   205    289    288
   205    288    290
   205    290    291
   205    291    292
   205    292    206
   206    292    293
   206    293    208
   206    208    207
   208    293    294
   208    294    295
   208    295    210
   208    210    209
   210    295    296
   210    296    146
   210    146    145
   146    296    297
   146    297    211
   146    211    147
   214    213    298
   214    298    215
   215    298    299
   215    299    216
   216    299    300
   216    300    301
   216    301    302
   216    302    217
   217    302    303
   217    303    304
   217    304    219
   217    219    218
   220    219    304
   220    304    305
   220    305    306
   220    306    307
   220    307    221
   221    307    308
   221    308    309
   221    309    223
   221    223    222
   223    309    310
   223    310    311
   223    311    312
   223    312    313
   223    313    224
   224    313    314
   224    314    227
   224    227    225
   312    315    316
   312    316    314
   312    314    313
   314    316    317
   314    317    231
   314    231    228
   314    228    227
   318    319    320
   318    320    317
   318    317    316
   318    316    315
   232    231    317
   232    317    320
   232    320    236
   232    236    234
   232    234    233
   320    319    321
   320    321    322
   320    322    237
   320    237    236
   237    322    323
   237    323    324
   237    324    325
   237    325    326
   237    326    238
   326    325    327
   326    327    328
   326    328    329
   239    238    326
   239    326    329
   239    329    330
   239    330    331
   239    331    332
   239    332    243
   239    243    241
   239    241    240
   243    332    333
   243    333    334
   243    334    244
   244    334    335
   244    335    336
   244    336    247
   244    247    246
   244    246    245
   336    337    338
   336    338    248
   336    248    247
   248    338    339
   248    339    340
   248    340    341
   248    341    249
   340    342    343
   340    343    341
   249    341    343
   249    343    344
   249    344    254
   249    254    250
   344    345    346
   344    346    255
   344    255    254
   255    346    347
   255    347    256
   256    347    348
   256    348    260
   256    260    259
   256    259    257
   261    260    348
   261    348    349
   261    349    262
   262    349    350
   262    350    351
   262    351    265
   262    265    264
   262    264    263
   265    351    352
   265    352    353
   265    353    354
   265    354    355
   265    355    267
   265    267    266
   267    355    356
   267    356    271
   267    271    269
   267    269    268
   354    357    358
   354    358    356
   354    356    355
   356    358    359
   356    359    272
   356    272    271
   360    359    358
   360    358    357
   360    357    361
   360    361    362
   273    272    359
   273    359    360
   273    360    275
   276    275    360
   276    360    362
   276    362    363
   276    363    364
   276    364    365
   276    365    277
   277    365    366
   277    366    281
   277    281    279
   277    279    278
   366    367    368
   366    368    369
   366    369    282
   366    282    281
   368    370    371
   368    371    372
   368    372    373
   368    373    369
   286    373    372
   286    372    374
   286    374    287
   374    372    371
   374    371    375
   374    375    376
   374    376    377
   374    377    378
   288    287    374
   288    374    378
   288    378    290
   290    378    377
   290    377    379
   290    379    380
   290    380    381
   290    381    291
   291    381    382
   291    382    294
   291    294    293
   291    293    292
   294    382    383
   294    383    384
   294    384    297
   294    297    296
   294    296    295
   297    384    385
   297    385    300
   297    300    299
   297    299    298
   297    298    213
   297    213    212
   297    212    211
   383    386    387
   383    387    388
   383    388    385
   383    385    384
   300    385    388
   300    388    301
   301    388    387
   301    387    389
   301    389    303
   301    303    302
   304    303    389
   304    389    390
   304    390    391
   304    391    305
   305    391    392
   305    392    393
   305    393    394
   305    394    306
   306    394    395
   306    395    396
   306    396    308
   306    308    307
   308    396    397
   308    397    398
   308    398    310
   308    310    309
   310    398    399
   310    399    400
   310    400    401
   310    401    311
   311    401    402
   311    402    318
   311    318    315
   311    315    312
   400    403    404
   400    404    405
   400    405    402
   400    402    401
   402    405    406
   402    406    321
   402    321    319
   402    319    318
   404    407    324
   404    324    323
   404    323    406
   404    406    405
   406    323    322
   406    322    321
   329    328    408
   329    408    409
   329    409    330
   330    409    410
   330    410    411
   330    411    412
   330    412    331
   331    412    413
   331    413    414
   331    414    415
   331    415    333
   331    333    332
   333    415    416
   333    416    417
   333    417    335
   333    335    334
   335    417    418
   335    418    419
   335    419    337
   335    337    336
   419    420    421
   419    421    422
   419    422    339
   419    339    338
   419    338    337
   339    422    423
   339    423    342
   339    342    340
   421    424    425
   421    425    423
   421    423    422
   343    342    423
   343    423    425
   343    425    345
   343    345    344
   348    347    346
   348    346    345
   348    345    425
   348    425    424
   348    424    426
   348    426    350
   348    350    349
   350    426    427
   350    427    428
   350    428    429
   350    429    352
   350    352    351
   352    429    430
   352    430    431
   352    431    432
   352    432    353
   431    433    434
   431    434    435
   431    435    436
   431    436    432
   353    432    436
   353    436    437
   353    437    361
   353    361    357
   353    357    354
   437    436    435
   437    435    438
   437    438    439
   362    361    437
   362    437    439
   362    439    363
   363    439    438
   363    438    440
   363    440    441
   363    441    442
   363    442    364
   364    442    443
   364    443    444
   364    444    445
   364    445    367
   364    367    366
   364    366    365
   445    446    370
   445    370    368
   445    368    367
   371    370    446
   371    446    447
   371    447    448
   371    448    375
   375    448    449
   375    449    450
   375    450    376
   450    449    451
   450    451    452
   377    376    450
   377    450    452
   377    452    453
   377    453    454
   377    454    455
   377    455    379
   379    455    456
   379    456    457
   379    457    380
   380    457    458
   380    458    459
   380    459    460
   380    460    461
   380    461    386
   380    386    383
   380    383    382
   380    382    381
   461    460    462
   461    462    463
   461    463    464
   389    387    386
   389    386    461
   389    461    464
   389    464    390
   390    464    463
   390    463    465
   390    465    392
   390    392    391
   392    465    466
   392    466    467
   392    467    393
   393    467    468
   393    468    469
   393    469    395
   393    395    394
   395    469    470
   395    470    471
   395    471    397
   395    397    396
   397    471    472
   397    472    473
   397    473    399
   397    399    398
   399    473    474
   399    474    403
   399    403    400
   474    475    407
   474    407    404
   474    404    403
   327    476    477
   327    477    408
   327    408    328
   324    407    475
   324    475    476
   324    476    327
   324    327    325
   411    478    479
   411    479    413
   411    413    412
   413    479    480
   413    480    481
   413    481    414
   414    481    482
   414    482    483
   414    483    416
   414    416    415
   416    483    484
   416    484    485
   416    485    486
   416    486    418
   416    418    417
   418    486    487
   418    487    420
   418    420    419
   485    488    489
   485    489    487
   485    487    486
   487    489    427
   487    427    426
   487    426    424
   487    424    421
   487    421    420
   427    489    488
   427    488    490
   427    490    491
   427    491    428
   428    491    492
   428    492    493
   428    493    494
   428    494    495
   428    495    496
   428    496    430
   428    430    429
   430    496    497
   430    497    433
   430    433    431
   434    433    497
   434    497    498
   434    498    499
   434    499    500
   434    500    501
   438    435    434
   438    434    501
   438    501    440
   440    501    500
   440    500    502
   440    502    441
   441    502    503
   441    503    443
   441    443    442
   444    504    447
   444    447    446
   444    446    445
   505    506    451
   505    451    449
   505    449    448
   505    448    447
   505    447    504
   452    451    506
   452    506    453
   454    507    508
   454    508    456
   454    456    455
   456    508    509
   456    509    510
   456    510    458
   456    458    457
   458    510    511
   458    511    512
   458    512    513
   458    513    459
   459    513    514
   459    514    462
   459    462    460
   463    462    514
   463    514    515
   463    515    466
   463    466    465
   466    515    516
   466    516    468
   466    468    467
   468    516    517
   468    517    518
   468    518    519
   468    519    470
   468    470    469
   470    519    520
   470    520    521
   470    521    472
   470    472    471
   472    521    522
   472    522    477
   472    477    476
   472    476    475
   472    475    474
   472    474    473
   410    522    521
   410    521    520
   410    520    523
   410    523    478
   410    478    411
   408    477    522
   408    522    410
   408    410    409
   480    524    525
   480    525    526
   480    526    482
   480    482    481
   525    527    528
   525    528    529
   525    529    526
   482    526    529
   482    529    530
   482    530    531
   482    531    532
   482    532    484
   482    484    483
   531    533    534
   531    534    535
   531    535    532
   484    532    535
   484    535    536
   484    536    537
   484    537    538
   484    538    490
   484    490    488
   484    488    485
   538    539    492
   538    492    491
   538    491    490
   492    539    540
   492    540    541
   492    541    493
   495    498    497
   495    497    496
   494    542    543
   494    543    499
   494    499    498
   494    498    495
   500    499    543
   500    543    544
   500    544    503
   500    503    502
   443    503    544
   443    544    545
   443    545    505
   443    505    504
   443    504    444
   453    506    505
   453    505    545
   453    545    546
   453    546    547
   453    547    507
   453    507    454
   547    548    509
   547    509    508
   547    508    507
   509    548    549
   509    549    511
   509    511    510
   511    549    550
   511    550    512
   514    513    512
   514    512    550
   514    550    551
   514    551    517
   514    517    516
   514    516    515
   517    551    552
   517    552    553
   517    553    518
   518    553    554
   518    554    555
   518    555    556
   518    556    557
   518    557    523
   518    523    520
   518    520    519
   556    527    525
   556    525    524
   556    524    557
   523    557    524
   523    524    480
   523    480    479
   523    479    478
   529    528    558
   529    558    559
   529    559    560
   529    560    530
   530    560    561
   530    561    562
   530    562    533
   530    533    531
   562    563    564
   562    564    534
   562    534    533
   537    540    539
   537    539    538
   536    565    566
   536    566    541
   536    541    540
   536    540    537
   493    541    566
   493    566    567
   493    567    542
   493    542    494
   544    543    542
   544    542    567
   544    567    568
   544    568    569
   544    569    546
   544    546    545
   568    570    571
   568    571    572
   568    572    569
   546    569    572
   546    572    552
   546    552    551
   546    551    550
   546    550    549
   546    549    548
   546    548    547
   552    572    571
   552    571    554
   552    554    553
   554    571    570
   554    570    573
   554    573    559
   554    559    558
   554    558    555
   555    558    528
   555    528    527
   555    527    556
   561    574    563
   561    563    562
   535    534    564
   535    564    565
   535    565    536
   567    566    565
   567    565    564
   567    564    563
   567    563    574
   567    574    573
   567    573    570
   567    570    568
   573    574    561
   573    561    560
   573    560    559
   283    282    369
   283    369    373
   283    373    286
   283    286    284
