402 800
   -6.967972    12.969707    63.507757
    3.542828    12.969707    66.286757
   -6.967972    23.538207    62.008957
  -17.117472    12.969707    59.368857
   -6.967972     2.838907    63.594457
   14.155228    12.969707    67.040157
    7.403328    27.485807    64.102357
   -6.967972    33.189807    59.310457
  -20.565572    27.253607    54.619257
  -26.403472    12.969707    54.664757
  -20.672572    -0.515093    59.044057
   -6.967972    -6.377893    62.661657
    7.433728    -1.375393    65.853757
   24.682928    12.969707    65.567057
   19.224828    27.743307    62.606757
    7.110928    37.735307    59.823557
   -6.967972    40.806607    56.089257
  -20.189572    36.799507    51.314657
  -30.143672    26.902507    48.578757
  -34.264272    12.969707    49.955657
  -31.012872    -0.597193    54.835957
  -20.884772   -10.344793    59.380457
   -6.967972   -15.198893    61.285057
    7.610028   -12.747793    63.177757
   19.823728    -2.241993    65.796357
   34.746228    12.969707    62.137357
   29.532028    27.285507    58.714857
   19.045728    38.207807    56.696457
    6.269528    45.050507    55.642757
   -6.967972    46.508107    52.925157
  -19.338172    42.860607    48.563957
  -29.764772    35.825707    44.898757
  -37.025672    25.700307    43.593457
  -40.495372    12.969707    45.430157
  -39.322272    -0.178393    50.276657
  -32.447572   -11.310093    55.927257
  -20.900572   -19.573193    59.136657
   -6.967972   -24.458393    59.645057
    7.492728   -23.433993    60.166757
   21.056528   -15.332593    62.200757
   31.485428    -2.344993    63.778157
   43.746028    12.969707    57.175157
   38.135728    26.552207    53.518557
   28.878328    37.103607    51.557657
   17.914228    45.441007    51.733657
    5.638128    50.976107    51.887157
   -6.967972    51.501207    49.818957
  -18.717072    47.437507    45.967857
  -28.875572    41.279807    42.256157
  -36.720772    33.828407    39.870057
  -42.096072    24.435107    39.300757
  -45.475472    12.969707    40.995157
  -46.207072     0.304107    45.134357
  -42.390672   -11.844393    50.744357
  -33.515272   -21.892193    55.465657
  -21.133772   -29.629893    57.443657
   -6.967972   -34.547093    57.235257
    7.572628   -34.180593    56.865757
   21.421628   -27.305693    57.751657
   33.786828   -15.988193    59.451257
   42.346128    -2.124993    59.744957
   51.182428    12.969707    50.934057
   44.730028    25.734407    47.560357
   36.235228    35.323107    45.606857
   27.298328    43.501907    45.847257
   17.163628    51.447607    47.293457
    5.365828    57.056807    47.826957
   -6.967972    57.212807    46.085857
  -18.468072    52.487007    42.791157
  -28.469872    46.046607    39.488057
  -36.461972    39.455907    37.009757
  -42.203172    32.215107    35.538257
  -46.406472    23.497907    35.238857
  -49.964372    12.969707    36.457857
  -52.275172     0.701607    39.448757
  -51.121972   -12.339493    43.889857
  -44.953272   -24.161693    48.571657
  -34.519672   -33.493393    51.937457
  -21.460172   -40.569193    53.259557
   -6.967972   -44.994493    53.052157
    7.772828   -44.621493    52.448457
   21.704928   -38.335793    52.446857
   34.530728   -28.043293    53.332457
   45.515928   -15.789893    54.264257
   51.918328    -1.811593    53.662857
   57.033128    12.969707    43.437857
   49.539128    24.993607    40.827657
   41.257428    33.500507    39.122557
   33.836428    40.612007    39.036757
   26.285628    48.732507    40.343357
   16.873628    57.783007    41.901157
    5.306028    64.279507    42.223357
   -6.967972    64.529207    40.710657
  -18.452372    59.241807    38.113757
  -28.529972    52.085407    35.537557
  -36.843172    45.288207    33.526657
  -43.012972    38.742307    32.105857
  -47.322372    31.521707    31.217757
  -50.900072    23.034207    30.984857
  -54.650372    12.969707    31.664757
  -57.996672     0.993207    33.451657
  -58.775072   -12.610593    36.264257
  -54.946772   -26.089493    39.608957
  -46.513072   -37.230593    42.710557
  -34.980972   -45.407793    44.929557
  -21.567472   -51.301793    46.058357
   -6.967972   -54.692493    46.263657
    7.822828   -53.883893    45.936557
   21.730028   -47.967493    45.594757
   34.521128   -38.510293    45.674457
   46.317028   -27.613893    46.180757
   55.789928   -15.525993    46.473457
   59.901828    -1.568693    45.634057
   61.773328    12.969707    34.685157
   53.354328    24.439907    33.073857
   44.875128    32.079507    31.870357
   38.087028    37.992707    31.554457
   32.345128    44.938407    32.188657
   25.711128    54.385307    33.372357
   16.596528    65.058107    34.318257
    5.166028    72.641407    34.279357
   -6.967972    73.290907    33.137457
  -18.383972    67.814107    31.430757
  -28.581472    60.080007    29.790957
  -37.365672    52.773307    28.518857
  -44.330772    46.188807    27.597957
  -49.267572    39.438807    26.910957
  -52.776172    31.774907    26.425357
  -56.017572    22.995407    26.241957
  -59.733472    12.969707    26.518257
  -63.387072     1.267907    27.360957
  -65.104372   -12.287193    28.749157
  -62.872572   -26.608693    30.505757
  -56.203872   -39.447093    32.351757
  -46.266172   -49.153193    34.033557
  -34.405772   -55.871693    35.406557
  -21.202372   -60.458293    36.394857
   -6.967972   -62.759493    36.928057
    7.487528   -61.505693    36.991857
   21.140628   -56.013793    36.737357
   33.687228   -47.460693    36.464357
   45.528028   -37.742393    36.423857
   56.442028   -27.446193    36.593257
   64.377128   -15.562993    36.611357
   66.392528    -1.449993    36.013457
   65.958928    12.969707    24.891857
   57.049728    24.079407    24.215157
   48.284528    31.234007    23.632757
   41.433628    36.311107    23.355857
   36.305428    41.901407    23.467457
   31.410828    49.960407    23.893057
   24.912428    60.968007    24.402557
   15.810628    72.814607    24.683057
    4.679828    80.999807    24.518757
   -6.967972    82.084807    23.942757
  -17.991972    76.954707    23.185357
  -28.077272    69.257407    22.483357
  -37.198772    61.781907    21.952157
  -45.053472    55.146307    21.584457
  -51.154172    48.585907    21.313857
  -55.427672    41.177807    21.085857
  -58.532572    32.624307    20.901357
  -61.448872    23.174607    20.812757
  -64.716772    12.969707    20.884857
  -67.883572     1.686507    21.156957
  -69.515072   -11.059893    21.621557
  -67.994672   -24.892593    22.226857
  -62.695272   -38.316593    22.901157
  -54.341672   -49.548093    23.589457
  -44.142672   -57.827893    24.272057
  -32.790772   -63.621093    24.939357
  -20.363072   -67.534193    25.546757
   -6.967972   -69.309393    25.998857
    6.736428   -67.982593    26.199757
   19.838028   -63.072993    26.138557
   31.955328   -55.453693    25.924857
   43.452228   -46.717893    25.723557
   54.658128   -37.717893    25.645457
   64.709828   -27.841993    25.671457
   71.188028   -15.755893    25.654957
   71.617828    -1.349493    25.416057
   69.671228    12.969707    14.503457
   60.978928    23.793407    14.503457
   52.225428    30.851807    14.503457
   45.091128    35.642807    14.503457
   39.755328    40.350507    14.503457
   35.297128    46.831507    14.503457
   30.262628    56.167207    14.503457
   23.377228    67.999307    14.503457
   14.294728    79.781707    14.503457
    3.782328    87.548307    14.503457
   -6.967972    88.788507    14.503457
  -17.195472    84.455007    14.503457
  -26.779272    77.587507    14.503457
  -35.830972    70.664507    14.503457
  -44.218372    64.450607    14.503457
  -51.454772    58.369507    14.503457
  -57.048272    51.413507    14.503457
  -60.974572    43.011707    14.503457
  -63.776572    33.403207    14.503457
  -66.180272    23.255207    14.503457
  -68.563172    12.969707    14.503457
  -70.624472     2.389307    14.503457
  -71.437872    -8.913593    14.503457
  -69.942772   -21.072493    14.503457
  -65.629272   -33.527493    14.503457
  -58.845572   -45.180093    14.503457
  -50.413672   -55.066093    14.503457
  -40.967472   -62.899893    14.503457
  -30.638672   -68.912293    14.503457
  -19.282472   -73.200693    14.503457
   -6.967972   -75.291293    14.503457
    5.743928   -74.389793    14.503457
   18.066728   -70.175193    14.503457
   29.576128   -63.347793    14.503457
   40.479628   -55.253093    14.503457
   51.233128   -46.886493    14.503457
   61.747528   -38.172993    14.503457
   70.735828   -28.057693    14.503457
   75.915828   -15.508393    14.503457
   75.461228    -1.012193    14.503457
   72.204528    12.969707     3.927557
   62.764328    25.235307     4.429757
   53.157428    32.991407     4.967357
   45.407928    38.557907     5.346557
   39.388328    44.877107     5.465357
   33.576628    54.116507     5.359757
   26.167428    66.769007     5.187957
   16.328928    80.399707     5.153657
    4.798428    89.990607     5.379457
   -6.967972    91.924707     5.822957
  -18.123072    87.397707     6.322757
  -28.724372    80.382707     6.722257
  -39.020472    73.631807     6.952057
  -48.697672    67.300407     7.036157
  -56.842372    59.900907     7.050257
  -62.692972    50.076307     7.063057
  -66.363772    38.019207     7.090557
  -68.671272    25.234107     7.094557
  -70.293472    12.969707     7.020857
  -71.118872     1.275307     6.842857
  -70.295272   -10.577593     6.576257
  -66.939072   -23.142393     6.259657
  -60.910672   -36.184893     5.912457
  -52.845472   -48.830593     5.506457
  -43.427472   -60.239993     4.980457
  -32.778972   -69.947093     4.297857
  -20.614372   -77.414193     3.512957
   -6.967972   -81.498693     2.798557
    7.317828   -80.871593     2.378857
   21.065428   -75.322293     2.376157
   33.770328   -66.383493     2.703957
   45.876228   -56.190693     3.127757
   57.876228   -45.722893     3.432157
   68.975628   -34.162193     3.542557
   76.570528   -19.976193     3.547057
   77.770128    -3.264393     3.627957
   72.283928    12.969707    -6.749043
   63.190728    26.577607    -5.756343
   53.398528    35.533907    -4.616843
   45.081028    42.853607    -3.766843
   37.674228    51.980107    -3.400943
   29.231728    64.631907    -3.369543
   18.416428    78.980907    -3.306643
    5.801928    89.462707    -2.912043
   -6.967972    91.640007    -2.196443
  -19.029272    87.040807    -1.441343
  -30.677772    80.316407    -0.937743
  -42.225072    73.896807    -0.789243
  -52.938672    66.730107    -0.900143
  -61.313072    56.420707    -1.095743
  -66.475872    42.429207    -1.273843
  -68.923972    27.085807    -1.468443
  -69.663972    12.969707    -1.774443
  -69.041772     0.518507    -2.226743
  -66.584672   -11.494293    -2.762743
  -61.781372   -24.368293    -3.311943
  -54.739272   -38.521293    -3.925043
  -45.880772   -53.435093    -4.791643
  -35.191072   -67.969093    -6.089143
  -22.200672   -80.256993    -7.756243
   -6.967972   -87.487193    -9.356443
    9.145228   -87.086693   -10.248143
   24.345728   -79.137193   -10.085943
   38.060728   -66.755193    -9.166443
   50.991228   -53.191493    -8.161143
   63.316828   -39.160193    -7.561843
   72.986028   -23.240493    -7.388443
   76.457728    -4.915193    -7.262543
   68.857428    12.969707   -17.747143
   61.191528    27.770407   -16.212943
   51.851028    38.616007   -14.390543
   42.766628    48.860007   -12.988743
   32.979628    61.599107   -12.251543
   20.959128    76.173607   -11.851743
    7.042828    87.038607   -11.302443
   -6.967972    89.211107   -10.468443
  -20.172972    84.542707    -9.658943
  -33.047972    77.978207    -9.248543
  -45.716272    70.961407    -9.332543
  -56.686672    60.993407    -9.730343
  -63.952272    46.113807   -10.237943
  -67.095372    28.740407   -10.831143
  -67.273672    12.969707   -11.597643
  -65.507072    -0.173593   -12.520143
  -61.912772   -12.604993   -13.439343
  -56.271672   -26.661693   -14.303743
  -48.450872   -43.526793   -15.393843
  -38.008472   -62.482893   -17.139243
  -24.131272   -80.248593   -19.598143
   -6.967972   -91.085293   -22.048643
   11.209928   -90.075493   -23.280243
   27.675728   -78.070393   -22.708443
   41.835228   -60.906393   -21.057443
   54.567428   -43.117593   -19.573343
   65.270428   -25.027993   -18.852143
   70.830528    -5.727593   -18.513643
   61.935528    12.969707   -29.217943
   56.217128    28.922007   -27.132043
   47.502228    42.391507   -24.663143
   37.034528    56.377107   -22.785143
   24.003628    71.640207   -21.695143
    8.656528    83.238407   -20.875343
   -6.967972    85.688907   -19.935543
  -21.733572    80.900607   -19.072043
  -36.022272    73.665407   -18.671443
  -49.288772    64.018807   -18.815443
  -59.089672    49.131707   -19.349743
  -63.690072    30.370807   -20.223843
  -63.957972    12.969707   -21.494243
  -61.610672    -1.274693   -23.024643
  -57.350072   -15.102093   -24.517843
  -50.835372   -32.046093   -26.037843
  -40.961372   -53.412593   -28.177643
  -26.259372   -75.572093   -31.270343
   -6.967972   -89.167593   -34.418943
   13.225728   -86.003793   -35.826543
   30.341528   -68.743793   -34.786243
   43.909728   -46.974193   -32.658143
   54.826928   -26.035093   -31.109143
   61.669028    -5.954593   -30.316043
   52.636428    12.969707   -40.698843
   48.528028    30.279607   -38.260643
   39.801628    46.883807   -35.438043
   26.954228    63.936607   -33.361043
   10.533328    77.395707   -31.998043
   -6.967972    80.979607   -30.724143
  -23.691072    75.963807   -29.463043
  -39.295872    66.558107   -28.581243
  -51.969472    51.984107   -28.312743
  -58.886772    32.275707   -28.813543
  -60.024772    12.969707   -30.209643
  -57.536672    -3.246293   -32.249943
  -52.406172   -19.974993   -34.512943
  -43.409772   -41.388193   -37.221843
  -28.201872   -65.400893   -40.886443
   -6.967972   -79.769193   -44.641843
   14.714728   -73.127693   -46.271543
   31.463428   -51.346593   -45.156743
   43.193528   -27.474893   -43.269443
   50.713428    -6.205593   -42.043943
   42.319928    12.969707   -50.816943
   38.771028    32.094307   -48.498143
   28.546328    51.552007   -45.779743
   12.274128    68.076907   -43.619943
   -6.967972    73.912207   -41.553243
  -25.752272    68.345707   -39.211743
  -41.903572    54.877007   -37.151843
  -52.114472    34.625107   -36.217043
  -54.887172    12.969707   -36.977843
  -52.174972    -6.324993   -39.221043
  -44.551072   -27.141493   -42.433343
  -29.500172   -50.585293   -46.667043
   -6.967972   -63.836993   -51.095543
   15.285428   -53.699393   -53.301743
   30.549828   -30.045793   -52.898343
   39.331228    -7.087993   -51.968343
   31.648428    12.969707   -57.728243
   27.175428    34.362007   -55.998643
   13.294028    54.280707   -53.368443
   -6.967972    63.184607   -50.120643
  -27.360272    56.197807   -46.066043
  -42.152372    37.101707   -42.727643
  -47.317172    12.969707   -42.012543
  -43.345172   -10.088293   -44.223643
  -29.818672   -32.760993   -48.585143
   -6.967972   -44.519193   -53.746943
   14.860228   -32.038193   -56.977443
   27.489728    -8.849193   -57.908743
   20.321328    12.969707   -60.263843
   12.861228    36.156607   -58.910643
   -6.967972    48.577207   -54.741043
  -27.602572    38.208607   -49.068543
  -36.337572    12.969707   -46.228043
  -28.709072   -12.469093   -48.622043
   -6.967972   -24.729593   -54.176343
   13.359828   -10.629493   -58.590343
    7.556028    12.969707   -58.809243
   -6.967972    31.298407   -55.738943
  -22.286572    12.969707   -50.498243
   -6.967972    -5.632093   -54.277843
   -6.967972    12.969707   -54.985143
     1      2      3
     1      3      4
     1      4      5
     1      5      2
     2      6      7
     7      3      2
     3      7      8
     3      8      9
     9      4      3
     4      9     10
     4     10     11
    11      5      4
     5     11     12
     5     12     13
    13      2      5
     2     13      6
     6     14     15
    15      7      6
     7     15     16
    16      8      7
     8     16     17
     8     17     18
    18      9      8
     9     18     19
    19     10      9
    10     19     20
    10     20     21
    21     11     10
    11     21     22
    22     12     11
    12     22     23
    12     23     24
    24     13     12
    13     24     25
    25      6     13
     6     25     14
    14     26     27
    27     15     14
    15     27     28
    28     16     15
    16     28     29
    29     17     16
    17     29     30
    17     30     31
    31     18     17
    18     31     32
    32     19     18
    19     32     33
    33     20     19
    20     33     34
    20     34     35
    35     21     20
    21     35     36
    36     22     21
    22     36     37
    37     23     22
    23     37     38
    23     38     39
    39     24     23
    24     39     40
    40     25     24
    25     40     41
    41     14     25
    14     41     26
    26     42     43
    43     27     26
    27     43     44
    44     28     27
    28     44     45
    45     29     28
    29     45     46
    46     30     29
    30     46     47
    30     47     48
    48     31     30
    31     48     49
    49     32     31
    32     49     50
    50     33     32
    33     50     51
    51     34     33
    34     51     52
    34     52     53
    53     35     34
    35     53     54
    54     36     35
    36     54     55
    55     37     36
    37     55     56
    56     38     37
    38     56     57
    38     57     58
    58     39     38
    39     58     59
    59     40     39
    40     59     60
    60     41     40
    41     60     61
    61     26     41
    26     61     42
    42     62     63
    63     43     42
    43     63     64
    64     44     43
    44     64     65
    65     45     44
    45     65     66
    66     46     45
    46     66     67
    67     47     46
    47     67     68
    47     68     69
    69     48     47
    48     69     70
    70     49     48
    49     70     71
    71     50     49
    50     71     72
    72     51     50
    51     72     73
    73     52     51
    52     73     74
    52     74     75
    75     53     52
    53     75     76
    76     54     53
    54     76     77
    77     55     54
    55     77     78
    78     56     55
    56     78     79
    79     57     56
    57     79     80
    57     80     81
    81     58     57
    58     81     82
    82     59     58
    59     82     83
    83     60     59
    60     83     84
    84     61     60
    61     84     85
    85     42     61
    42     85     62
    62     86     87
    87     63     62
    63     87     88
    88     64     63
    64     88     89
    89     65     64
    65     89     90
    90     66     65
    66     90     91
    91     67     66
    67     91     92
    92     68     67
    68     92     93
    68     93     94
    94     69     68
    69     94     95
    95     70     69
    70     95     96
    96     71     70
    71     96     97
    97     72     71
    72     97     98
    98     73     72
    73     98     99
    99     74     73
    74     99    100
    74    100    101
   101     75     74
    75    101    102
   102     76     75
    76    102    103
   103     77     76
    77    103    104
   104     78     77
    78    104    105
   105     79     78
    79    105    106
   106     80     79
    80    106    107
    80    107    108
   108     81     80
    81    108    109
   109     82     81
    82    109    110
   110     83     82
    83    110    111
   111     84     83
    84    111    112
   112     85     84
    85    112    113
   113     62     85
    62    113     86
    86    114    115
   115     87     86
    87    115    116
   116     88     87
    88    116    117
   117     89     88
    89    117    118
   118     90     89
    90    118    119
   119     91     90
    91    119    120
   120     92     91
    92    120    121
   121     93     92
    93    121    122
    93    122    123
   123     94     93
    94    123    124
   124     95     94
    95    124    125
   125     96     95
    96    125    126
   126     97     96
    97    126    127
   127     98     97
    98    127    128
   128     99     98
    99    128    129
   129    100     99
   100    129    130
   100    130    131
   131    101    100
   101    131    132
   132    102    101
   102    132    133
   133    103    102
   103    133    134
   134    104    103
   104    134    135
   135    105    104
   105    135    136
   136    106    105
   106    136    137
   137    107    106
   107    137    138
   107    138    139
   139    108    107
   108    139    140
   140    109    108
   109    140    141
   141    110    109
   110    141    142
   142    111    110
   111    142    143
   143    112    111
   112    143    144
   144    113    112
   113    144    145
   145     86    113
    86    145    114
   114    146    147
   147    115    114
   115    147    148
   148    116    115
   116    148    149
   149    117    116
   117    149    150
   150    118    117
   118    150    151
   151    119    118
   119    151    152
   152    120    119
   120    152    153
   153    121    120
   121    153    154
   154    122    121
   122    154    155
   122    155    156
   156    123    122
   123    156    157
   157    124    123
   124    157    158
   158    125    124
   125    158    159
   159    126    125
   126    159    160
   160    127    126
   127    160    161
   161    128    127
   128    161    162
   162    129    128
   129    162    163
   163    130    129
   130    163    164
   130    164    165
   165    131    130
   131    165    166
   166    132    131
   132    166    167
   167    133    132
   133    167    168
   168    134    133
   134    168    169
   169    135    134
   135    169    170
   170    136    135
   136    170    171
   171    137    136
   137    171    172
   172    138    137
   138    172    173
   138    173    174
   174    139    138
   139    174    175
   175    140    139
   140    175    176
   176    141    140
   141    176    177
   177    142    141
   142    177    178
   178    143    142
   143    178    179
   179    144    143
   144    179    180
   180    145    144
   145    180    181
   181    114    145
   114    181    146
   146    182    183
   183    147    146
   147    183    184
   184    148    147
   148    184    185
   185    149    148
   149    185    186
   186    150    149
   150    186    187
   187    151    150
   151    187    188
   188    152    151
   152    188    189
   189    153    152
   153    189    190
   190    154    153
   154    190    191
   191    155    154
   155    191    192
   155    192    193
   193    156    155
   156    193    194
   194    157    156
   157    194    195
   195    158    157
   158    195    196
   196    159    158
   159    196    197
   197    160    159
   160    197    198
   198    161    160
   161    198    199
   199    162    161
   162    199    200
   200    163    162
   163    200    201
   201    164    163
   164    201    202
   164    202    203
   203    165    164
   165    203    204
   204    166    165
   166    204    205
   205    167    166
   167    205    206
   206    168    167
   168    206    207
   207    169    168
   169    207    208
   208    170    169
   170    208    209
   209    171    170
   171    209    210
   210    172    171
   172    210    211
   211    173    172
   173    211    212
   173    212    213
   213    174    173
   174    213    214
   214    175    174
   175    214    215
   215    176    175
   176    215    216
   216    177    176
   177    216    217
   217    178    177
   178    217    218
   218    179    178
   179    218    219
   219    180    179
   180    219    220
   220    181    180
   181    220    221
   221    146    181
   146    221    182
   222    183    182
   223    183    222
   223    184    183
   224    184    223
   224    185    184
   225    185    224
   225    186    185
   226    186    225
   226    187    186
   227    187    226
   227    188    187
   228    188    227
   228    189    188
   229    189    228
   229    190    189
   230    190    229
   230    191    190
   231    191    230
   231    192    191
   231    193    192
   232    193    231
   232    194    193
   233    194    232
   233    195    194
   234    195    233
   234    196    195
   235    196    234
   235    197    196
   236    197    235
   236    198    197
   237    198    236
   237    199    198
   238    199    237
   238    200    199
   239    200    238
   239    201    200
   240    201    239
   240    202    201
   240    203    202
   241    203    240
   241    204    203
   242    204    241
   242    205    204
   243    205    242
   243    206    205
   244    206    243
   244    207    206
   245    207    244
   245    208    207
   246    208    245
   246    209    208
   247    209    246
   247    210    209
   248    210    247
   248    211    210
   249    211    248
   249    212    211
   249    213    212
   250    213    249
   250    214    213
   251    214    250
   251    215    214
   252    215    251
   252    216    215
   253    216    252
   253    217    216
   254    217    253
   254    218    217
   255    218    254
   255    219    218
   256    219    255
   256    220    219
   257    220    256
   257    221    220
   222    221    257
   222    182    221
   258    223    222
   259    223    258
   259    224    223
   260    224    259
   260    225    224
   261    225    260
   261    226    225
   262    226    261
   262    227    226
   263    227    262
   263    228    227
   264    228    263
   264    229    228
   265    229    264
   265    230    229
   266    230    265
   266    231    230
   266    232    231
   267    232    266
   267    233    232
   268    233    267
   268    234    233
   269    234    268
   269    235    234
   270    235    269
   270    236    235
   271    236    270
   271    237    236
   272    237    271
   272    238    237
   273    238    272
   273    239    238
   274    239    273
   274    240    239
   274    241    240
   275    241    274
   275    242    241
   276    242    275
   276    243    242
   277    243    276
   277    244    243
   278    244    277
   278    245    244
   279    245    278
   279    246    245
   280    246    279
   280    247    246
   281    247    280
   281    248    247
   282    248    281
   282    249    248
   282    250    249
   283    250    282
   283    251    250
   284    251    283
   284    252    251
   285    252    284
   285    253    252
   286    253    285
   286    254    253
   287    254    286
   287    255    254
   288    255    287
   288    256    255
   289    256    288
   289    257    256
   258    257    289
   258    222    257
   290    259    258
   291    259    290
   291    260    259
   292    260    291
   292    261    260
   293    261    292
   293    262    261
   294    262    293
   294    263    262
   295    263    294
   295    264    263
   296    264    295
   296    265    264
   297    265    296
   297    266    265
   297    267    266
   298    267    297
   298    268    267
   299    268    298
   299    269    268
   300    269    299
   300    270    269
   301    270    300
   301    271    270
   302    271    301
   302    272    271
   303    272    302
   303    273    272
   304    273    303
   304    274    273
   304    275    274
   305    275    304
   305    276    275
   306    276    305
   306    277    276
   307    277    306
   307    278    277
   308    278    307
   308    279    278
   309    279    308
   309    280    279
   310    280    309
   310    281    280
   311    281    310
   311    282    281
   311    283    282
   312    283    311
   312    284    283
   313    284    312
   313    285    284
   314    285    313
   314    286    285
   315    286    314
   315    287    286
   316    287    315
   316    288    287
   317    288    316
   317    289    288
   290    289    317
   290    258    289
   318    291    290
   319    291    318
   319    292    291
   320    292    319
   320    293    292
   321    293    320
   321    294    293
   322    294    321
   322    295    294
   323    295    322
   323    296    295
   324    296    323
   324    297    296
   324    298    297
   325    298    324
   325    299    298
   326    299    325
   326    300    299
   327    300    326
   327    301    300
   328    301    327
   328    302    301
   329    302    328
   329    303    302
   330    303    329
   330    304    303
   330    305    304
   331    305    330
   331    306    305
   332    306    331
   332    307    306
   333    307    332
   333    308    307
   334    308    333
   334    309    308
   335    309    334
   335    310    309
   336    310    335
   336    311    310
   336    312    311
   337    312    336
   337    313    312
   338    313    337
   338    314    313
   339    314    338
   339    315    314
   340    315    339
   340    316    315
   341    316    340
   341    317    316
   318    317    341
   318    290    317
   342    319    318
   343    319    342
   343    320    319
   344    320    343
   344    321    320
   345    321    344
   345    322    321
   346    322    345
   346    323    322
   347    323    346
   347    324    323
   347    325    324
   348    325    347
   348    326    325
   349    326    348
   349    327    326
   350    327    349
   350    328    327
   351    328    350
   351    329    328
   352    329    351
   352    330    329
   352    331    330
   353    331    352
   353    332    331
   354    332    353
   354    333    332
   355    333    354
   355    334    333
   356    334    355
   356    335    334
   357    335    356
   357    336    335
   357    337    336
   358    337    357
   358    338    337
   359    338    358
   359    339    338
   360    339    359
   360    340    339
   361    340    360
   361    341    340
   342    341    361
   342    318    341
   362    343    342
   363    343    362
   363    344    343
   364    344    363
   364    345    344
   365    345    364
   365    346    345
   366    346    365
   366    347    346
   366    348    347
   367    348    366
   367    349    348
   368    349    367
   368    350    349
   369    350    368
   369    351    350
   370    351    369
   370    352    351
   370    353    352
   371    353    370
   371    354    353
   372    354    371
   372    355    354
   373    355    372
   373    356    355
   374    356    373
   374    357    356
   374    358    357
   375    358    374
   375    359    358
   376    359    375
   376    360    359
   377    360    376
   377    361    360
   362    361    377
   362    342    361
   378    363    362
   379    363    378
   379    364    363
   380    364    379
   380    365    364
   381    365    380
   381    366    365
   381    367    366
   382    367    381
   382    368    367
   383    368    382
   383    369    368
   384    369    383
   384    370    369
   384    371    370
   385    371    384
   385    372    371
   386    372    385
   386    373    372
   387    373    386
   387    374    373
   387    375    374
   388    375    387
   388    376    375
   389    376    388
   389    377    376
   378    377    389
   378    362    377
   390    379    378
   391    379    390
   391    380    379
   392    380    391
   392    381    380
   392    382    381
   393    382    392
   393    383    382
   394    383    393
   394    384    383
   394    385    384
   395    385    394
   395    386    385
   396    386    395
   396    387    386
   396    388    387
   397    388    396
   397    389    388
   390    389    397
   390    378    389
   398    391    390
   399    391    398
   399    392    391
   399    393    392
   400    393    399
   400    394    393
   400    395    394
   401    395    400
   401    396    395
   401    397    396
   398    397    401
   398    390    397
   402    399    398
   402    400    399
   402    401    400
   402    398    401
