1022 2040
    0.295125    -0.036144     0.378932
    0.514703    -0.255722     0.378932
    0.621211    -0.255722     0.368442
    0.632298    -0.252942     0.367076
    0.433897    -0.054542     0.367076
   -0.070654     0.323746     0.315721
   -0.286554     0.295123     0.297276
   -0.478118     0.103559     0.297276
   -0.088235     0.005794     0.345305
    0.219940     0.005794     0.375658
    0.153991    -0.236432     0.345305
    0.514703    -0.284254     0.376122
    0.520805    -0.290930     0.374864
    0.595968    -0.280965     0.368442
    0.723056    -0.166787     0.337989
    0.709395    -0.215745     0.348284
    0.714063    -0.213763     0.346619
    0.723121    -0.207360     0.343067
    0.738527    -0.194115     0.336730
    0.728045    -0.168809     0.336730
    0.572214    -0.015946     0.337989
    0.643085    -0.252942     0.365303
    0.683920    -0.233384     0.355373
    0.692449    -0.228978     0.353246
    0.480992     0.209149     0.281169
   -0.054121     0.430800     0.281169
   -0.070654     0.432057     0.282865
   -0.174928     0.553340     0.232972
   -0.187279     0.560238     0.229328
   -0.239455     0.578405     0.217261
   -0.354043     0.605595     0.194615
   -0.492440     0.595075     0.180417
   -0.842242     0.450182     0.180417
   -0.851467     0.449671     0.178984
   -0.905002     0.396136     0.178984
   -0.915397     0.378023     0.180253
   -0.879504     0.249392     0.207304
   -0.850080     0.226415     0.215919
   -0.593572     0.103559     0.278293
   -0.923441     0.368485     0.179012
   -0.952441     0.298474     0.179012
   -0.953082     0.290035     0.179877
   -0.931470     0.271453     0.188768
   -0.780728     0.058985     0.215919
   -0.623761    -0.004628     0.255542
   -0.272851    -0.355538     0.255542
   -0.267122    -0.369673     0.251974
    0.243690    -0.581258     0.251974
    0.304647    -0.585892     0.258228
    0.309721    -0.583733     0.259520
    0.332414    -0.571061     0.266215
    0.368517    -0.543901     0.278991
    0.486007    -0.407246     0.335207
    0.491575    -0.399369     0.338296
    0.520805    -0.330520     0.362854
    0.584884    -0.303978     0.362854
    0.608143    -0.284362     0.365882
    0.617107    -0.279218     0.365254
    0.643150    -0.253175     0.365254
    0.660465    -0.246158     0.360883
    0.770215    -0.167369     0.318220
    0.764581    -0.183266     0.323509
    0.782912    -0.172661     0.312191
    0.780423    -0.163373     0.312191
    0.753603    -0.189360     0.329352
    0.761437    -0.185762     0.325317
    0.760798     0.027184     0.239643
    0.484222     0.303760     0.239643
    0.798460    -0.139222     0.294286
    0.453663     0.427589     0.191528
    0.381912     0.500942     0.172644
    0.175964     0.512349     0.204628
    0.103939     0.531648     0.204628
    0.071069     0.536129     0.206940
   -0.571120     0.668869     0.129704
   -0.615873     0.677208     0.118837
   -0.661197     0.674037     0.114041
   -0.691966     0.665793     0.114041
   -0.732312     0.663558     0.107775
   -0.784824     0.609873     0.121596
   -0.840947     0.525635     0.147993
   -0.852466     0.478958     0.166130
   -0.891423     0.440001     0.166130
   -0.900361     0.416642     0.172251
   -0.924446     0.367502     0.178753
   -0.955877     0.311988     0.175102
   -0.956060     0.308686     0.175614
   -0.961058     0.290035     0.175614
   -0.961967     0.289508     0.175053
   -0.970680     0.281372     0.169230
   -0.953894     0.218724     0.169230
   -0.950805     0.216900     0.170620
   -0.789073     0.058700     0.212257
   -0.742478    -0.147175     0.144654
   -0.275469    -0.614184     0.144654
   -0.251214    -0.712468     0.106465
   -0.230989    -0.733145     0.101141
   -0.191087    -0.735355     0.107338
   -0.183929    -0.737273     0.107338
   -0.169543    -0.738280     0.108860
   -0.160005    -0.736972     0.110925
   -0.114545    -0.728502     0.121964
   -0.078725    -0.720772     0.131226
   -0.043627    -0.710541     0.141721
    0.187485    -0.633759     0.215862
    0.248219    -0.612751     0.235789
    0.265457    -0.605929     0.241905
    0.298721    -0.589578     0.255409
    0.382988    -0.540024     0.278991
    0.404668    -0.524508     0.284179
    0.448537    -0.470699     0.306657
    0.630417    -0.276205     0.360883
    0.700553    -0.226978     0.350097
    0.813642    -0.139856     0.283318
    0.803442    -0.168105     0.296300
    0.811336    -0.168105     0.289821
    0.824943    -0.157425     0.276912
    0.821103    -0.138121     0.276912
    0.785281    -0.172661     0.310460
    0.861799     0.026554     0.164895
    0.838550     0.128848     0.131377
    0.777218     0.220637     0.131377
    0.848966    -0.099205     0.236880
    0.858572    -0.055134     0.207856
    0.746534     0.347369     0.081829
    0.732619     0.372491     0.076048
    0.718501     0.393934     0.072269
    0.688408     0.424027     0.072269
    0.616582     0.441418     0.100350
    0.556609     0.481490     0.100350
    0.396397     0.517903     0.152847
    0.386769     0.515804     0.159187
    0.381451     0.511996     0.164658
    0.032487     0.543804     0.206940
   -0.646351     0.683790     0.108461
   -0.681025     0.681197     0.104928
   -0.683659     0.681212     0.104401
   -0.724618     0.678312     0.098502
   -0.730250     0.673132     0.101184
   -0.732083     0.669042     0.103814
   -0.763973     0.647733     0.103814
   -0.777031     0.627485     0.112377
   -0.842833     0.523750     0.147993
   -0.887614     0.455733     0.159979
   -0.919936     0.387346     0.172251
   -0.966079     0.300895     0.169819
   -0.967921     0.299432     0.168547
   -0.968826     0.297895     0.168055
   -0.972187     0.280994     0.168055
   -0.972757     0.280460     0.167535
   -0.982265     0.272997     0.158513
   -0.997211     0.256306     0.143523
   -0.991623     0.228212     0.143523
   -0.991130     0.221253     0.142520
   -0.990198     0.220240     0.143003
   -0.964408     0.106763     0.105820
   -0.748368    -0.216564     0.105820
   -0.732012    -0.284117     0.079409
   -0.711293    -0.315585     0.073864
   -0.524371    -0.545977     0.051439
   -0.358444    -0.711904     0.051439
   -0.354888    -0.714246     0.052066
   -0.333414    -0.719445     0.060462
   -0.303623    -0.739350     0.060462
   -0.274656    -0.745934     0.069953
   -0.240079    -0.744568     0.088138
   -0.231515    -0.742701     0.093778
   -0.230617    -0.742058     0.094702
   -0.216483    -0.743059     0.096738
   -0.202003    -0.742977     0.099632
   -0.198164    -0.742413     0.100796
    0.319897    -0.581709     0.259520
    0.338459    -0.574294     0.262575
    0.339565    -0.573643     0.262929
    0.355022    -0.565744     0.265674
    0.687372    -0.281040     0.329008
    0.668477    -0.323740     0.306657
    0.703752    -0.264660     0.329008
    0.716602    -0.258974     0.322282
    0.765637    -0.185587     0.322282
    0.786563    -0.176211     0.308829
    0.810761    -0.170996     0.289821
    0.849505    -0.105508     0.237684
    0.833169    -0.155674     0.267270
    0.843106    -0.155674     0.255162
    0.846246    -0.152125     0.250651
    0.853791    -0.140922     0.239296
    0.852380    -0.123662     0.237684
    0.825419    -0.157425     0.276376
    0.863682     0.045811     0.151318
    0.847301     0.111348     0.131569
    0.843415     0.122642     0.129400
    0.838802     0.131694     0.129400
    0.814216     0.220843     0.097300
    0.757214     0.329904     0.082737
    0.820206     0.201180     0.103860
    0.819547     0.203482     0.103053
    0.712952     0.406391     0.065784
    0.697941     0.431116     0.056663
    0.687247     0.441810     0.056663
    0.684197     0.448257     0.052617
    0.675027     0.456485     0.050689
    0.575364     0.483157     0.087322
    0.565114     0.488380     0.087322
    0.412534     0.526516     0.133302
    0.038086     0.545627     0.203637
   -0.093611     0.566486     0.203637
   -0.660088     0.687521     0.101263
   -0.688720     0.685181     0.098588
   -0.693516     0.684422     0.098588
   -0.724273     0.681791     0.094667
   -0.727324     0.683420     0.090972
   -0.743452     0.675202     0.090972
   -0.744045     0.674359     0.091600
   -0.756787     0.662925     0.094279
   -0.812360     0.592156     0.112377
   -0.911566     0.429040     0.154367
   -0.920631     0.395167     0.166817
   -0.966487     0.305170     0.166817
   -0.983880     0.277958     0.155587
   -1.002653     0.257559     0.136649
   -1.003030     0.255177     0.136649
   -1.002208     0.255177     0.137651
   -1.012562     0.223382     0.118899
   -1.019224     0.236875     0.113385
   -1.022033     0.232703     0.109157
   -1.020378     0.222252     0.109157
   -1.027686     0.208561     0.092574
   -1.017995     0.169788     0.080890
   -0.967598     0.070877     0.080890
   -0.962516     0.051887     0.073910
   -0.842996    -0.143558     0.063749
   -0.817015    -0.185335     0.061975
   -0.769912    -0.241879     0.070529
   -0.511455    -0.562064     0.048462
   -0.508380    -0.565745     0.047894
   -0.365570    -0.708555     0.047894
   -0.364487    -0.709212     0.048293
   -0.340243    -0.727387     0.048987
   -0.332909    -0.731872     0.049368
   -0.304630    -0.739440     0.059762
   -0.302594    -0.740477     0.059762
   -0.279045    -0.746363     0.066859
   -0.222960    -0.743433     0.094869
   -0.218085    -0.743581     0.095793
   -0.210842    -0.744173     0.096469
   -0.202713    -0.743088     0.099361
    0.268283    -0.604839     0.242688
    0.300286    -0.590088     0.254486
    0.403220    -0.553697     0.251149
    0.411649    -0.550797     0.249531
    0.454541    -0.528942     0.249531
    0.520189    -0.511373     0.225401
    0.613682    -0.462508     0.212917
    0.645309    -0.443167     0.211273
    0.661636    -0.428518     0.214706
    0.840141    -0.250907     0.213866
    0.754666    -0.387076     0.166270
    0.774139    -0.375253     0.159087
    0.861952    -0.287440     0.159087
    0.854124    -0.259844     0.192347
    0.834145    -0.183467     0.260717
    0.833824    -0.183237     0.261153
    0.858141    -0.220715     0.210828
    0.838602    -0.184111     0.255162
    0.860704    -0.246928     0.192347
    0.861663    -0.087231     0.211344
    0.866855    -0.140922     0.214855
    0.863102    -0.098159     0.211344
    0.848829     0.107658     0.131569
    0.864649     0.049184     0.146980
    0.713487     0.405694     0.065784
    0.731577     0.374681     0.075015
    0.692999     0.440657     0.051186
    0.685559     0.448097     0.051186
    0.678914     0.457250     0.044627
    0.674088     0.460954     0.044627
    0.668600     0.467911     0.038305
    0.664622     0.470867     0.036893
    0.599988     0.489966     0.057912
    0.538909     0.515266     0.057912
    0.408310     0.550599     0.092331
    0.381361     0.565779     0.073238
    0.034645     0.599167     0.110906
   -0.342163     0.648775     0.110906
   -0.680803     0.696497     0.079368
   -0.681671     0.696627     0.078910
   -0.700103     0.695010     0.077397
   -0.718029     0.692650     0.077397
   -0.726578     0.691826     0.076468
   -0.727852     0.684560     0.088830
   -0.726989     0.691944     0.075940
   -0.740756     0.686242     0.075940
   -0.741254     0.685170     0.077527
   -0.741394     0.684993     0.077689
   -0.769700     0.663273     0.077689
   -0.771184     0.661229     0.079154
   -0.798155     0.634257     0.079154
   -0.810121     0.611158     0.092413
   -0.927876     0.457697     0.092413
   -0.944838     0.422046     0.109227
   -0.965529     0.394206     0.099342
   -0.969870     0.379514     0.104120
   -1.021774     0.254206     0.104120
   -1.023216     0.252542     0.102057
   -1.028710     0.247171     0.093103
   -1.030858     0.243770     0.089922
   -1.032479     0.231456     0.089922
   -1.027428     0.231456     0.099371
   -1.038464     0.220403     0.076003
   -1.036991     0.209216     0.076003
   -1.033024     0.209497     0.083495
   -1.038454     0.204117     0.069444
   -1.036544     0.197055     0.067583
   -1.018713     0.154009     0.067583
   -1.014452     0.139587     0.062893
   -0.979636     0.074922     0.065731
   -0.738396    -0.282952     0.070529
   -0.503667    -0.571362     0.046817
   -0.367445    -0.707584     0.046817
   -0.341714    -0.726687     0.048293
   -0.331002    -0.733289     0.048691
   -0.306132    -0.740638     0.056779
   -0.297829    -0.744077     0.056779
   -0.284061    -0.747802     0.060407
   -0.234778    -0.745079     0.088714
   -0.230453    -0.745342     0.089451
   -0.222975    -0.745999     0.090065
   -0.070796    -0.719728     0.131226
    0.235798    -0.617793     0.230409
    0.381814    -0.562564     0.251149
    0.489931    -0.527665     0.224074
    0.726437    -0.404570     0.173010
    0.749081    -0.391361     0.166270
    0.835202    -0.343622     0.124035
    0.835831    -0.343119     0.123883
    0.855207    -0.323743     0.123883
    0.860620    -0.313294     0.129881
    0.863521    -0.288677     0.155745
    0.867104    -0.304844     0.129881
    0.868250    -0.302435     0.131017
    0.867056    -0.289863     0.148554
    0.864136    -0.288547     0.154911
    0.862606    -0.254921     0.183269
    0.870350    -0.281911     0.148554
    0.859672    -0.204816     0.212555
    0.865120    -0.163434     0.212555
    0.867055    -0.141385     0.214365
    0.875399    -0.015109     0.139958
    0.889627    -0.141385     0.139958
    0.868945     0.047779     0.134348
    0.869085     0.052581     0.128303
    0.848677     0.110904     0.128303
    0.747572     0.349225     0.075015
    0.696289     0.436734     0.050542
    0.693015     0.440651     0.051160
    0.680675     0.456877     0.041000
    0.678107     0.459445     0.041000
    0.671412     0.467284     0.034777
    0.659511     0.482601     0.010547
    0.662317     0.480838     0.010547
    0.644434     0.493394    -0.001910
    0.581227     0.513282     0.015329
    0.649105     0.490717     0.000123
    0.555741     0.522200     0.015329
    0.447896     0.552772     0.039119
    0.380189     0.569361     0.062705
   -0.137554     0.637523     0.062705
   -0.247192     0.650412     0.067454
   -0.296756     0.655498     0.071876
   -0.572572     0.686575     0.071876
   -0.705756     0.699350     0.060990
   -0.714052     0.698589     0.060416
   -0.719858     0.697935     0.060416
   -0.692086     0.698711     0.068174
   -0.725995     0.697305     0.059869
   -0.727432     0.692914     0.072781
   -0.728499     0.696885     0.058355
   -0.739092     0.693178     0.058355
   -0.738857     0.692378     0.061285
   -0.726921     0.697332     0.058703
   -0.741230     0.686928     0.073522
   -0.745604     0.691797     0.049974
   -0.760005     0.682749     0.049974
   -0.744680     0.692259     0.050343
   -0.763181     0.680989     0.048414
   -0.771570     0.677758     0.034931
   -0.796340     0.658920     0.019421
   -0.834304     0.620956     0.019421
   -0.867252     0.592820    -0.006731
   -0.908885     0.543010    -0.014589
   -0.914812     0.536439    -0.020147
   -0.998600     0.403092    -0.020147
   -1.013451     0.373332    -0.008253
   -1.018673     0.364222    -0.012219
   -1.024017     0.347236    -0.007587
   -1.045445     0.286000    -0.007587
   -1.052187     0.262217    -0.002340
   -1.051511     0.239050     0.026822
   -1.044642     0.239260     0.049391
   -1.041849     0.220403     0.065599
   -1.052540     0.229918     0.026822
   -1.052436     0.229395     0.027361
   -1.050192     0.220270     0.038145
   -1.042311     0.220270     0.064127
   -1.049188     0.211359     0.038145
   -1.048884     0.210565     0.038855
   -1.046551     0.206132     0.044898
   -1.044414     0.206067     0.051919
   -1.036948     0.178687     0.044898
   -1.035577     0.176446     0.046845
   -0.977161     0.069964     0.063749
   -0.811168    -0.195887     0.056794
   -0.498598    -0.577279     0.044600
   -0.367474    -0.708403     0.044600
   -0.367015    -0.708752     0.044887
   -0.346952    -0.725521     0.041722
   -0.339993    -0.731799     0.035835
   -0.328508    -0.739015     0.035835
   -0.323564    -0.742870     0.030883
   -0.323090    -0.743302     0.030002
   -0.304466    -0.749819     0.030002
   -0.303923    -0.749972     0.030122
   -0.283545    -0.749378     0.055773
   -0.271892    -0.750574     0.056813
   -0.268017    -0.751011     0.056813
   -0.258510    -0.751882     0.057471
   -0.250524    -0.751509     0.061668
   -0.114236    -0.731815     0.110925
   -0.106222    -0.729734     0.114809
   -0.076414    -0.721801     0.127128
    0.390223    -0.562170     0.242688
    0.477813    -0.534610     0.218798
    0.713530    -0.412680     0.173010
    0.835119    -0.343691     0.124022
    0.849687    -0.332582     0.115207
    0.860458    -0.321811     0.115207
    0.864001    -0.318786     0.112395
    0.871546    -0.300999     0.123618
    0.864530    -0.318431     0.111449
    0.873017    -0.304923     0.111449
    0.873565    -0.301593     0.116224
    0.872398    -0.282846     0.141884
    0.876125    -0.281627     0.130923
    0.876466    -0.293304     0.116224
    0.878784    -0.255715     0.133235
    0.891025    -0.147074     0.133235
    0.894077    -0.146220     0.105297
    0.910211    -0.146220    -0.058513
    0.910211    -0.095819    -0.108914
    0.909660    -0.084037    -0.115105
    0.902557    -0.011917    -0.115105
    0.901371    -0.000632    -0.114347
    0.895269     0.029060    -0.082085
    0.894077     0.029539    -0.070463
    0.869390     0.052785     0.125396
    0.892741    -0.147074     0.118004
    0.862500     0.137084    -0.082085
    0.861826     0.139175    -0.081642
    0.844126     0.181340    -0.027122
    0.837260     0.196287    -0.014467
    0.723635     0.408863    -0.014467
    0.721326     0.412921    -0.016053
    0.716797     0.418992    -0.011333
    0.667987     0.478467    -0.011333
    0.667498     0.477977    -0.002061
    0.662536     0.481076     0.008065
    0.664644     0.481809    -0.017569
    0.657344     0.487801    -0.017569
    0.657046     0.488001    -0.017108
    0.656903     0.487587    -0.011578
    0.649633     0.491964    -0.017108
    0.642434     0.495270    -0.011013
    0.616073     0.504494    -0.011013
    0.569633     0.519470    -0.001153
    0.545349     0.526836    -0.001153
   -0.558157     0.685449     0.067454
   -0.568870     0.686575     0.068174
   -0.721501     0.698589     0.052968
   -0.713779     0.699350     0.052968
   -0.726203     0.698095     0.052652
   -0.739355     0.695293     0.039464
   -0.742719     0.694272     0.039464
   -0.742731     0.694088     0.041471
   -0.731806     0.696943     0.046564
   -0.766794     0.683355     0.017475
   -0.766775     0.683300     0.018209
   -0.753652     0.689683     0.025327
   -0.762926     0.685423     0.017475
   -0.795302     0.663401    -0.018323
   -0.814835     0.647370    -0.018323
   -0.784487     0.671467    -0.009915
   -0.840483     0.624743    -0.034742
   -0.858680     0.606546    -0.034742
   -0.875708     0.587244    -0.047098
   -0.923745     0.528711    -0.047098
   -0.934034     0.514918    -0.057822
   -0.984671     0.434330    -0.057822
   -0.989388     0.426042    -0.054582
   -1.020743     0.367381    -0.054582
   -1.025572     0.356870    -0.045683
   -1.036569     0.325442    -0.045683
   -1.039449     0.316512    -0.043787
   -1.048983     0.285081    -0.043787
   -1.051757     0.272396    -0.031855
   -1.054174     0.260633    -0.019074
   -1.053641     0.260848    -0.013878
   -1.053641     0.230622     0.016348
   -1.055211     0.250106    -0.019074
   -1.055211     0.230622     0.000410
   -1.052436     0.214417     0.012383
   -1.054642     0.224843     0.000410
   -1.052505     0.214445     0.011708
   -1.045838     0.195069     0.020470
   -1.049052     0.203063     0.011708
   -1.048583     0.201607     0.012017
   -1.039622     0.181536     0.031928
   -0.994035     0.096250     0.031928
   -0.972589     0.058573     0.046658
   -0.816368    -0.190052     0.046658
   -0.815292    -0.191672     0.047042
   -0.813930    -0.193498     0.048462
   -0.483099    -0.594846     0.033354
   -0.372984    -0.704961     0.033354
   -0.357167    -0.718915     0.023228
   -0.336378    -0.735977     0.023228
   -0.329941    -0.740779     0.018224
   -0.323224    -0.743475     0.028302
   -0.325554    -0.743726     0.011433
   -0.319801    -0.746801     0.011433
   -0.319640    -0.746869     0.011642
   -0.319642    -0.746836     0.011997
   -0.312719    -0.748968     0.011642
   -0.308012    -0.749997     0.016069
   -0.302933    -0.751041     0.021587
   -0.302946    -0.751011     0.021884
   -0.294394    -0.751882     0.021587
   -0.184482    -0.745004     0.061668
   -0.166245    -0.743088     0.062892
   -0.165302    -0.742981     0.062892
    0.254715    -0.621355     0.127128
    0.312510    -0.602718     0.139398
    0.460369    -0.550980     0.139398
    0.470410    -0.546367     0.130897
    0.741598    -0.401414     0.130897
    0.800335    -0.367981     0.107934
    0.830506    -0.349023     0.107934
    0.837641    -0.343701     0.102387
    0.855970    -0.328659     0.102387
    0.861085    -0.324146     0.099112
    0.864609    -0.318504     0.110626
    0.873003    -0.312227     0.076878
    0.872188    -0.311947     0.087759
    0.874534    -0.306101     0.096529
    0.874542    -0.310372     0.070713
    0.879302    -0.303287     0.059746
    0.877044    -0.303427     0.084356
    0.878735    -0.294821     0.094565
    0.880449    -0.301216     0.053989
    0.886008    -0.287973     0.036866
    0.887089    -0.284872     0.030370
    0.892741    -0.259022     0.006056
    0.901287    -0.217438    -0.039128
    0.905850    -0.189001    -0.057019
    0.908188    -0.166753    -0.058513
    0.908198    -0.076730    -0.122638
    0.904597    -0.052796    -0.135271
    0.902557    -0.037517    -0.140705
    0.899297    -0.016592    -0.148716
    0.897039     0.003447    -0.148716
    0.892962     0.014069    -0.158211
    0.879513     0.050513    -0.184794
    0.878530     0.052503    -0.187009
    0.866601     0.080936    -0.202323
    0.856393     0.106083    -0.213216
    0.847760     0.128464    -0.219416
    0.833420     0.169445    -0.219416
    0.823062     0.186382    -0.234134
    0.783935     0.254649    -0.263856
    0.720520     0.412644    -0.026797
    0.783251     0.255525    -0.264734
    0.772107     0.271208    -0.273261
    0.722473     0.350200    -0.273261
    0.718863     0.356716    -0.270062
    0.707574     0.385194    -0.226396
    0.687254     0.437947    -0.141608
    0.686764     0.440099    -0.135905
    0.687744     0.440999    -0.125688
    0.663175     0.480340    -0.045402
    0.682390     0.446617    -0.124253
    0.666888     0.471347    -0.074098
    0.662325     0.480570    -0.048774
    0.662500     0.480761    -0.046779
    0.657078     0.487029    -0.027869
    0.653755     0.488363    -0.032854
    0.652936     0.488864    -0.032142
    0.598265     0.507994    -0.032142
    0.590255     0.510265    -0.033909
   -0.169481     0.640800     0.059856
   -0.565755     0.685449     0.059856
   -0.713779     0.699019     0.049609
   -0.724156     0.696943     0.038913
   -0.731966     0.695023     0.029682
   -0.740516     0.694060     0.029682
   -0.750101     0.690381     0.021113
   -0.767267     0.681349    -0.002285
   -0.777096     0.674434    -0.021005
   -0.774824     0.675991    -0.017139
   -0.780681     0.670635    -0.031230
   -0.792840     0.659577    -0.053819
   -0.805480     0.651636    -0.053819
   -0.816769     0.641452    -0.063369
   -0.825760     0.633937    -0.064787
   -0.881761     0.577552    -0.066877
   -0.828008     0.631305    -0.066877
   -0.933271     0.515578    -0.060124
   -0.884694     0.573695    -0.069292
   -0.987588     0.427062    -0.068727
   -0.942978     0.498058    -0.068727
   -0.995675     0.411049    -0.074053
   -1.020638     0.367493    -0.055090
   -0.994371     0.413469    -0.074159
   -1.027530     0.345590    -0.061064
   -1.039117     0.312477    -0.061064
   -1.043050     0.298601    -0.064125
   -1.044932     0.293502    -0.060405
   -1.047701     0.286288    -0.053957
   -1.051757     0.261697    -0.042555
   -1.049385     0.271344    -0.053957
   -1.054235     0.250106    -0.028982
   -1.054052     0.250223    -0.030728
   -1.054235     0.224679    -0.003555
   -1.052889     0.239003    -0.029826
   -1.053332     0.223828    -0.010725
   -1.052933     0.240296    -0.030728
   -1.052685     0.221547    -0.010222
   -1.048515     0.209631    -0.010222
   -1.044683     0.197450    -0.006899
   -1.002409     0.117113     0.000625
   -1.028960     0.170019    -0.018842
   -1.026924     0.166237    -0.019008
   -0.868308    -0.096307     0.000625
   -0.504754    -0.563199    -0.011568
   -0.494183    -0.577099    -0.002865
   -0.344381    -0.726901    -0.002865
   -0.338380    -0.731464    -0.006622
   -0.330309    -0.738211    -0.005349
   -0.328915    -0.739468    -0.004170
   -0.325462    -0.743459     0.007872
   -0.321197    -0.745171     0.001472
   -0.321230    -0.744297    -0.004170
   -0.320812    -0.744676    -0.003395
   -0.319822    -0.746461     0.007728
   -0.314622    -0.747483     0.001559
   -0.318257    -0.745571    -0.003395
   -0.313832    -0.747786     0.002266
   -0.298104    -0.749997     0.006160
   -0.306232    -0.748643     0.002266
   -0.294394    -0.750502     0.007573
   -0.258175    -0.745004    -0.012026
   -0.221565    -0.738195    -0.035848
   -0.153582    -0.730535    -0.035848
   -0.092095    -0.706934    -0.090812
    0.001632    -0.672347    -0.159178
    0.016079    -0.668251    -0.155991
    0.406600    -0.531602    -0.155991
    0.526271    -0.493947    -0.123352
    0.572232    -0.467605    -0.143362
    0.654862    -0.426369    -0.110337
    0.737008    -0.374753    -0.110337
    0.816871    -0.330505    -0.071121
    0.858922    -0.314306    -0.003532
    0.861057    -0.316633     0.020720
    0.873212    -0.309042     0.045525
    0.870178    -0.303050    -0.003532
    0.874793    -0.299953     0.004717
    0.877396    -0.302342     0.031852
    0.879197    -0.300785     0.037284
    0.883909    -0.285445     0.004717
    0.885011    -0.286300     0.015550
    0.886306    -0.284920     0.021832
    0.887633    -0.262814    -0.027728
    0.895669    -0.237276    -0.034693
    0.895755    -0.236954    -0.034823
    0.905470    -0.175982    -0.073408
    0.907052    -0.129593    -0.105754
    0.908188    -0.118524    -0.106742
    0.908845    -0.110717    -0.107883
    0.892258     0.009320    -0.162293
    0.878659     0.051523    -0.187009
    0.823288     0.181557    -0.238989
    0.818664     0.189025    -0.243182
    0.789054     0.241515    -0.264734
    0.763771     0.280068    -0.281821
    0.733853     0.320323    -0.296115
    0.729899     0.325972    -0.297363
    0.726078     0.334004    -0.293575
    0.719815     0.342166    -0.293575
    0.718603     0.350792    -0.281125
    0.698157     0.407587    -0.192473
    0.687078     0.437699    -0.142716
    0.696183     0.411835    -0.186180
    0.686543     0.437818    -0.143386
    0.685845     0.438685    -0.142063
    0.647083     0.472276    -0.094027
    0.592654     0.502934    -0.055466
    0.431788     0.518425    -0.072942
   -0.323978     0.617923    -0.072942
   -0.699530     0.650884    -0.103777
   -0.730416     0.664267    -0.071132
   -0.731966     0.669646    -0.053977
   -0.783691     0.657253    -0.071132
   -0.784488     0.658998    -0.065448
   -0.792559     0.658620    -0.057327
   -0.785093     0.655820    -0.073468
   -0.790365     0.651250    -0.080003
   -0.796958     0.648520    -0.080003
   -0.800657     0.645039    -0.083577
   -0.801761     0.642664    -0.087095
   -0.804306     0.639438    -0.090026
   -0.833163     0.617295    -0.090026
   -0.873251     0.577906    -0.088202
   -0.834671     0.615218    -0.091515
   -0.868627     0.581262    -0.091515
   -0.946435     0.482530    -0.088202
   -0.952466     0.469855    -0.094180
   -1.001622     0.390924    -0.080598
   -1.028441     0.326177    -0.080598
   -1.033866     0.306123    -0.085883
   -1.034381     0.305209    -0.085235
   -1.037383     0.300456    -0.080789
   -1.039769     0.282338    -0.080789
   -1.042525     0.277246    -0.074377
   -1.044647     0.272350    -0.069202
   -1.048136     0.271344    -0.058074
   -1.052481     0.241997    -0.032849
   -1.044372     0.270261    -0.069202
   -1.049264     0.225604    -0.026294
   -1.035732     0.192934    -0.026294
   -0.877589    -0.054616    -0.051665
   -0.903924     0.000738    -0.077772
   -0.484824    -0.566477    -0.051665
   -0.482228    -0.571487    -0.048789
   -0.352781    -0.700934    -0.048789
   -0.346358    -0.709784    -0.042447
   -0.315554    -0.733420    -0.042447
   -0.320391    -0.740418    -0.017787
   -0.320211    -0.740833    -0.016857
   -0.318399    -0.740918    -0.018680
   -0.314874    -0.733356    -0.043395
   -0.318208    -0.740657    -0.019612
   -0.308973    -0.739289    -0.027550
   -0.304525    -0.727406    -0.065865
   -0.210930    -0.689339    -0.192957
   -0.211872    -0.686032    -0.203499
   -0.207454    -0.683640    -0.209063
   -0.026228    -0.659781    -0.209063
    0.006784    -0.656602    -0.205476
    0.233497    -0.561637    -0.257394
    0.331493    -0.535124    -0.231567
    0.072260    -0.619721    -0.251865
    0.089398    -0.612399    -0.256264
    0.142171    -0.592713    -0.260316
    0.397410    -0.507820    -0.231567
    0.415316    -0.501659    -0.228129
    0.578389    -0.453470    -0.175097
    0.579922    -0.452331    -0.175642
    0.602646    -0.438435    -0.174460
    0.652484    -0.410830    -0.162991
    0.720665    -0.378391    -0.130834
    0.730656    -0.370725    -0.130834
    0.734588    -0.368338    -0.129384
    0.810706    -0.328907    -0.085690
    0.817826    -0.327907    -0.075414
    0.838186    -0.313128    -0.060824
    0.868607    -0.301935    -0.010555
    0.864397    -0.278969    -0.060824
    0.875705    -0.270048    -0.050548
    0.877946    -0.267034    -0.049478
    0.892348    -0.218293    -0.065328
    0.897176    -0.206638    -0.065328
    0.905989    -0.125888    -0.110520
    0.904838    -0.114110    -0.118823
    0.906615    -0.095656    -0.120828
    0.906791    -0.092765    -0.121321
    0.864474     0.072588    -0.208359
    0.863994     0.073131    -0.209048
    0.860417     0.080677    -0.213216
    0.763553     0.275286    -0.285854
    0.752907     0.282926    -0.296115
    0.721195     0.332091    -0.303848
    0.720865     0.332458    -0.303925
    0.719731     0.342083    -0.293814
    0.720017     0.332860    -0.304458
    0.713782     0.339095    -0.304458
    0.716443     0.342470    -0.297269
    0.715937     0.344875    -0.294006
    0.710179     0.338072    -0.308801
    0.705992     0.340206    -0.308801
    0.707988     0.344513    -0.300710
    0.701230     0.337664    -0.314569
    0.651154     0.341947    -0.320952
    0.374933     0.385696    -0.320952
    0.185222     0.428850    -0.298017
    0.135066     0.442817    -0.287478
   -0.622212     0.622510    -0.137817
   -0.694191     0.643491    -0.116293
   -0.696383     0.644346    -0.115234
   -0.699530     0.646465    -0.112045
   -0.736517     0.643442    -0.108590
   -0.739217     0.643015    -0.108590
   -0.788079     0.638835    -0.102361
   -0.791139     0.640469    -0.098655
   -0.791949     0.642218    -0.095370
   -0.805643     0.633078    -0.098655
   -0.823441     0.616541    -0.103314
   -0.806722     0.631543    -0.099799
   -0.824802     0.613664    -0.105120
   -0.826701     0.610719    -0.106365
   -0.870292     0.567128    -0.106365
   -0.902404     0.516265    -0.117554
   -0.942091     0.472035    -0.108255
   -0.875327     0.555825    -0.112250
   -0.882871     0.544367    -0.114269
   -0.898531     0.521492    -0.117331
   -0.945146     0.460621    -0.112450
   -0.999903     0.353154    -0.112450
   -1.006353     0.332221    -0.116525
   -1.011321     0.322499    -0.114798
   -1.021403     0.309147    -0.106448
   -1.022323     0.308147    -0.105520
   -1.003282     0.339635    -0.116525
   -1.025813     0.286114    -0.105520
   -1.028161     0.283460    -0.102147
   -1.028839     0.283460    -0.100960
   -1.033694     0.282338    -0.092155
   -1.036631     0.270810    -0.083820
   -1.032223     0.270037    -0.091318
   -1.026458     0.272709    -0.102147
   -1.021545     0.270165    -0.107642
   -1.017683     0.267393    -0.111365
   -0.879164    -0.004466    -0.111365
   -0.527505    -0.374357    -0.221091
   -0.500255    -0.435530    -0.189242
   -0.825662    -0.042074    -0.151230
   -0.249579    -0.686205    -0.189242
   -0.255243    -0.693392    -0.173938
   -0.272219    -0.704765    -0.140174
   -0.280520    -0.709450    -0.124709
   -0.239013    -0.683208    -0.201977
   -0.239536    -0.684338    -0.199854
   -0.243708    -0.690605    -0.187102
   -0.249635    -0.693136    -0.178667
   -0.207454    -0.676163    -0.223050
   -0.234493    -0.679520    -0.209683
   -0.216189    -0.669749    -0.231852
   -0.206332    -0.671311    -0.231852
   -0.102079    -0.641935    -0.261132
   -0.097675    -0.641575    -0.260720
   -0.197769    -0.665545    -0.240531
   -0.195436    -0.664635    -0.241659
   -0.185347    -0.661694    -0.244675
    0.002797    -0.625662    -0.260720
    0.311706    -0.529241    -0.257394
    0.420473    -0.499031    -0.228129
    0.465217    -0.483029    -0.217803
    0.677289    -0.394498    -0.158620
    0.749239    -0.353686    -0.129384
    0.811242    -0.324356    -0.090472
    0.849078    -0.282189    -0.081607
    0.856877    -0.253049    -0.092317
    0.890892    -0.186291    -0.092317
    0.899904    -0.104868    -0.130017
    0.901941    -0.081060    -0.133053
    0.902657    -0.076539    -0.133053
    0.803925     0.143764    -0.269876
    0.768995     0.171182    -0.303018
    0.746644     0.283549    -0.303018
    0.728174     0.298222    -0.315780
    0.719065     0.308126    -0.320497
    0.714656     0.310102    -0.323331
    0.702336     0.328541    -0.323331
    0.707474     0.333679    -0.315466
    0.707464     0.333825    -0.315338
    0.699503     0.327666    -0.325870
    0.698886     0.328078    -0.325870
    0.701662     0.333309    -0.319368
    0.687152     0.319677    -0.337941
    0.683592     0.317967    -0.340659
    0.649172     0.320405    -0.345617
    0.638159     0.321906    -0.346391
    0.608021     0.327901    -0.346391
    0.592566     0.329057    -0.347966
   -0.726904     0.642064    -0.112125
   -0.736463     0.642118    -0.110214
   -0.788117     0.638460    -0.102774
   -0.800865     0.631022    -0.103868
   -0.788740     0.637887    -0.103071
   -0.806882     0.625638    -0.105120
   -0.832671     0.598482    -0.112250
   -0.831018     0.600962    -0.111472
   -0.908982     0.505223    -0.118288
   -0.944399     0.452218    -0.118288
   -0.960401     0.415372    -0.121506
   -0.947286     0.439514    -0.122451
   -1.015745     0.291771    -0.116696
   -1.012254     0.309322    -0.116696
   -1.016352     0.286114    -0.117049
   -1.016165     0.286156    -0.117268
   -1.011239     0.282289    -0.121942
   -1.008086     0.266439    -0.121942
   -1.002849     0.262279    -0.125561
   -0.973217     0.230060    -0.140903
   -0.843395     0.074823    -0.199789
   -0.818378     0.039866    -0.208155
   -0.761469    -0.013276    -0.227792
   -0.700555    -0.081345    -0.241953
   -0.700489    -0.081428    -0.241962
   -0.503723    -0.375910    -0.241962
   -0.805444     0.029321    -0.213558
   -0.233599    -0.643830    -0.244031
   -0.230048    -0.651854    -0.239831
   -0.228821    -0.670645    -0.223340
   -0.499245    -0.377891    -0.244306
   -0.234646    -0.642490    -0.244306
   -0.213436    -0.663597    -0.239241
   -0.213231    -0.664055    -0.238947
   -0.216060    -0.669385    -0.232321
   -0.216156    -0.669519    -0.232139
   -0.216273    -0.661059    -0.239831
   -0.205970    -0.664569    -0.239993
   -0.203053    -0.665149    -0.239993
   -0.059086    -0.626966    -0.271075
   -0.005504    -0.622959    -0.265616
    0.024470    -0.616997    -0.265616
    0.327907    -0.520069    -0.258459
    0.491785    -0.465276    -0.217803
    0.716684    -0.355812    -0.157954
    0.715413    -0.356375    -0.158620
    0.848477    -0.158569    -0.157954
    0.859776    -0.108855    -0.174244
    0.837723    -0.078053    -0.205928
    0.861704     0.042505    -0.205928
    0.735325     0.171182    -0.330650
    0.702072     0.202232    -0.352872
    0.700683     0.222088    -0.350770
    0.693861     0.247548    -0.350770
    0.691034     0.264774    -0.349463
    0.688623     0.308306    -0.342703
    0.690236     0.310466    -0.341101
    0.691155     0.311083    -0.340309
    0.691919     0.320082    -0.335273
    0.683248     0.317455    -0.341101
    0.682415     0.316833    -0.341718
    0.660760     0.318032    -0.345081
    0.653704     0.319190    -0.345617
    0.606109     0.324149    -0.349783
   -0.724351     0.641381    -0.113102
   -0.725100     0.641412    -0.112954
   -0.833954     0.593285    -0.114269
   -0.945431     0.441714    -0.122737
   -1.009809     0.302550    -0.119808
   -1.007524     0.311077    -0.119808
   -1.011226     0.282289    -0.121952
   -1.001100     0.267125    -0.127787
   -1.007762     0.279054    -0.124268
   -0.499304    -0.376477    -0.244965
   -0.499174    -0.377052    -0.244776
   -0.600784    -0.199655    -0.257352
   -0.235735    -0.640491    -0.244776
   -0.230894    -0.646112    -0.243679
   -0.204628    -0.664085    -0.240609
   -0.203787    -0.664050    -0.240775
   -0.048089    -0.620825    -0.274319
    0.021573    -0.615951    -0.266947
    0.099473    -0.595078    -0.266947
    0.383502    -0.463233    -0.273091
    0.406471    -0.458035    -0.265549
    0.699195    -0.165311    -0.265549
    0.718721    -0.079038    -0.293878
    0.823200    -0.074676    -0.218398
    0.701004    -0.055315    -0.311467
    0.707766     0.066787    -0.330429
    0.735178     0.169089    -0.330429
    0.699828     0.202232    -0.354071
    0.697365     0.204350    -0.355084
    0.696514     0.212642    -0.354351
    0.689216     0.269163    -0.349463
    0.687052     0.308252    -0.343392
    0.682285     0.313020    -0.343392
    0.671409     0.313622    -0.345081
    0.608911     0.322595    -0.350212
   -0.662473     0.619450    -0.133686
   -0.728417     0.592135    -0.133686
   -0.833715     0.586307    -0.117331
   -1.005715     0.305974    -0.121506
   -0.842946     0.074436    -0.199974
   -0.713107    -0.051042    -0.241953
   -0.236038    -0.639742    -0.244965
   -0.195057    -0.660956    -0.243679
   -0.031649    -0.601703    -0.282186
    0.026778    -0.569313    -0.291130
    0.029265    -0.567247    -0.291579
    0.382064    -0.421113    -0.291579
    0.438385    -0.282137    -0.326660
    0.666389    -0.054133    -0.326660
    0.672754     0.060867    -0.344521
    0.692752     0.109149    -0.344521
    0.689084     0.268689    -0.349563
    0.650098     0.307675    -0.349563
    0.618749     0.311831    -0.352241
   -0.037454     0.399329    -0.278993
   -0.551275    -0.114492    -0.278993
   -0.557360    -0.116018    -0.278243
   -0.577445    -0.116018    -0.274941
   -0.077792    -0.595585    -0.278243
    0.318538    -0.250740    -0.351243
    0.323507    -0.250081    -0.350818
    0.664398     0.090811    -0.350818
    0.676981     0.185719    -0.358927
    0.618749     0.185719    -0.364662
    0.318538    -0.114492    -0.364662
     1      2      3
     1      3      4
     1      4      5
     6      7      8
     6      8      9
     6      9     10
    10      9     11
    10     11     12
    10     12      2
    10      2      1
    12     13     14
    12     14      3
    12      3      2
    15     16     17
    15     17     18
    15     18     19
    15     19     20
    21      5      4
    21      4     22
    21     22     23
    21     23     24
    21     24     16
    21     16     15
    25     26     27
    25     27      6
    25      6     10
    25     10      1
    25      1      5
    25      5     21
    27     28     29
    27     29     30
    27     30     31
    27     31     32
    27     32     33
    27     33      7
    27      7      6
    33     34     35
    33     35     36
    33     36     37
    33     37     38
    33     38     39
    33     39      8
    33      8      7
    36     40     41
    36     41     42
    36     42     43
    36     43     37
    38     44     45
    38     45     39
     8     39     45
     8     45     46
     8     46     11
     8     11      9
    11     46     47
    11     47     48
    11     48     49
    11     49     50
    11     50     51
    11     51     52
    11     52     53
    11     53     54
    11     54     55
    11     55     13
    11     13     12
    14     13     55
    14     55     56
    14     56     57
     4      3     14
     4     14     57
     4     57     58
     4     58     59
     4     59     22
    22     59     60
    22     60     23
    61     62     63
    61     63     64
    20     19     65
    20     65     66
    20     66     62
    20     62     61
    67     68     25
    67     25     21
    67     21     15
    67     15     20
    67     20     61
    67     61     64
    67     64     69
    70     71     72
    70     72     26
    70     26     25
    70     25     68
    72     73     74
    72     74     28
    72     28     27
    72     27     26
    31     75     76
    31     76     77
    31     77     78
    31     78     32
    32     78     79
    32     79     80
    32     80     81
    32     81     82
    32     82     34
    32     34     33
    82     83     84
    82     84     35
    82     35     34
    85     86     87
    85     87     41
    85     41     40
    41     87     88
    41     88     42
    42     88     89
    42     89     90
    42     90     91
    42     91     92
    42     92     43
    37     43     92
    37     92     93
    37     93     44
    37     44     38
    45     44     93
    45     93     94
    45     94     95
    45     95     47
    45     47     46
    47     95     96
    47     96     97
    47     97     98
    47     98     48
    48     98     99
    48     99    100
    48    100    101
    48    101    102
    48    102    103
    48    103    104
    48    104    105
    48    105    106
    48    106    107
    48    107    108
    48    108     49
    53     52    109
    53    109    110
    53    110    111
    56     55     54
    58    112     60
    58     60     59
    24    113     17
    24     17     16
    18     65     19
   114    115    116
   114    116    117
   114    117    118
    69     64     63
    69     63    119
    69    119    115
    69    115    114
   120    121    122
   120    122     67
   120     67     69
   120     69    114
   120    114    118
   120    118    123
   120    123    124
   125    126    127
   125    127    128
   125    128    129
   125    129     70
   125     70     68
   125     68     67
   125     67    122
   129    130    131
   129    131    132
   129    132    133
   129    133     71
   129     71     70
   133     73     72
   133     72     71
   134     29     28
   134     28     74
    76    135    136
    76    136     77
    77    136    137
    77    137    138
    77    138    139
    77    139    140
    77    140     79
    77     79     78
    79    140    141
    79    141    142
    79    142     80
    81    143    144
    81    144     83
    81     83     82
    35     84    145
    35    145     85
    35     85     40
    35     40     36
   146     89     88
   146     88     87
   146     87     86
   147    148    149
   147    149     90
   147     90     89
   147     89    146
   150    151    152
   150    152    153
    90    149    150
    90    150    153
    90    153    154
    90    154    155
    90    155     91
    92     91    155
    92    155    156
    92    156    157
    92    157     94
    92     94     93
    94    157    158
    94    158    159
    94    159    160
    94    160    161
    94    161    162
    94    162    163
    94    163     96
    94     96     95
    96    163    164
    96    164    165
    96    165    166
    96    166    167
    96    167    168
    96    168     97
    97    168    169
    97    169    170
    97    170    171
    97    171     99
    97     99     98
    99    171    100
    50    172    173
    50    173    174
    50    174     51
    51    174    175
    51    175    109
    51    109     52
   176    112     58
   176     58     57
   176     57     56
   176     56     54
   176     54     53
   176     53    111
   176    111    177
    23     60    112
    23    112    176
    23    176    178
    23    178    113
    23    113     24
    17    113    178
    17    178    179
    17    179    180
    17    180     66
    17     66     65
    17     65     18
    63     62     66
    63     66    180
    63    180    181
    63    181    119
   119    181    182
   119    182    116
   119    116    115
   183    184    185
   183    185    186
   183    186    187
   183    187    188
   118    117    189
   118    189    184
   118    184    183
   118    183    123
   190    191    192
   190    192    193
   190    193    121
   190    121    120
   194    195    125
   194    125    122
   194    122    121
   194    121    193
   194    193    196
   194    196    197
   127    198    199
   127    199    200
   127    200    128
   128    200    201
   128    201    202
   128    202    203
   128    203    130
   128    130    129
   203    204    205
   203    205    131
   203    131    130
   132    206    134
   132    134     74
   132     74     73
   132     73    133
   207     30     29
   207     29    134
   207    134    206
   208    209    210
   208    210    137
   208    137    136
   208    136    135
   137    210    211
   137    211    138
   138    211    212
   138    212    213
   138    213    214
   138    214    139
   139    214    215
   139    215    141
   139    141    140
    80    142    216
    80    216    143
    80    143     81
   144    217    218
   144    218    145
   144    145     84
   144     84     83
   145    218    219
   145    219    147
   145    147    146
   145    146     86
   145     86     85
   220    151    150
   220    150    149
   220    149    148
   221    222    223
   221    223    152
   221    152    151
   221    151    220
   224    223    222
   224    222    225
   224    225    226
   224    226    227
   153    152    223
   153    223    224
   153    224    154
   155    154    224
   155    224    227
   155    227    228
   155    228    229
   155    229    230
   155    230    156
   156    230    231
   156    231    232
   156    232    233
   156    233    234
   156    234    158
   156    158    157
   160    235    236
   160    236    237
   160    237    238
   160    238    161
   162    239    240
   162    240    241
   162    241    164
   162    164    163
   164    241    242
   164    242    243
   164    243    165
   167    244    245
   167    245    169
   167    169    168
   169    245    246
   169    246    247
   169    247    170
   107    248    249
   107    249    108
    49    108    249
    49    249    172
    49    172     50
   110    109    175
   110    175    250
   110    250    251
   110    251    252
   177    111    110
   177    110    252
   177    252    253
   177    253    254
   177    254    255
   177    255    256
   257    179    178
   257    178    176
   257    176    177
   257    177    256
   257    256    258
   257    258    259
   257    259    260
   257    260    261
   262    263    182
   262    182    181
   262    181    180
   262    180    179
   262    179    257
   264    265    262
   264    262    257
   264    257    261
   264    261    266
   116    182    263
   116    263    189
   116    189    117
   189    263    262
   189    262    265
   189    265    185
   189    185    184
   267    188    187
   267    187    268
   267    268    269
   124    123    183
   124    183    188
   124    188    267
   270    191    190
   270    190    271
   193    192    196
   272    198    127
   272    127    126
   272    126    273
   274    275    201
   274    201    200
   274    200    199
   201    275    276
   201    276    277
   201    277    202
   202    277    278
   202    278    279
   202    279    280
   202    280    204
   202    204    203
   280    281    282
   280    282    205
   280    205    204
   131    205    282
   131    282    283
   131    283    284
   131    284    207
   131    207    206
   131    206    132
   284    285     75
   284     75     31
   284     31     30
   284     30    207
   286    287    288
   286    288    289
   286    289    209
   286    209    208
   289    290    291
   289    291    212
   289    212    211
   289    211    210
   289    210    209
   292    293    294
   292    294    291
   292    291    290
   212    291    294
   212    294    295
   212    295    213
   213    295    296
   213    296    297
   213    297    215
   213    215    214
   141    215    297
   141    297    298
   141    298    299
   141    299    216
   141    216    142
   216    299    300
   216    300    301
   216    301    217
   216    217    144
   216    144    143
   301    302    303
   301    303    219
   301    219    218
   301    218    217
   219    303    304
   219    304    221
   219    221    220
   219    220    148
   219    148    147
   304    305    225
   304    225    222
   304    222    221
   306    307    308
   306    308    309
   306    309    226
   306    226    225
   306    225    305
   309    308    310
   309    310    311
   309    311    312
   227    226    309
   227    309    312
   227    312    228
   228    312    311
   228    311    313
   228    313    314
   228    314    315
   228    315    229
   229    315    316
   229    316    317
   229    317    231
   229    231    230
   158    234    318
   158    318    159
   236    319    320
   236    320    237
   161    238    321
   161    321    239
   161    239    162
   240    322    323
   240    323    242
   240    242    241
   242    323    324
   242    324    325
   242    325    243
   166    326    327
   166    327    244
   166    244    167
   327    328    246
   327    246    245
   327    245    244
   103    329    104
   105    330    106
   175    174    173
   175    173    331
   175    331    250
   252    251    332
   252    332    253
   256    255    333
   256    333    334
   256    334    258
   260    259    335
   260    335    336
   260    336    337
   260    337    338
   260    338    339
   339    338    340
   339    340    341
   339    341    342
   339    342    343
   266    261    260
   266    260    339
   266    339    343
   266    343    344
   344    343    342
   344    342    345
   186    185    265
   186    265    264
   186    264    346
   268    187    186
   268    186    346
   268    346    347
   268    347    348
   349    269    268
   349    268    348
   349    348    350
   351    271    190
   351    190    120
   351    120    124
   351    124    267
   351    267    269
   351    269    349
   352    353    270
   352    270    271
   352    271    351
   197    196    192
   197    192    191
   197    191    270
   197    270    353
   354    273    126
   354    126    125
   354    125    195
   355    356    274
   355    274    199
   355    199    198
   355    198    272
   357    358    276
   357    276    275
   357    275    274
   357    274    356
   359    278    277
   359    277    276
   359    276    358
   360    279    278
   360    278    359
   360    359    361
   362    363    281
   362    281    280
   362    280    279
   362    279    360
   362    360    364
   282    281    363
   282    363    365
   282    365    366
   282    366    367
   282    367    283
   283    367    368
   283    368    369
   283    369    370
   283    370    285
   283    285    284
   370    371    286
   370    286    208
   370    208    135
   370    135     76
   370     76     75
   370     75    285
   372    373    374
   372    374    288
   372    288    287
   372    287    375
   288    374    376
   288    376    377
   288    377    292
   288    292    290
   288    290    289
   378    379    380
   378    380    377
   378    377    376
   378    376    381
   377    380    382
   377    382    293
   377    293    292
   383    384    382
   383    382    380
   383    380    379
   383    379    385
   294    293    382
   294    382    384
   294    384    386
   294    386    296
   294    296    295
   297    296    386
   297    386    387
   297    387    388
   297    388    389
   297    389    298
   298    389    390
   298    390    391
   298    391    300
   298    300    299
   300    391    392
   300    392    393
   300    393    394
   300    394    302
   300    302    301
   394    395    396
   394    396    306
   394    306    305
   394    305    304
   394    304    303
   394    303    302
   396    397    398
   396    398    399
   396    399    400
   396    400    307
   396    307    306
   400    401    310
   400    310    308
   400    308    307
   399    402    403
   399    403    404
   399    404    405
   399    405    401
   399    401    400
   405    404    406
   405    406    407
   405    407    408
   405    408    409
   311    310    401
   311    401    405
   311    405    409
   311    409    313
   313    409    408
   313    408    410
   313    410    411
   313    411    314
   314    411    316
   314    316    315
   231    317    412
   231    412    232
   233    413    318
   233    318    234
   414    415    416
   414    416    320
   414    320    319
   237    320    416
   237    416    417
   237    417    321
   237    321    238
   321    417    418
   321    418    419
   321    419    322
   321    322    240
   321    240    239
   419    420    324
   419    324    323
   419    323    322
   325    324    420
   325    420    421
   325    421    422
   325    422    423
   325    423    424
   165    243    325
   165    325    424
   165    424    425
   165    425    326
   165    326    166
   425    426    427
   425    427    428
   425    428    328
   425    328    327
   425    327    326
   101    429    430
   101    430    102
   102    430    431
   102    431    329
   102    329    103
   249    248    432
   249    432    331
   249    331    173
   249    173    172
   250    331    432
   250    432    433
   250    433    332
   250    332    251
   254    434    333
   254    333    255
   258    334    435
   258    435    335
   258    335    259
   336    436    437
   336    437    337
   340    338    337
   340    337    437
   340    437    438
   439    341    340
   439    340    438
   439    438    440
   439    440    441
   439    441    442
   345    342    341
   345    341    439
   345    439    443
   444    443    439
   444    439    442
   444    442    445
   347    346    264
   347    264    266
   347    266    344
   347    344    345
   347    345    443
   347    443    444
   347    444    446
   350    348    347
   350    347    446
   350    446    447
   448    449    450
   448    450    451
   448    451    452
   448    452    453
   448    453    454
   448    454    455
   456    352    351
   456    351    349
   456    349    350
   456    350    447
   456    447    457
   456    457    448
   456    448    455
   455    454    458
   455    458    459
   455    459    460
   455    460    456
   456    460    461
   456    461    194
   456    194    197
   456    197    353
   456    353    352
   461    462    354
   461    354    195
   461    195    194
   463    464    355
   463    355    272
   463    272    273
   463    273    354
   463    354    462
   465    466    357
   465    357    356
   465    356    355
   465    355    464
   467    361    359
   467    359    358
   467    358    357
   467    357    466
   468    469    470
   468    470    471
   468    471    467
   468    467    466
   468    466    465
   471    364    360
   471    360    361
   471    361    467
   470    472    473
   470    473    362
   470    362    364
   470    364    471
   473    474    475
   473    475    365
   473    365    363
   473    363    362
   366    365    475
   366    475    476
   369    477    478
   369    478    371
   369    371    370
   478    375    287
   478    287    286
   478    286    371
   479    373    372
   479    372    480
   481    381    376
   481    376    374
   481    374    373
   481    373    479
   482    483    484
   482    484    378
   482    378    381
   482    381    481
   482    481    485
   484    385    379
   484    379    378
   486    487    383
   486    383    385
   486    385    484
   486    484    483
   486    483    488
   486    488    489
   386    384    383
   386    383    487
   386    487    387
   490    491    388
   490    388    387
   490    387    487
   490    487    486
   490    486    492
   388    491    493
   388    493    494
   388    494    390
   388    390    389
   390    494    495
   390    495    496
   390    496    392
   390    392    391
   392    496    497
   392    497    498
   392    498    499
   392    499    393
   393    499    500
   393    500    501
   393    501    395
   393    395    394
   501    502    503
   501    503    397
   501    397    396
   501    396    395
   503    504    505
   503    505    506
   503    506    507
   503    507    398
   503    398    397
   398    507    508
   398    508    402
   398    402    399
   506    509    510
   506    510    508
   506    508    507
   511    403    402
   511    402    508
   511    508    510
   511    510    512
   511    512    513
   406    404    403
   406    403    511
   514    407    406
   514    406    511
   514    511    513
   514    513    515
   514    515    516
   517    410    408
   517    408    407
   517    407    514
   316    411    410
   316    410    517
   316    517    518
   316    518    519
   316    519    412
   316    412    317
   232    412    519
   232    519    520
   232    520    521
   232    521    522
   232    522    413
   232    413    233
   159    318    413
   159    413    522
   159    522    235
   159    235    160
   523    524    415
   523    415    414
   416    415    524
   416    524    525
   416    525    526
   416    526    418
   416    418    417
   418    526    527
   418    527    528
   418    528    421
   418    421    420
   418    420    419
   527    529    530
   527    530    531
   527    531    532
   527    532    528
   421    528    532
   421    532    422
   422    532    531
   422    531    533
   422    533    534
   422    534    535
   422    535    536
   422    536    423
   424    423    536
   424    536    426
   424    426    425
   536    535    537
   536    537    427
   536    427    426
   247    246    328
   247    328    428
   247    428    538
   247    538    539
   100    171    170
   100    170    247
   100    247    539
   100    539    540
   100    540    429
   100    429    101
   104    329    431
   104    431    541
   104    541    542
   104    542    330
   104    330    105
   433    432    248
   433    248    107
   433    107    106
   433    106    330
   433    330    542
   433    542    543
   253    332    433
   253    433    543
   253    543    544
   253    544    545
   253    545    434
   253    434    254
   333    434    545
   333    545    546
   333    546    547
   333    547    435
   333    435    334
   335    435    547
   335    547    548
   335    548    549
   335    549    436
   335    436    336
   438    437    436
   438    436    549
   438    549    550
   438    550    551
   438    551    440
   551    550    552
   551    552    553
   441    440    551
   441    551    553
   441    553    554
   554    553    552
   554    552    555
   554    555    556
   554    556    557
   445    442    441
   445    441    554
   445    554    557
   445    557    558
   558    557    556
   558    556    559
   558    559    560
   447    446    444
   447    444    445
   447    445    558
   447    558    560
   447    560    561
   447    561    562
   447    562    457
   457    562    563
   457    563    564
   457    564    565
   457    565    449
   457    449    448
   451    566    567
   451    567    568
   451    568    452
   452    568    569
   452    569    570
   452    570    453
   454    453    570
   454    570    571
   454    571    572
   454    572    458
   458    572    573
   458    573    574
   458    574    575
   458    575    576
   458    576    577
   458    577    459
   459    577    578
   459    578    579
   459    579    580
   459    580    463
   459    463    462
   459    462    461
   459    461    460
   579    581    582
   579    582    583
   579    583    584
   579    584    585
   579    585    586
   579    586    587
   579    587    588
   579    588    580
   580    588    589
   580    589    468
   580    468    465
   580    465    464
   580    464    463
   587    590    591
   587    591    592
   587    592    593
   587    593    589
   587    589    588
   589    593    594
   589    594    469
   589    469    468
   592    595    594
   592    594    593
   594    595    596
   594    596    472
   594    472    470
   594    470    469
   597    474    473
   597    473    472
   597    472    596
   598    476    475
   598    475    474
   598    474    597
   599    600    477
   599    477    369
   599    369    368
   601    480    372
   601    372    375
   601    375    478
   601    478    477
   601    477    600
   602    485    481
   602    481    479
   602    479    480
   602    480    601
   603    604    482
   603    482    485
   603    485    602
   605    488    483
   605    483    482
   605    482    604
   606    489    488
   606    488    605
   607    492    486
   607    486    489
   607    489    606
   607    606    608
   609    610    611
   609    611    490
   609    490    492
   609    492    607
   612    613    493
   612    493    491
   612    491    490
   612    490    611
   614    495    494
   614    494    493
   614    493    613
   614    613    615
   616    497    496
   616    496    495
   616    495    614
   616    614    617
   618    498    497
   618    497    616
   618    616    619
   620    621    500
   620    500    499
   620    499    498
   620    498    618
   620    618    622
   623    624    502
   623    502    501
   623    501    500
   623    500    621
   625    626    627
   625    627    504
   625    504    503
   625    503    502
   625    502    624
   628    505    504
   628    504    627
   628    627    629
   630    509    506
   630    506    505
   630    505    628
   630    628    631
   632    512    510
   632    510    509
   632    509    630
   633    634    632
   633    632    630
   633    630    631
   633    631    635
   513    512    632
   513    632    634
   513    634    636
   513    636    515
   516    515    636
   516    636    637
   516    637    638
   639    518    517
   639    517    514
   639    514    516
   639    516    638
   639    638    640
   639    640    641
   520    519    518
   520    518    639
   520    639    642
   522    521    643
   522    643    644
   522    644    523
   522    523    414
   522    414    319
   522    319    236
   522    236    235
   644    645    525
   644    525    524
   644    524    523
   646    647    648
   646    648    649
   646    649    529
   646    529    527
   646    527    526
   646    526    525
   646    525    645
   650    649    648
   650    648    651
   650    651    652
   530    529    649
   530    649    650
   530    650    653
   654    653    650
   654    650    652
   654    652    655
   533    531    530
   533    530    653
   533    653    654
   533    654    656
   657    534    533
   657    533    656
   657    656    658
   659    537    535
   659    535    534
   659    534    657
   428    427    537
   428    537    659
   428    659    660
   428    660    538
   539    538    660
   539    660    661
   539    661    662
   539    662    540
   541    431    430
   541    430    429
   541    429    540
   541    540    662
   541    662    663
   541    663    664
   541    664    665
   543    542    541
   543    541    665
   543    665    666
   543    666    667
   543    667    544
   546    545    544
   546    544    667
   546    667    668
   546    668    669
   548    547    546
   548    546    669
   548    669    670
   548    670    671
   548    671    672
   548    672    673
   552    550    549
   552    549    548
   552    548    673
   552    673    674
   552    674    555
   674    673    672
   674    672    675
   674    675    676
   674    676    677
   556    555    674
   556    674    677
   556    677    678
   556    678    559
   678    677    676
   678    676    679
   678    679    680
   560    559    678
   560    678    680
   560    680    681
   560    681    561
   680    679    682
   680    682    683
   680    683    681
   561    681    683
   561    683    684
   561    684    563
   561    563    562
   564    685    686
   564    686    687
   564    687    565
   565    687    688
   565    688    450
   565    450    449
   570    569    689
   570    689    571
   571    689    690
   571    690    573
   571    573    572
   576    691    578
   576    578    577
   578    691    692
   578    692    693
   578    693    581
   578    581    579
   582    694    695
   582    695    696
   582    696    697
   582    697    583
   583    697    698
   583    698    699
   583    699    584
   585    700    701
   585    701    586
   702    703    701
   702    701    700
   586    701    703
   586    703    704
   586    704    590
   586    590    587
   704    705    591
   704    591    590
   591    705    706
   591    706    598
   591    598    597
   591    597    596
   591    596    595
   591    595    592
   707    708    599
   707    599    368
   707    368    367
   707    367    366
   707    366    476
   707    476    598
   707    598    706
   709    710    711
   709    711    603
   709    603    602
   709    602    601
   709    601    600
   709    600    599
   709    599    708
   711    608    606
   711    606    605
   711    605    604
   711    604    603
   712    713    609
   712    609    607
   712    607    608
   712    608    711
   712    711    710
   714    610    609
   714    609    713
   715    716    717
   715    717    714
   715    714    713
   715    713    712
   717    718    612
   717    612    611
   717    611    610
   717    610    714
   615    613    612
   615    612    718
   615    718    719
   615    719    720
   615    720    721
   722    617    614
   722    614    615
   722    615    721
   722    721    723
   722    723    724
   725    619    616
   725    616    617
   725    617    722
   726    622    618
   726    618    619
   726    619    725
   727    728    623
   727    623    621
   727    621    620
   729    730    731
   729    731    625
   729    625    624
   729    624    623
   729    623    728
   731    732    733
   731    733    626
   731    626    625
   629    627    626
   629    626    733
   629    733    734
   629    734    735
   635    631    628
   635    628    629
   635    629    735
   635    735    736
   736    735    734
   736    734    737
   637    636    634
   637    634    633
   637    633    738
   640    638    637
   640    637    738
   640    738    739
   740    642    639
   740    639    641
   740    641    741
   742    743    643
   742    643    521
   742    521    520
   742    520    642
   742    642    740
   744    745    646
   744    646    645
   744    645    644
   744    644    643
   744    643    743
   746    747    647
   746    647    646
   746    646    745
   651    648    647
   651    647    747
   651    747    748
   749    748    747
   749    747    746
   749    746    750
   749    750    751
   655    652    651
   655    651    748
   655    748    749
   752    751    750
   752    750    753
   658    656    654
   658    654    655
   658    655    749
   658    749    751
   658    751    752
   662    661    754
   662    754    663
   664    663    754
   664    754    755
   664    755    756
   664    756    757
   664    757    758
   759    760    666
   759    666    665
   759    665    664
   759    664    758
   759    758    761
   759    761    762
   759    762    763
   667    666    760
   667    760    764
   667    764    765
   667    765    766
   667    766    668
   669    668    766
   669    766    767
   669    767    768
   669    768    769
   669    769    770
   669    770    670
   670    770    771
   670    771    772
   670    772    773
   670    773    774
   670    774    671
   672    671    774
   672    774    775
   672    775    776
   672    776    675
   776    775    777
   776    777    778
   676    675    776
   676    776    778
   676    778    779
   676    779    682
   676    682    679
   683    682    779
   683    779    780
   683    780    781
   683    781    684
   563    684    781
   563    781    685
   563    685    564
   686    782    783
   686    783    784
   686    784    688
   686    688    687
   450    688    784
   450    784    785
   450    785    566
   450    566    451
   573    690    786
   573    786    574
   574    786    787
   574    787    788
   574    788    575
   693    789    694
   693    694    582
   693    582    581
   790    695    694
   790    694    789
   696    791    792
   696    792    793
   696    793    698
   696    698    697
   792    794    795
   792    795    796
   792    796    793
   698    793    796
   698    796    797
   698    797    699
   797    796    795
   797    795    798
   797    798    799
   797    799    800
   584    699    797
   584    797    800
   584    800    702
   584    702    700
   584    700    585
   800    799    801
   800    801    802
   800    802    803
   800    803    804
   800    804    805
   800    805    707
   800    707    706
   800    706    705
   800    705    704
   800    704    703
   800    703    702
   805    806    807
   805    807    808
   805    808    809
   805    809    709
   805    709    708
   805    708    707
   809    810    715
   809    715    712
   809    712    710
   809    710    709
   811    812    813
   811    813    814
   811    814    716
   811    716    715
   811    715    810
   814    719    718
   814    718    717
   814    717    716
   815    720    719
   815    719    814
   815    814    813
   816    723    721
   816    721    720
   816    720    815
   816    815    817
   724    723    816
   724    816    818
   724    818    819
   724    819    820
   821    822    726
   821    726    725
   821    725    722
   821    722    724
   821    724    820
   821    820    823
   821    823    824
   821    824    825
   826    827    727
   826    727    620
   826    620    622
   826    622    726
   826    726    822
   828    829    830
   828    830    831
   828    831    729
   828    729    728
   828    728    727
   828    727    827
   828    827    832
   831    833    834
   831    834    835
   831    835    730
   831    730    729
   836    732    731
   836    731    730
   836    730    835
   737    734    733
   737    733    732
   737    732    836
   737    836    837
   838    837    836
   838    836    835
   838    835    834
   838    834    839
   739    738    633
   739    633    635
   739    635    736
   739    736    737
   739    737    837
   739    837    838
   741    641    640
   741    640    739
   741    739    838
   741    838    839
   741    839    840
   741    840    841
   741    841    842
   843    844    742
   843    742    740
   843    740    741
   843    741    842
   843    842    845
   846    847    848
   846    848    849
   846    849    744
   846    744    743
   846    743    742
   846    742    844
   753    750    746
   753    746    745
   753    745    744
   753    744    849
   850    851    852
   850    852    853
   850    853    847
   850    847    846
   848    847    853
   854    851    850
   854    850    855
   854    855    856
   854    856    857
   755    852    851
   755    851    854
   755    854    756
   858    859    757
   858    757    756
   858    756    854
   858    854    857
   858    857    860
   858    860    861
   858    861    862
   758    757    859
   758    859    863
   758    863    761
   864    764    760
   864    760    759
   766    765    865
   766    865    866
   766    866    767
   771    770    769
   771    769    867
   773    772    868
   773    868    869
   777    775    774
   777    774    773
   777    773    869
   777    869    870
   779    778    777
   779    777    870
   779    870    871
   779    871    872
   779    872    780
   781    780    872
   781    872    782
   781    782    686
   781    686    685
   784    783    873
   784    873    874
   784    874    875
   784    875    785
   785    875    567
   785    567    566
   575    788    876
   575    876    692
   575    692    691
   575    691    576
   876    877    878
   876    878    790
   876    790    789
   876    789    693
   876    693    692
   878    879    880
   878    880    791
   878    791    696
   878    696    695
   878    695    790
   880    881    882
   880    882    883
   880    883    794
   880    794    792
   880    792    791
   795    794    883
   795    883    884
   795    884    798
   882    885    886
   882    886    887
   882    887    884
   882    884    883
   798    884    887
   798    887    801
   798    801    799
   801    887    886
   801    886    888
   801    888    889
   801    889    890
   801    890    891
   801    891    892
   801    892    802
   802    892    893
   802    893    803
   808    894    895
   808    895    811
   808    811    810
   808    810    809
   895    896    812
   895    812    811
   897    817    815
   897    815    813
   897    813    812
   897    812    896
   897    896    898
   899    818    816
   899    816    817
   899    817    897
   900    823    820
   900    820    819
   900    819    901
   902    903    826
   902    826    822
   902    822    821
   904    832    827
   904    827    826
   904    826    903
   904    903    905
   906    830    829
   906    829    907
   908    833    831
   908    831    830
   908    830    906
   908    906    909
   839    834    833
   839    833    908
   839    908    840
   841    840    908
   841    908    909
   841    909    910
   841    910    911
   845    842    841
   845    841    911
   845    911    912
   845    912    913
   845    913    914
   845    914    915
   916    917    918
   916    918    919
   916    919    843
   916    843    845
   916    845    915
   916    915    920
   921    922    923
   921    923    855
   921    855    850
   921    850    846
   921    846    844
   921    844    843
   921    843    919
   921    919    924
   921    924    925
   926    927    928
   926    928    929
   926    929    923
   926    923    922
   926    922    930
   923    929    856
   923    856    855
   928    927    931
   928    931    932
   857    856    929
   857    929    928
   857    928    932
   857    932    860
   933    934    863
   933    863    859
   933    859    858
   761    863    934
   761    934    935
   761    935    762
   865    765    764
   865    764    864
   865    864    936
   768    767    866
   768    866    937
   938    868    772
   938    772    771
   938    771    867
   938    867    939
   870    869    868
   870    868    938
   870    938    940
   870    940    871
   872    871    940
   872    940    941
   872    941    873
   872    873    783
   872    783    782
   873    941    942
   873    942    943
   873    943    874
   567    875    874
   567    874    943
   567    943    787
   567    787    786
   567    786    690
   567    690    689
   567    689    569
   567    569    568
   944    945    946
   944    946    879
   944    879    878
   944    878    877
   946    947    948
   946    948    949
   946    949    950
   946    950    951
   946    951    881
   946    881    880
   946    880    879
   951    952    885
   951    885    882
   951    882    881
   950    953    889
   950    889    888
   950    888    952
   950    952    951
   886    885    952
   886    952    888
   889    953    954
   889    954    955
   889    955    956
   889    956    890
   891    957    893
   891    893    892
   807    958    959
   807    959    894
   807    894    808
   898    896    895
   898    895    894
   898    894    959
   901    819    818
   901    818    899
   960    824    823
   960    823    900
   961    905    903
   961    903    902
   962    907    829
   962    829    828
   962    828    963
   910    909    906
   910    906    907
   910    907    962
   910    962    964
   965    912    911
   965    911    910
   965    910    964
   965    964    966
   913    912    965
   967    968    924
   967    924    919
   967    919    918
   967    918    969
   925    924    968
   925    968    970
   971    930    922
   971    922    921
   972    931    927
   972    927    926
   860    932    931
   860    931    972
   860    972    973
   860    973    861
   935    934    933
   935    933    974
   935    974    975
   763    762    935
   763    935    975
   763    975    976
   937    866    865
   937    865    936
   937    936    977
   937    977    978
   939    867    769
   939    769    768
   939    768    937
   939    937    978
   939    978    979
   942    941    940
   942    940    938
   942    938    939
   942    939    979
   942    979    980
   942    980    981
   981    980    982
   981    982    983
   981    983    984
   787    943    942
   787    942    981
   787    981    984
   787    984    944
   787    944    877
   787    877    876
   787    876    788
   985    986    987
   985    987    947
   985    947    946
   985    946    945
   948    988    989
   948    989    949
   949    989    990
   949    990    954
   949    954    953
   949    953    950
   990    991    955
   990    955    954
   890    956    992
   890    992    957
   890    957    891
   993    958    807
   993    807    806
   994    995    960
   994    960    900
   994    900    901
   994    901    899
   994    899    897
   994    897    898
   994    898    959
   994    959    958
   994    958    993
   825    824    960
   825    960    995
   996    963    828
   996    828    832
   996    832    904
   966    964    962
   966    962    963
   966    963    996
   920    915    914
   920    914    997
   998    917    916
   970    968    967
   970    967    999
  1000    973    972
  1000    972    926
  1000    926    930
  1000    930    971
   862    861    973
   862    973   1000
   976    975    974
   976    974   1001
   976   1001   1002
   977    936    864
   977    864    759
   977    759    763
   977    763    976
   977    976   1002
   977   1002   1003
   977   1003   1004
   979    978    977
   979    977   1004
   979   1004   1005
   979   1005   1006
   979   1006    982
   979    982    980
   982   1006   1007
   982   1007   1008
   982   1008    983
   984    983   1008
   984   1008    985
   984    985    945
   984    945    944
   987   1009    988
   987    988    948
   987    948    947
  1010    991    990
  1010    990    989
  1010    989    988
  1010    988   1009
   992    956    955
   992    955    991
   992    991   1010
   992   1010   1011
   804   1012    994
   804    994    993
   804    993    806
   804    806    805
  1013   1014   1015
  1013   1015    998
  1013    998    916
  1013    916    920
  1013    920    997
  1013    997    961
  1013    961    902
  1013    902    821
  1013    821    825
  1013    825    995
  1013    995    994
  1013    994   1012
   997    914    913
   997    913    965
   997    965    966
   997    966    996
   997    996    904
   997    904    905
   997    905    961
  1015    969    918
  1015    918    917
  1015    917    998
  1016    999    967
  1016    967    969
  1016    969   1015
  1016   1015   1014
  1001    974    933
  1001    933    858
  1001    858    862
  1001    862   1000
  1001   1000    971
  1001    971    921
  1001    921    925
  1001    925    970
  1001    970    999
  1001    999   1016
  1004   1003   1017
  1004   1017   1018
  1004   1018   1005
  1005   1018   1019
  1005   1019   1007
  1005   1007   1006
  1008   1007   1019
  1008   1019   1020
  1008   1020    986
  1008    986    985
  1020   1021   1011
  1020   1011   1010
  1020   1010   1009
  1020   1009    987
  1020    987    986
   803    893    957
   803    957    992
   803    992   1011
   803   1011   1021
   803   1021   1022
   803   1022   1013
   803   1013   1012
   803   1012    804
  1022   1017   1003
  1022   1003   1002
  1022   1002   1001
  1022   1001   1016
  1022   1016   1014
  1022   1014   1013
  1019   1018   1017
  1019   1017   1022
  1019   1022   1021
  1019   1021   1020
   754    661    660
   754    660    659
   754    659    657
   754    657    658
   754    658    752
   754    752    753
   754    753    849
   754    849    848
   754    848    853
   754    853    852
   754    852    755
