1009 2014
   11.250269   -21.366286    51.476663
   19.239777   -21.366286    50.689743
   23.778879   -17.217791    49.834061
   25.503939   -15.141498    49.459622
   29.140851    -8.580981    48.455287
   33.744150     1.307633    47.028008
   39.601347    17.469160    44.859366
   39.276935    19.915991    44.650320
   14.826027    44.366995    44.650320
   14.535188    44.405513    44.675143
   11.250269    40.811305    45.352689
    7.118893    40.263581    44.999745
  -36.969056    -3.824464    44.999745
  -36.960496    -3.839871    45.002123
  -29.530506   -15.280070    46.860619
  -29.327452   -15.524496    46.904654
  -20.334369   -25.876095    48.809943
  -17.476769   -28.971940    49.396376
  -14.820701   -31.399559    49.897022
    1.216996   -31.399559    51.476663
  -14.789791   -31.632382    49.877144
   -1.142622   -45.279551    49.877144
   -0.883549   -45.439522    49.886940
    0.826675   -45.666259    50.033026
    0.920165   -45.564018    50.052332
    1.216996   -44.379929    50.198132
   15.531439   -30.065486    50.198132
   18.784973   -24.796529    50.396622
   42.073001    21.895274    43.553445
   43.068682    24.235585    42.957311
   42.526664    31.366177    42.225744
   42.494042    31.445021    42.225744
   41.964864    41.005610    40.740830
   40.845353    42.956265    40.604161
   36.588531    47.213087    40.604161
   33.390160    49.048663    40.828234
   31.899540    49.131216    41.059821
   26.015047    51.568632    41.059821
   18.884265    52.110650    41.791293
   17.429500    51.705587    42.097063
   14.630676    50.731020    42.744270
   14.616695    50.723221    42.748455
   14.535188    50.628494    42.787449
    8.290903    50.153812    42.146805
    6.227831    49.907579    41.962296
   -7.324801    44.293952    41.962296
   -8.428904    44.232798    41.790722
   -9.548986    43.833442    41.672313
  -22.107934    38.450641    40.492409
  -25.839003    36.771708    40.154968
  -29.442151    34.703785    39.902552
  -31.910952    33.232947    39.738492
  -38.128512    28.625748    39.473713
  -45.388830    21.365525    39.473713
  -46.103278    20.120663    39.560926
  -46.124201    19.740993    39.619893
  -41.048598     1.551204    43.445118
  -36.987031    -3.802779    44.993183
  -48.147138    14.857222    39.619893
  -48.218564    13.918035    39.716237
  -45.558407     7.665381    41.308812
  -44.632440     6.007277    41.798045
  -43.354956     4.309227    42.398935
  -14.900020   -32.027364    49.794116
  -14.094840   -33.430295    49.695774
   -3.731258   -43.793877    49.695774
    0.212470   -46.363872    49.744279
    0.826675   -46.618190    49.744279
    0.886878   -46.760185    49.693587
    1.424616   -47.385613    49.436321
    1.822450   -47.684916    49.295562
    1.968536   -47.673788    49.280535
    3.900360   -46.873554    49.280535
    4.074406   -46.444143    49.388957
    8.902445   -41.616105    49.388957
   22.429778   -20.474653    49.834061
   43.369887    24.719777    42.726961
   42.842516    32.257334    41.929294
   42.855546    32.572996    41.867093
   42.412725    40.567544    40.625560
   40.689757    43.644082    40.378375
   37.276443    47.057396    40.378375
   32.151194    50.315305    40.502205
   30.239913    51.397343    40.376473
   26.168170    51.622938    41.008843
   24.980657    51.941073    41.008843
   19.502178    52.324356    41.588619
   13.214144    50.625165    42.599992
   10.068653    50.396241    42.271871
    5.095861    49.834917    41.790722
  -39.227004    27.873828    39.326676
  -45.287445    21.813386    39.326676
  -48.511781    17.764659    38.940825
  -48.601848    16.139937    39.193145
  -48.684781    15.830172    39.193145
  -48.746221    14.952520    39.286065
  -48.309963    14.065071    39.646333
  -29.503496   -15.327719    46.863758
  -14.092653   -33.440186    49.692541
   -3.741150   -43.791594    49.692541
    0.674027   -46.835606    49.622827
    0.918739   -47.250084    49.436321
    2.134498   -48.224271    48.962590
    2.205734   -48.300547    48.911613
    2.946907   -48.101962    48.911613
    2.986662   -48.034626    48.941857
    3.826461   -47.176091    49.162887
    3.900455   -46.876122    49.279489
    8.826929   -41.949647    49.279489
   23.758240   -19.175199    49.492054
   25.711083   -15.726029    49.265223
   28.133186   -12.341723    48.455287
   45.573624    26.449593    40.636022
   43.822790    35.251699    40.636022
   43.472794    40.193677    39.924237
   43.157608    40.536444    40.087441
   43.101494    40.783343    40.006505
   40.746061    44.308409    40.006505
   40.737026    44.345786    39.991954
   38.095985    46.986827    39.991954
   37.667526    47.090589    40.159438
   33.197091    50.077536    40.159438
   29.967620    51.647856    40.246747
   25.119419    51.991194    40.945121
   24.000099    52.213841    40.945121
   19.913614    52.519422    41.361407
  -26.932834    36.380531    39.902552
  -40.193391    27.237559    39.156339
  -45.313315    22.117635    39.156339
  -46.408193    21.633158    38.583221
  -49.006815    17.744021    38.583221
  -49.051801    17.723858    38.554308
  -49.103730    16.990484    38.659878
  -49.370507    15.649658    38.659878
  -44.712616     5.785296    41.695995
  -45.272989     6.230494    41.308812
  -15.729168   -32.768347    48.809943
  -14.096933   -33.490593    49.664389
   -3.791557   -43.795874    49.664389
   -3.341603   -44.812859    49.132072
    0.936334   -47.671220    49.132072
    1.316478   -48.519675    48.586630
    1.624532   -49.949236    47.463696
    2.327566   -50.089044    47.463696
    2.327566   -48.786356    48.532800
    2.555920   -50.379978    47.187694
    2.590063   -50.373130    47.187694
    2.888416   -48.988840    48.275058
    2.912097   -48.935960    48.309107
    3.487117   -48.551726    48.309107
    4.086105   -47.198156    49.017563
    8.854225   -42.430035    49.017563
    8.864212   -42.388568    49.033826
   23.440391   -20.573755    49.033826
   35.701368    -4.112735    44.536857
   37.124557    -2.982096    43.553445
   46.709208    26.405939    39.349502
   56.916338    26.405939    26.912006
   56.409415    29.606212    26.912006
   49.860976    36.721967    33.518174
   46.515949    26.449593    39.576524
   49.183906    37.618545    34.078833
   45.936554    39.948965    37.208822
   45.276318    41.244805    37.208822
   44.897600    41.612586    37.430803
   43.276492    42.752164    38.638764
   42.152036    44.005301    38.902211
   41.543728    44.293096    39.283973
   38.043391    47.793434    39.283973
   37.964642    47.959872    39.179545
   35.387513    50.272316    38.637717
   35.185314    50.560016    38.423345
   30.053883    53.174617    38.423345
   29.827907    53.054021    38.697065
   27.255724    53.274005    39.024995
   22.184306    54.077188    39.024995
   20.049617    52.639733    41.188501
    9.772298    50.492775    42.097063
    5.480952    50.125755    41.549910
  -13.464372    42.854880    40.492409
  -29.028243    35.819681    39.132372
  -44.434046    25.348438    36.948418
  -48.270968    21.511515    36.948418
  -50.385114    20.511460    35.621668
  -50.190999    18.328457    37.138157
  -52.674162    20.396665    33.032175
  -53.596419    18.586673    33.032175
  -53.548010    18.496036    33.142024
  -51.493592    18.199110    35.702604
  -50.766114    15.965035    37.020224
  -53.856443    16.548805    33.142024
  -53.339914    15.965035    33.884053
  -50.686034     6.768232    35.342812
  -51.856427     6.599131    33.884053
  -52.970612     4.511806    31.355905
  -34.221304   -32.285771    31.355905
  -31.945762   -32.399900    33.930180
  -30.965584   -31.773522    35.438586
   -6.688437   -57.657225    33.930180
   -5.521277   -57.326156    35.336916
   -2.802343   -53.071806    41.884118
    0.104333   -52.813399    43.903346
   -3.683800   -58.262299    35.336916
   -0.166533   -56.384782    39.597067
    0.204291   -53.819446    42.794487
    2.483733   -53.077227    44.138927
    2.555920   -52.757666    44.514316
    0.924730   -56.557687    39.597067
    2.483733   -55.178153    41.578823
    3.077870   -55.084091    41.578823
    3.341032   -54.575932    42.147185
    3.104024   -52.936183    44.191046
    3.237460   -51.592884    45.671490
    3.288248   -51.597449    45.636205
    3.395909   -54.547970    42.147185
    3.525351   -51.968369    45.065274
   13.357757   -42.135962    45.065274
   14.964028   -41.376148    44.057230
   24.358939   -30.905856    41.855871
   37.283767   -21.820615    32.225473
   47.402732    -1.961022    32.225473
   54.328081     3.008822    25.550446
   59.102669     5.481142    20.209683
   61.712135     8.316678    17.577297
   63.310892    18.411105    17.577297
   61.146911    21.624788    20.834350
   64.344426    18.172100    15.702538
   65.191739    18.172100    14.117286
   62.806252    21.949295    17.650055
   61.601810    23.410242    19.543455
   59.556427    25.974911    22.411803
   56.184866    30.148895    26.911720
   55.368463    31.048327    27.725936
   49.184096    37.621018    34.076646
   48.212192    38.928651    34.540961
   44.072066    42.688537    37.430803
   43.985138    42.767667    37.473221
   42.140052    44.106971    38.795501
   38.330235    47.916788    38.795501
   37.565570    48.970199    38.040632
   35.125967    50.842200    38.040632
   34.000084    52.269384    36.743651
   32.493296    53.389180    36.208671
   30.102863    53.280377    38.224665
   30.048557    55.689546    33.846486
   29.651578    55.853987    33.846486
   28.790189    56.600486    32.778904
   22.390689    54.969772    37.405885
   27.536767    57.882535    30.689106
   26.213631    58.718150    29.451662
   23.208138    59.113797    29.451662
   22.390689    58.671262    30.481011
   10.008260    57.041119    30.481011
    7.965541    55.750985    32.391436
    7.940432    55.725306    32.433283
    6.198062    54.215379    34.592509
  -20.460197    43.173205    34.592509
  -21.911157    42.744460    34.120681
  -28.620803    37.757688    36.503029
  -33.915819    35.238479    34.005696
  -47.234962    25.018415    34.005696
  -52.592845    22.242987    30.930204
  -52.798848    20.494816    32.766825
  -53.643878    22.095285    29.413239
  -55.626394    20.656118    27.992522
  -56.015004    20.149671    27.992522
  -55.514167    19.924075    29.082835
  -55.493244    19.465847    29.469257
  -58.317176    19.079711    24.582347
  -57.874356    19.048325    25.418437
  -57.237516    16.548805    27.225670
  -60.442639    18.476349    20.754459
  -62.623550    16.907170    17.060863
  -63.361870    16.185304    15.857278
  -58.809453    16.185304    24.374347
  -63.708727    15.967222    15.154718
  -64.046834    15.619033    14.436276
  -66.448014    11.184645     8.851848
  -67.242542     9.350782     6.913651
  -67.122992     7.988652     6.801805
  -66.330176     1.966253     6.801805
  -62.360958     2.247486    14.297039
  -59.092683     1.674368    19.857120
  -67.744044    -2.961553     0.463649
  -67.725498    -3.505093     0.084646
  -67.614413    -4.181117    -0.225215
  -67.282202    -5.580910    -0.679638
  -64.602452   -15.485788    -3.290055
  -60.341635   -25.772427    -3.290055
  -60.304258   -25.898825    -3.331141
  -58.892387   -27.798503    -2.656639
  -57.699168   -28.739877    -1.572318
  -35.612728   -33.382456    28.392830
  -44.205122   -46.325639    -1.572318
  -40.941127   -49.296703     0.019782
  -33.063465   -55.014948     5.665080
  -30.619963   -57.458451     5.665080
  -26.812904   -59.430600     7.850460
   -9.677666   -61.449828    25.853174
  -20.468471   -64.298869     7.850460
  -18.538834   -65.216942     8.760544
  -17.559512   -65.171290    10.049917
  -12.992354   -64.737505    16.420600
  -11.919160   -64.181506    18.652203
  -10.426448   -63.323256    21.893277
   -9.647422   -61.593821    25.657823
   -5.497120   -61.405032    29.157875
   -4.322637   -59.640502    32.748279
   -5.533641   -61.919469    28.186447
    0.547249   -58.399635    36.269255
    0.924730   -56.767304    39.230237
   -5.317272   -61.947906    28.186447
   -2.683174   -60.806616    30.970434
    0.547249   -59.057398    35.038658
    3.850713   -58.622472    35.038658
    3.770633   -57.492404    37.172586
    3.886854   -56.829504    38.300466
    5.080834   -58.975416    33.456450
    4.118917   -56.840061    38.104735
    4.347080   -55.754694    39.577285
    5.129529   -59.003472    33.350690
    7.178526   -59.198062    30.492614
   12.993971   -54.735712    30.492614
   13.415392   -54.517441    30.250660
   16.807212   -54.040762    25.355571
   23.231345   -49.377545    20.751891
   45.740633   -20.042960    20.751891
   53.759814   -13.716598    13.464943
   59.617582    -5.834942    10.666309
   62.740722    -2.515689     7.459188
   66.807045     7.301310     7.459188
   67.302555     9.132795     7.941859
   66.635661     9.180064     9.201178
   67.375502     9.248256     7.833912
   67.661015    11.417373     7.833912
   67.777617    12.746025     7.943000
   67.698868    13.188656     8.199410
   66.804857    15.251918    10.380130
   65.263925    18.097821    13.964067
   67.634956    13.755782     8.199410
   67.224852    14.824410     9.154670
   66.847751    15.541140    10.131519
   66.252283    16.746913    11.473391
   65.344196    18.071571    13.727915
   63.314031    21.390919    16.612622
   56.789179    29.523278    25.965971
   48.196404    38.999697    34.451845
   47.709263    39.582516    34.543814
   37.439268    49.313537    37.473221
   36.926828    49.913571    36.997018
   34.147691    52.236477    36.558572
   29.873274    56.092041    32.942869
   29.470113    56.481411    32.333515
   27.682282    57.875687    30.542640
   25.984042    59.420043    27.387734
   25.367935    60.072956    25.630717
   23.208138    59.753110    27.487216
   25.320952    60.126502    25.471507
   23.431070    61.466282    21.756702
   23.113031    61.633671    21.323107
   23.113031    60.083038    26.434851
   11.563078    61.793261    16.507052
   22.290351    62.204221    19.136775
   21.014198    62.815477    16.647811
   19.144004    63.275227    14.437608
   18.548440    63.394301    13.823593
   16.394825    63.196858    13.674560
   11.589423    62.655411    13.674560
   11.078885    62.670343    13.032014
    4.794275    60.888789    11.645631
   -8.700532    56.166700    11.645631
  -10.820573    54.870004    13.488054
  -16.544810    51.589270    15.980252
  -18.837377    49.801249    18.276718
  -41.365116    35.646205    18.276718
  -44.405894    32.903399    20.848901
  -52.003749    26.552880    22.047541
  -53.387563    25.500515    21.181017
  -59.748640    19.139438    21.181017
  -60.423333    18.563277    20.645466
  -63.386027    16.575054    15.348833
  -63.585277    16.450083    14.944626
  -63.691227    16.340519    14.779044
  -64.271954    15.782808    13.498421
  -64.579341    15.444796    12.870426
  -66.286997    13.833485     8.275020
  -66.741896    13.169824     7.145523
  -67.099405    12.665659     6.154408
  -67.735770    11.456177     4.505814
  -67.801679    11.284413     4.352215
  -68.019571     9.350782     4.352215
  -68.190859     8.654024     3.528775
  -68.642240     6.397122     1.202444
  -68.664114     6.225834     1.066536
  -68.337230     2.659206     0.819637
  -68.153482     1.029063     0.819637
  -65.567033   -12.581299    -3.118195
  -64.826335   -15.194283    -3.694547
  -64.583621   -15.887807    -3.694547
  -63.958955   -17.872987    -4.235994
  -63.002934   -20.479979    -4.575148
  -61.977294   -23.186359    -4.836313
  -61.273689   -24.884979    -4.836313
  -60.821833   -25.673420    -4.493070
  -60.211813   -26.895647    -4.981542
  -58.479810   -29.652244    -4.981542
  -58.080454   -30.372874    -5.335437
  -57.211837   -31.680602    -5.645868
  -57.035793   -31.897637    -5.623993
  -49.137398   -41.347236    -4.133278
  -45.660552   -45.082774    -2.727589
  -35.425651   -54.812084     0.019782
  -30.104765   -58.858624     3.351494
  -26.223808   -62.102551     2.739287
  -23.462646   -63.632356     4.095045
  -21.658837   -64.765752     4.095045
  -20.848330   -65.170244     4.418981
  -18.809986   -65.505688     7.341255
  -18.614445   -65.473827     7.819646
  -13.986418   -65.338870    13.645267
  -13.422240   -65.326506    14.319389
   -5.695419   -63.259914    24.001716
  -13.238682   -65.347144    14.319389
   -7.297505   -64.158871    20.443458
   -5.695419   -63.765031    22.336763
    5.607254   -62.491541    22.336763
    5.621140   -62.036261    23.832424
    5.994057   -60.896397    27.184204
    8.278539   -60.789306    24.885455
    7.880610   -62.557831    19.475168
    9.048530   -62.149059    19.475168
    8.726876   -61.055607    23.480146
   15.109352   -61.151761    10.785954
   15.539333   -60.881561    10.785954
   14.716748   -59.722200    15.967602
   21.653416   -58.526413     0.958969
   22.792233   -57.817957    -0.165963
   28.345847   -53.594422    -3.643379
   37.994886   -43.945383    -3.643379
   40.334246   -41.947650    -5.500258
   45.446370   -35.831570    -6.465124
   51.114113   -25.602090    -1.442115
   56.850618   -16.472528    -1.442115
   56.904639   -16.375138    -1.419955
   64.121208    -1.914419     4.359729
   64.320268    -1.567182     4.208508
   65.537454     1.752071     4.640296
   66.723635     5.521658     5.668409
   66.994977     6.297164     5.668409
   67.546981     8.244586     6.098009
   67.678515     8.986139     6.523140
   67.668053     9.344029     6.973569
   67.790837    10.540672     7.080375
   67.834491    10.927855     7.080375
   67.934164    12.015409     7.155605
   67.833350    12.519289     7.675082
   67.992085    12.015409     6.567365
   67.992085    12.039471     6.543208
   67.880999    13.167256     6.543208
   67.833350    13.399224     6.795242
   67.786652    13.613025     6.996300
   67.711327    13.861351     6.996300
   67.152475    15.192666     8.717746
   66.616925    16.358304     9.704677
   66.095450    17.334107     9.704677
   63.231382    21.596827    16.303617
   58.282082    28.231718    21.461869
   46.703026    42.340919    21.461869
   45.356018    43.867680    22.439289
   44.496056    44.727738    24.043658
   42.715643    46.298343    25.183427
   27.419880    58.851205    25.183427
   26.163795    59.788204    24.206862
   22.838360    62.022470    19.058977
   22.663648    62.130893    18.693955
   22.659558    62.133081    18.682637
   21.001263    62.829268    16.538438
   19.722162    63.275227    13.859449
   19.637326    63.302998    13.661816
   18.849931    63.464776    12.806323
   18.548440    63.494545    12.806323
   17.547338    63.494545    11.805317
   14.525582    63.196858    11.805317
   14.183005    63.160908    11.782301
   11.227253    62.827841    11.782301
   10.127905    62.587504    10.748197
    7.563046    61.921371     9.505046
    1.948848    60.427232     7.184993
    1.034485    60.149898     7.184993
   -4.021717    58.519375     6.111514
   -7.484582    57.307705     6.111514
   -9.315402    56.466669     4.561452
  -24.155124    48.534702     4.561452
  -24.215803    48.500178     4.537770
  -34.456220    42.065678     4.537770
  -38.277545    39.215210     7.508644
  -57.684616    23.288219     7.508644
  -59.513439    21.674720     8.679418
  -61.668005    19.520154     8.679418
  -62.473280    18.607502     8.095172
  -66.062828    14.233507     8.095172
  -66.200449    14.048998     7.951750
  -67.206877    12.551055     5.632838
  -67.666151    11.810262     4.085724
  -68.088333    11.047690     1.966538
  -68.111349    10.992813     1.895683
  -68.161947    10.847584     1.591434
  -68.190859    10.567397     1.615401
  -68.726980     5.890865     0.094061
  -68.337230     1.933631     0.094061
  -68.322488     1.793252     0.084646
  -65.211996   -13.915562    -3.669534
  -65.002665   -14.666912    -3.876107
  -64.796281   -15.347311    -3.876107
  -64.249603   -17.042508    -4.235994
  -60.925025   -25.567185    -5.017207
  -60.202303   -26.919329    -5.017207
  -59.738939   -27.733449    -5.335437
  -51.191816   -39.018623    -5.623993
  -38.732445   -52.010882    -2.727589
  -35.875890   -54.530946    -0.898861
  -27.045347   -61.777949    -0.898861
  -25.618639   -62.842202     0.210283
  -25.535515   -62.898030     0.338963
  -23.678255   -63.955246     1.065109
  -22.753524   -64.449519     1.065109
  -22.100421   -64.749584     1.618064
  -20.906061   -65.250895     3.162420
  -20.753508   -65.304061     3.481791
  -20.756457   -65.256507     4.000888
  -18.888830   -65.623527     6.216608
  -19.996262   -65.469643     4.194052
  -18.853926   -65.704463     5.435395
  -18.884740   -65.627902     6.182084
  -13.417960   -65.627902    11.648865
  -17.263633   -65.861105     5.435395
  -13.417960   -65.861105     9.281068
   -2.706380   -64.806078     9.281068
    3.451357   -64.158871     9.694595
    7.370643   -63.717287     9.694595
    8.122183   -62.919144    16.026569
   10.375470   -63.060189     6.868190
   15.064652   -61.637761     6.868190
   15.069787   -61.553781     7.783790
   15.273317   -61.362900     8.709757
   16.849439   -60.888599     4.560406
   19.578835   -59.634701     2.249578
   20.109440   -59.381049     1.723063
   20.824458   -58.998241     1.283001
   23.176848   -57.559550    -0.761336
   24.837235   -56.386018    -2.728920
   26.859697   -54.919080    -4.735309
   29.876127   -52.699080    -7.393944
   30.372969   -52.328446    -7.780271
   31.242442   -51.636348    -8.744091
   34.347322   -48.990457   -11.238666
   36.246904   -47.314662   -12.454711
   37.185806   -46.375666   -12.454711
   38.497339   -44.889040   -11.502970
   41.014835   -41.821442   -11.502970
   44.230135   -37.681411    -9.605385
   45.907737   -35.432499    -7.856928
   47.510869   -32.881049    -7.856928
   56.912819   -16.359826    -1.419955
   61.407695    -7.563426     0.911986
   63.757137    -2.792928     3.170695
   66.067774     3.267419     4.640296
   66.917274     5.901993     5.199624
   67.332989     7.272397     5.199624
   67.342120     7.307587     5.216648
   67.765348     9.756891     6.523140
   67.834491    10.414845     6.567365
   67.823269    12.197160     4.986583
   67.823269    13.190558     5.979886
   67.854844    12.039471     5.149026
   67.536900    13.361942     3.609901
   67.597864    13.402743     4.191769
   67.505229    13.874000     4.750906
   66.780890    14.452064     0.712641
   66.886174    14.533856     1.747981
   65.802614    17.233293     5.798230
   66.628908    14.563435     0.170433
   65.536598    15.520502    -3.075112
   64.310948    16.677009    -6.373441
   63.694366    17.341240    -7.690585
   60.502938    20.850708   -14.210396
   60.162453    21.287252   -14.647700
   59.026013    23.095816   -14.647700
   58.037180    24.192216   -15.575094
   55.412402    25.953607   -20.267509
   52.583429    28.369434   -22.512997
   33.892708    47.060155   -22.512997
   33.417456    47.616629   -22.071318
   29.182413    53.927489   -10.788998
   29.206285    53.953453   -10.518417
   22.508718    61.695205    12.839421
   27.829413    54.777655   -10.788998
   27.381552    55.126985   -10.340280
   24.387947    57.849247    -4.778868
   21.422399    60.992076     3.678949
   20.087756    62.515223     8.204356
   20.177537    62.630873     9.341746
   19.648073    63.127715    11.751676
   18.916221    63.131614     9.801211
   18.998869    63.255349    10.981590
   18.885977    63.375280    11.933141
   17.547338    63.375280    10.594503
   18.211664    63.211029     9.801211
   17.546863    63.374424    10.586989
   15.217014    63.160908    10.748197
   -2.308830    58.856056     4.079352
   -2.476220    58.773407     3.893036
   -9.462248    56.328858     3.893036
  -13.318477    53.970287     0.541732
  -19.700573    50.312452    -2.236929
  -23.123302    47.643164    -5.665365
  -37.381823    38.683940    -5.665365
  -42.187321    34.349414    -9.730261
  -48.480110    29.089683   -10.722993
  -48.870621    28.792662   -10.478472
  -64.197389    13.465894   -10.478472
  -66.360039    12.014553    -6.612160
  -66.506600    12.149035    -5.084829
  -67.867589    10.971604    -0.978561
  -66.554439    11.705359    -6.612160
  -67.095886    11.109890    -5.505965
  -67.679561    10.559123    -3.935169
  -67.860551    10.400579    -3.397431
  -68.040684    10.540387    -1.625578
  -68.095086    10.482371    -1.361654
  -68.240220    10.473431     0.219413
  -68.098034     9.949198    -2.782180
  -68.188101    10.009306    -1.922884
  -68.331713     9.874063    -0.783306
  -68.290151     8.244396    -2.782180
  -68.371373     7.913707    -2.391384
  -68.371373     9.502763    -0.802327
  -68.686179     6.340058    -0.769135
  -68.699970     6.340058    -0.628756
  -68.322488     2.372362    -0.494464
  -67.924083    -1.162975    -0.494464
  -64.423840   -16.378752    -4.537390
  -64.347089   -16.610910    -4.607294
  -64.305812   -16.756710    -4.575148
  -59.868475   -27.410655    -5.819820
  -59.599511   -27.755514    -6.165250
  -57.039692   -31.829540    -6.165250
  -54.562426   -34.575960    -8.488442
  -52.204521   -37.396945    -8.933450
  -50.098555   -39.195333   -10.605060
  -34.872411   -54.421572   -10.605060
  -33.422401   -55.524249   -11.512956
  -32.778143   -56.062748   -11.411286
  -29.189165   -59.299922    -8.375359
  -27.627595   -60.281147    -8.375359
  -26.532527   -61.135212    -7.278389
  -24.648922   -62.848099    -3.779193
  -24.066579   -63.465157    -2.118425
  -23.086401   -64.137186    -0.450049
  -22.713769   -64.321124    -0.035475
  -21.779814   -64.812545     1.237634
  -21.057852   -65.089688     1.882939
  -19.982852   -65.210760     1.882939
  -18.929726   -65.469643     3.127516
  -17.263633   -65.802899     4.844968
   -6.389704   -64.806078     5.597744
   -2.149050   -64.328257     5.597744
   10.393445   -63.041167     6.716589
   15.390870   -61.196937     3.071402
   15.553219   -61.143297     3.022517
   18.553386   -59.925540     1.723063
   31.202116   -51.664976    -8.722216
   35.315421   -48.111758   -12.114987
   35.976514   -47.533980   -12.481056
   36.221701   -47.330355   -12.506164
   36.779031   -46.718053   -12.804802
   36.785308   -46.711776   -12.804802
   36.894587   -46.612293   -12.751541
   37.201974   -46.349796   -12.507496
   40.634595   -42.243054   -11.859623
   45.521981   -35.625377    -9.605385
   47.561181   -32.755602    -8.045146
   49.227845   -29.768370    -7.257655
   66.311154     4.506099     3.170695
   66.354904     4.660174     3.136741
   66.965494     6.314949     4.343751
   67.765348    11.063383     5.216648
   65.409154    14.659969    -3.814858
   65.744123    14.563435    -2.746230
   65.403067    14.659969    -3.833309
   60.513970    20.615412   -14.447118
   58.272666    22.025001   -18.987361
   58.115263    22.178885   -19.243962
   55.897356    23.774694   -23.000328
   55.894788    23.775455   -23.005084
   53.240717    25.009094   -26.936544
   49.497475    27.962088   -30.338064
   47.847930    30.111803   -30.338064
   42.257700    34.169661   -34.344088
   39.806779    36.247665   -35.319035
   36.897916    39.156624   -35.319035
   36.700948    39.427871   -35.124541
   34.309754    41.262685   -35.124541
   33.186344    43.679748   -31.544313
   31.977813    47.937141   -23.876934
   29.015974    52.053490   -16.905172
   26.713421    55.158370   -11.012500
   28.035131    53.056779   -15.269703
   24.595186    57.215926    -6.641358
   18.437450    60.550111     1.113234
   18.211664    60.647977     1.351858
   16.925621    60.535084     1.457428
   -2.747276    57.945116     1.457428
   -8.697678    54.186942    -4.107789
  -11.945410    50.865026    -9.522831
  -13.253329    49.731630   -11.143559
  -24.186129    45.203180   -11.143559
  -33.717615    36.234826   -20.353201
  -35.742644    31.877855   -26.807007
  -36.769711    30.576023   -27.990050
  -52.324927    18.640029   -27.990050
  -52.540440    18.343293   -28.202710
  -54.536367    16.894425   -26.772388
  -64.080217    13.382770   -11.002039
  -55.524915    15.606099   -26.772388
  -55.547550    15.588219   -26.751750
  -57.286972    14.779805   -24.175192
  -58.601167    14.292188   -22.010735
  -64.233720    12.693336   -11.866756
  -64.750725    12.321370   -10.991196
  -66.321901    11.636976    -7.463468
  -66.301358    11.343475    -7.852838
  -66.335026    11.358882    -7.743274
  -64.758143    12.314047   -10.979118
  -67.474795     9.176354    -5.123728
  -67.878621     8.244396    -4.138699
  -67.377119     2.530906    -3.669534
  -62.098366   -20.603143    -7.435697
  -60.818314   -22.080258    -9.266231
  -58.218360   -28.357165    -9.266231
  -55.242826   -31.519490   -12.321846
  -49.348537   -34.259157   -21.052907
  -46.186687   -36.753542   -23.926105
  -42.036956   -42.161546   -23.926105
  -37.651452   -45.344890   -27.068838
  -36.670704   -46.696083   -26.100548
  -34.137895   -48.639605   -26.100548
  -32.446978   -50.782948   -24.152841
  -32.370227   -50.894319   -24.031960
  -31.004768   -53.832191   -19.680125
  -30.058068   -56.384021   -15.477228
  -29.971900   -56.687414   -14.930930
  -27.997944   -59.430790   -10.284452
  -26.322054   -61.145008    -7.490193
  -26.289907   -61.165361    -7.460139
  -24.691435   -62.717992    -4.161620
  -21.941877   -64.206805    -0.698945
  -19.982852   -65.055640     1.371641
   -5.701601   -63.802218     2.544126
   10.537628   -61.664296     2.544126
   30.076899   -52.131098    -8.722216
   36.781694   -46.714439   -12.807370
   40.460739   -41.964769   -12.751541
   40.746727   -41.739174   -12.491613
   44.420540   -36.796055   -10.736498
   61.682081     0.298923    -7.257655
   61.780897     0.395552    -7.096638
   63.984539     3.884667    -3.833309
   55.243777    22.025001   -24.654058
   55.686027    23.760713   -23.399114
   53.931008    22.023574   -26.951666
   53.597846    24.126877   -26.951666
   55.237595    22.023574   -24.665376
   53.219223    24.538312   -27.333617
   50.967647    25.704140   -29.852160
   50.280210    26.197558   -30.514869
   49.367083    27.989479   -30.514869
   45.131754    30.966630   -33.670632
   36.873283    37.635379   -37.160032
   35.145559    39.363103   -37.160032
   34.253261    39.760557   -37.624537
   34.056008    40.699268   -36.350952
   33.690319    40.682719   -36.659291
   33.434575    39.528304   -38.611373
   33.208695    39.643384   -38.611373
   33.180162    43.592154   -31.709610
   28.035131    42.281097   -35.429550
   31.899730    38.944725   -40.196720
   30.456473    38.362001   -41.616295
   30.088882    38.281825   -41.858439
   27.685040    38.662541   -41.858439
   27.685040    40.766890   -38.176351
   24.679452    36.003239   -45.679003
   22.792614    34.492456   -47.799616
   22.640061    34.394400   -47.928867
   20.911292    33.479276   -49.051040
   20.535997    33.301424   -49.258280
  -12.211140    28.114831   -49.258280
  -15.084339    27.869073   -48.892021
  -16.537296    31.004007   -43.003724
  -15.366142    27.476374   -49.270453
  -33.614043    18.178662   -49.270453
  -35.598271    17.647582   -48.541074
  -39.009398    18.615301   -44.429956
  -39.226053    18.890162   -43.844474
  -51.626077    17.428930   -30.816550
  -40.700029    16.924574   -44.429956
  -47.846979    16.566114   -36.345055
  -51.715192    16.672825   -31.610983
  -53.274195    16.079259   -29.826005
  -55.524819    15.088809   -27.172981
  -55.346588    15.006160   -27.507854
  -58.097098    12.314047   -23.440962
  -55.655212    13.057597   -27.507854
  -56.503286    12.099104   -26.289527
  -57.167422    12.099104   -25.127408
  -50.811861   -23.834992   -26.289527
  -48.965539   -25.841285   -28.152113
  -48.946612   -25.851081   -28.173227
  -41.131817   -31.459287   -35.705552
  -37.504321   -38.578561   -35.705552
  -37.302218   -38.720651   -35.856203
  -36.640650   -44.334088   -29.958585
  -36.529469   -38.759455   -36.730431
  -35.518000   -39.770829   -36.730431
  -35.357649   -42.968248   -33.113397
  -35.399306   -44.480458   -31.262795
  -34.534969   -46.750580   -28.663411
  -31.356285   -51.827514   -23.090585
  -29.771984   -52.078408   -23.090585
  -26.239120   -55.204402   -18.599798
  -26.289907   -55.423910   -18.201583
  -17.588710   -54.497468   -17.791765
   30.071383   -46.948784   -17.791765
   30.472832   -47.163061   -17.305575
   30.817596   -47.907087   -15.908160
   35.086783   -44.812193   -17.305575
   36.240913   -46.276469   -14.187094
   36.332882   -46.265626   -14.090465
   35.249607   -41.564556   -20.979389
   36.747741   -42.745221   -17.789007
   33.805209   -38.098363   -25.857739
   30.817787   -27.567582   -38.549838
   41.368350    -6.860962   -38.549838
   42.292890    -6.197492   -37.658776
   43.011237    -5.825621   -36.855212
   46.389266    -2.154946   -33.447510
   60.756494     0.364452    -9.005446
   49.409406    16.913447   -33.447510
   48.105101    16.913447   -35.036756
   46.798989    16.618328   -36.571221
   44.784992    26.743475   -36.571221
   44.758267    26.764779   -36.589767
   42.978330    27.148253   -37.987848
   42.901483    27.182682   -38.037304
   35.873607    37.700718   -38.037304
   33.140978    38.909820   -39.467626
   33.131562    39.054193   -39.340943
   30.744268    38.169693   -41.616295
   28.436579    37.226607   -43.463093
   28.335575    37.154325   -43.567045
   20.286530    33.078017   -49.482353
   20.013477    32.860506   -49.694728
   16.966231    30.491092   -51.993667
   16.924955    30.470834   -52.010501
   15.293195    29.697705   -52.637545
    0.040991    24.387186   -56.164988
   -0.353229    24.253465   -56.251821
   -0.516339    24.187556   -56.289389
   -3.534196    23.587237   -56.289389
  -12.712262    22.491693   -55.468516
  -13.581545    22.430159   -55.343354
  -15.881530    22.288258   -54.988508
  -24.664520    18.523902   -54.163355
  -24.831148    18.477490   -54.118655
  -28.245984    17.701413   -52.999715
  -28.551755    17.497122   -52.999715
  -31.712463    16.731791   -51.763983
  -32.068165    16.695746   -51.578998
  -34.156917    17.035565   -49.986423
  -35.608923    17.483997   -48.684686
  -36.557050    17.064573   -48.188415
  -40.339667    16.817578   -44.868782
  -40.664364    16.901749   -44.484928
  -36.628951    16.956816   -48.188415
  -39.454881    16.347937   -45.968701
  -46.297297    16.342136   -38.276689
  -45.227718    13.057597   -40.213839
  -40.329490    11.950736   -45.968701
  -38.626209    10.048586   -47.677117
  -38.370370     6.627948   -47.328643
  -33.734734   -16.677295   -47.328643
  -32.679707   -31.576079   -45.182732
  -32.912530   -31.901347   -44.848144
  -33.506857   -32.216818   -44.109349
  -33.829176   -35.842793   -41.590331
  -34.973700   -37.765201   -39.124573
  -32.066358   -33.167703   -44.848144
  -32.275119   -33.843632   -44.242119
  -33.520077   -35.533598   -42.063586
  -34.944217   -38.216772   -38.728165
  -35.230585   -39.321160   -37.422434
  -35.067571   -40.961670   -35.614344
  -31.643130   -33.391206   -44.892179
  -28.588276   -33.998848   -44.892179
  -29.771984   -39.237275   -38.737675
  -24.522619   -30.358227   -48.543737
  -22.202852   -29.217888   -49.485396
  -19.700383   -28.346608   -50.064221
   29.708167   -44.435662   -20.924131
   -5.563885   -22.332293   -53.664897
   -3.995182   -21.698116   -54.027066
   20.738576   -16.778204   -54.027066
   21.825275   -16.701262   -53.870519
   23.398068   -17.827430   -52.252645
   23.554044   -18.039139   -51.979591
   29.940420   -30.071288   -37.022887
   30.804281   -33.402714   -33.083914
   26.436563   -20.921563   -47.567268
   30.132537   -27.129612   -39.604485
   22.279508   -14.205165   -55.499996
   24.498462   -10.884200   -55.499996
   25.504129   -10.433581   -54.853455
   25.768148   -10.146451   -54.716786
   28.265291    -8.162794   -52.991345
   28.977836    -4.580283   -52.991345
   34.098901     3.653270   -49.074817
   34.697318     4.215070   -48.527664
   38.046244     6.843652   -45.350216
   30.279858    17.905894   -49.074817
   29.735653    27.732403   -47.548817
   29.858152    37.283577   -42.714977
   29.100145    28.354026   -47.712402
   28.543005    28.491456   -47.928867
   20.321815    33.090761   -49.466090
   -0.912842    23.989542   -56.387159
   -1.538650    23.762805   -56.471139
   -3.333233    23.601883   -56.310217
  -12.835712    22.471435   -55.459195
  -27.679619    17.586237   -53.366544
  -27.705583    17.580341   -53.358080
  -28.488889    17.491796   -53.034904
  -31.592628    16.725800   -51.828941
  -36.539836    16.936082   -48.264977
  -33.862083    10.000746   -51.578998
  -34.052774    10.048586   -51.430345
  -33.386451     9.556594   -51.896943
  -31.905436   -11.611392   -49.656780
  -30.819403   -15.664495   -49.656780
  -30.018503   -30.123977   -47.411196
  -30.869240   -31.263080   -46.566737
  -31.414491   -31.628864   -46.096715
  -31.496759   -32.598104   -45.554317
  -30.648305   -31.484015   -46.566737
  -31.169589   -32.261138   -45.896894
  -31.457955   -32.594776   -45.576002
  -28.770122   -30.081369   -47.959206
  -28.425071   -29.933001   -48.135155
  -26.580271   -30.035242   -48.421619
  -25.676083   -30.277481   -48.421619
    0.867476   -19.270211   -55.225706
   12.542971   -15.038782   -56.792413
   15.373180   -14.840768   -56.492919
   16.443901   -14.553924   -56.492919
   18.950555   -14.142584   -56.302704
   21.938928   -13.977002   -55.838674
   21.966795   -13.948565   -55.845998
   22.028044   -13.953796   -55.811664
   21.970029   -13.935725   -55.850943
   22.022052   -13.883606   -55.850943
   23.369346   -11.536067   -56.015479
   23.824911   -10.995952   -55.945100
   23.840698   -10.980449   -55.941010
   23.966050   -10.906455   -55.884611
   24.364931    -9.417737   -55.884611
   25.135302    -8.393715   -55.522252
   25.398274    -7.922742   -55.383299
   24.643786     2.003820   -54.364983
   18.471784    16.904316   -54.364983
   17.850636    28.126529   -52.621948
   16.915064    29.062007   -52.621948
   16.963664    30.484530   -51.997567
   16.814440    29.067618   -52.637545
  -27.695026    17.579960   -53.362645
  -29.958585    12.115272   -53.362645
  -30.054834    10.849011   -53.492562
  -31.558104     9.556594   -52.874173
  -29.849021   -12.926634   -50.567625
  -27.050102   -19.684024   -50.567625
  -26.584646   -28.092671   -49.261608
  -26.270030   -28.110075   -49.310399
  -23.908510   -29.088256   -49.310399
   12.936811   -14.820511   -56.852711
   19.061260   -14.096647   -56.302704
   23.836324   -10.968180   -55.945100
   23.925534    -9.795600   -56.065411
   22.923006    -9.795600   -56.369564
   17.382042    -4.731409   -57.414035
   15.788515     7.288185   -56.387159
  -12.521286    22.383746   -55.525295
  -22.857382    12.047651   -55.525295
  -23.016306    10.849011   -55.627726
  -21.837734     9.771823   -55.849897
  -20.869254     2.466423   -55.225706
   12.964487   -14.790171   -56.858417
   18.782405   -14.018849   -56.361385
   22.910357    -9.890992   -56.361385
   12.964487    -4.731409   -57.849152
   -1.538650     9.771823   -57.849152
     1      2      3
     1      3      4
     1      4      5
     1      5      6
     1      6      7
     1      7      8
     1      8      9
     1      9     10
     1     10     11
    11     12     13
    11     13     14
    11     14     15
    11     15     16
    11     16     17
    11     17     18
    11     18     19
    11     19     20
    11     20      1
    19     21     22
    19     22     23
    19     23     24
    19     24     25
    19     25     26
    19     26     20
    20     26     27
    20     27     28
    20     28      2
    20      2      1
     7     29     30
     7     30     31
     7     31     32
     7     32      8
     8     32     33
     8     33     34
     8     34     35
     8     35     36
     8     36     37
     8     37      9
     9     37     38
     9     38     39
     9     39     40
     9     40     41
     9     41     42
     9     42     43
     9     43     10
    11     10     43
    11     43     44
    11     44     45
    11     45     46
    11     46     12
    12     46     47
    12     47     48
    12     48     49
    12     49     50
    12     50     51
    12     51     52
    12     52     53
    12     53     54
    12     54     55
    12     55     56
    12     56     57
    12     57     58
    12     58     13
    56     59     60
    56     60     61
    56     61     62
    56     62     63
    56     63     57
    18     64     21
    18     21     19
    65     66     22
    65     22     21
    65     21     64
    23     67     68
    23     68     24
    24     68     69
    24     69     70
    24     70     71
    24     71     72
    24     72     73
    24     73     74
    24     74     25
    25     74     75
    25     75     27
    25     27     26
     2     28     76
     2     76      3
    30     77     78
    30     78     31
    31     78     79
    31     79     80
    31     80     33
    31     33     32
    34     81     82
    34     82     35
    36     83     84
    36     84     85
    36     85     38
    36     38     37
    38     85     86
    38     86     87
    38     87     39
    43     42     88
    43     88     89
    43     89     44
    45     90     47
    45     47     46
    53     91     92
    53     92     54
    55     93     94
    55     94     59
    55     59     56
    94     95     96
    94     96     97
    94     97     60
    94     60     59
    13     58     14
    15     98     16
    99    100     66
    99     66     65
   101     69     68
   101     68     67
   102     70     69
   102     69    101
    71    103    104
    71    104    105
    71    105    106
    71    106     72
    72    106    107
    72    107    108
    72    108     73
    73    108    109
    73    109     75
    73     75     74
     3     76    110
     3    110    111
     3    111      4
     4    111    112
     4    112      5
   113    114     79
   113     79     78
   113     78     77
    79    114    115
    79    115    116
    79    116     80
    33     80    116
    33    116    117
    33    117    118
    33    118     81
    33     81     34
   118    119    120
   118    120    121
   118    121     82
   118     82     81
    35     82    121
    35    121    122
    35    122     83
    35     83     36
    84    123    124
    84    124     86
    84     86     85
    86    124    125
    86    125    126
    86    126     87
    41     88     42
    50    127     51
   128    129     92
   128     92     91
    54     92    129
    54    129    130
    54    130    131
    54    131     93
    54     93     55
   131    132    133
   131    133     95
   131     95     94
   131     94     93
    96     95    133
    96    133    134
   135     62     61
   135     61    136
    63     62    135
    17    137    138
    17    138     99
    17     99     65
    17     65     64
    17     64     18
   138    139    100
   138    100     99
    22     66    100
    22    100    139
    22    139    140
    22    140    141
    22    141    102
    22    102    101
    22    101     67
    22     67     23
   141    142    103
   141    103     71
   141     71     70
   141     70    102
   143    144    145
   143    145    104
   143    104    103
   143    103    142
   146    147    148
   146    148    145
   146    145    144
   104    145    148
   104    148    149
   104    149    105
   105    149    150
   105    150    151
   105    151    107
   105    107    106
   109    108    107
   109    107    151
   109    151    152
   109    152    153
    27     75    109
    27    109    153
    27    153    154
    27    154    110
    27    110     76
    27     76     28
     5    112    155
     5    155      6
     6    155    156
     6    156     29
     6     29      7
   157    158    159
   157    159    160
   157    160    161
   161    160    162
   161    162    163
   161    163    115
   161    115    114
   161    114    113
   116    115    163
   116    163    164
   116    164    165
   116    165    166
   116    166    117
   117    166    167
   117    167    168
   117    168    119
   117    119    118
   168    169    120
   168    120    119
   121    120    169
   121    169    170
   121    170    171
   121    171    122
   122    171    172
   122    172    173
   122    173    174
   122    174    123
   122    123     84
   122     84     83
   174    175    125
   174    125    124
   174    124    123
   126    125    175
   126    175    176
   126    176    177
    40    178     89
    40     89     88
    40     88     41
    44     89    178
    44    178    179
    44    179     90
    44     90     45
    48    180     49
    51    127    181
    51    181     52
   182    183    130
   182    130    129
   182    129    128
   130    183    184
   130    184    185
   130    185    132
   130    132    131
   186    187    188
   186    188    189
   186    189    185
   186    185    184
   134    133    132
   134    132    185
   134    185    189
   134    189    190
   190    189    188
   190    188    191
   190    191    192
   193     97     96
   193     96    134
   193    134    190
   193    190    192
   193    192    194
   136     61     60
   136     60     97
   136     97    193
    14     58     57
    14     57     63
    14     63    135
    14    135    136
    14    136    193
    14    193    194
    14    194    195
    14    195    196
    14    196    197
    14    197    198
    14    198     98
    14     98     15
    16     98    198
    16    198    137
    16    137     17
   197    199    200
   197    200    201
   197    201    140
   197    140    139
   197    139    138
   197    138    137
   197    137    198
   201    202    143
   201    143    142
   201    142    141
   201    141    140
   200    203    204
   200    204    205
   200    205    202
   200    202    201
   205    206    207
   205    207    146
   205    146    144
   205    144    143
   205    143    202
   204    208    209
   204    209    206
   204    206    205
   209    210    211
   209    211    212
   209    212    207
   209    207    206
   207    212    213
   207    213    147
   207    147    146
   214    213    212
   214    212    211
   214    211    215
   214    215    216
   148    147    213
   148    213    214
   148    214    150
   148    150    149
   151    150    214
   151    214    216
   151    216    217
   151    217    152
   153    152    217
   153    217    218
   153    218    219
   153    219    154
   110    154    219
   110    219    220
   110    220    221
   110    221    156
   110    156    155
   110    155    112
   110    112    111
   156    221    222
   156    222    157
   156    157    161
   156    161    113
   156    113     77
   156     77     30
   156     30     29
   222    223    224
   222    224    225
   222    225    226
   222    226    158
   222    158    157
   225    227    228
   225    228    229
   225    229    230
   225    230    226
   226    230    231
   226    231    159
   226    159    158
   159    232    233
   159    233    234
   159    234    162
   159    162    160
   162    234    235
   162    235    164
   162    164    163
   165    236    237
   165    237    238
   165    238    167
   165    167    166
   167    238    239
   167    239    170
   167    170    169
   167    169    168
   170    239    240
   170    240    241
   170    241    172
   170    172    171
   172    241    242
   172    242    243
   172    243    244
   172    244    173
   243    245    246
   243    246    244
   173    244    246
   173    246    247
   173    247    248
   173    248    176
   173    176    175
   173    175    174
   248    247    249
   248    249    250
   248    250    251
   248    251    252
   177    176    248
   177    248    252
   177    252    253
   177    253    254
   177    254    255
    39     87    126
    39    126    177
    39    177    255
    39    255    256
    39    256    179
    39    179    178
    39    178     40
    47     90    179
    47    179    256
    47    256    257
    47    257    180
    47    180     48
    49    180    257
    49    257    258
    49    258    259
    49    259    181
    49    181    127
    49    127     50
    52    181    259
    52    259    260
    52    260    261
    52    261    182
    52    182    128
    52    128     91
    52     91     53
   261    262    263
   261    263    186
   261    186    184
   261    184    183
   261    183    182
   264    265    266
   264    266    267
   264    267    263
   264    263    262
   263    267    268
   263    268    187
   263    187    186
   268    267    266
   268    266    269
   268    269    270
   191    188    187
   191    187    268
   191    268    270
   191    270    271
   271    270    269
   271    269    272
   271    272    273
   271    273    274
   271    274    275
   275    274    276
   275    276    277
   275    277    278
   275    278    279
   275    279    280
   275    280    281
   275    281    282
   194    192    191
   194    191    271
   194    271    275
   194    275    282
   194    282    283
   194    283    195
   282    281    284
   282    284    285
   282    285    286
   282    286    287
   282    287    288
   282    288    289
   282    289    283
   195    283    289
   195    289    290
   195    290    291
   195    291    292
   195    292    293
   195    293    196
   292    294    295
   292    295    296
   292    296    293
   196    293    296
   196    296    297
   196    297    298
   196    298    299
   196    299    199
   196    199    197
   298    300    301
   298    301    302
   298    302    303
   298    303    304
   298    304    305
   298    305    306
   298    306    299
   299    306    307
   299    307    308
   299    308    203
   299    203    200
   299    200    199
   305    309    307
   305    307    306
   308    310    311
   308    311    208
   308    208    204
   308    204    203
   307    309    312
   307    312    313
   307    313    314
   307    314    310
   307    310    308
   314    315    316
   314    316    311
   314    311    310
   311    316    317
   311    317    210
   311    210    209
   311    209    208
   318    319    317
   318    317    316
   318    316    315
   215    211    210
   215    210    317
   215    317    319
   215    319    320
   320    319    318
   320    318    321
   320    321    322
   320    322    323
   217    216    215
   217    215    320
   217    320    323
   217    323    324
   217    324    218
   219    218    324
   219    324    325
   219    325    326
   219    326    327
   219    327    220
   220    327    328
   220    328    329
   220    329    223
   220    223    222
   220    222    221
   329    330    331
   329    331    332
   329    332    333
   329    333    224
   329    224    223
   224    333    227
   224    227    225
   332    334    335
   332    335    336
   332    336    337
   332    337    338
   332    338    339
   332    339    228
   332    228    227
   332    227    333
   337    340    341
   337    341    342
   337    342    338
   338    342    343
   338    343    344
   338    344    339
   228    339    344
   228    344    345
   228    345    229
   231    346    232
   231    232    159
   233    347    235
   233    235    234
   164    235    347
   164    347    348
   164    348    236
   164    236    165
   237    349    240
   237    240    239
   237    239    238
   240    349    350
   240    350    351
   240    351    242
   240    242    241
   242    351    352
   242    352    245
   242    245    243
   246    245    352
   246    352    353
   246    353    354
   246    354    249
   246    249    247
   249    354    355
   249    355    250
   250    355    356
   250    356    357
   250    357    251
   357    356    358
   357    358    359
   357    359    360
   357    360    361
   362    361    360
   362    360    363
   362    363    364
   362    364    365
   362    365    366
   362    366    367
   362    367    368
   252    251    357
   252    357    361
   252    361    362
   252    362    253
   254    253    362
   254    362    368
   254    368    369
   254    369    370
   254    370    371
   254    371    372
   256    255    254
   256    254    372
   256    372    373
   256    373    374
   256    374    258
   256    258    257
   258    374    375
   258    375    376
   258    376    260
   258    260    259
   260    376    377
   260    377    264
   260    264    262
   260    262    261
   377    378    379
   377    379    265
   377    265    264
   269    266    265
   269    265    379
   269    379    380
   269    380    272
   272    380    381
   272    381    273
   273    381    382
   273    382    383
   273    383    276
   273    276    274
   276    383    384
   276    384    385
   276    385    277
   277    385    386
   277    386    387
   277    387    278
   278    387    388
   278    388    389
   278    389    390
   278    390    391
   278    391    279
   279    391    392
   279    392    393
   279    393    394
   279    394    395
   279    395    396
   279    396    280
   280    396    284
   280    284    281
   287    397    398
   287    398    399
   287    399    288
   289    288    399
   289    399    400
   289    400    401
   289    401    402
   289    402    403
   289    403    404
   289    404    290
   290    404    405
   290    405    406
   290    406    291
   291    406    407
   291    407    408
   291    408    409
   291    409    410
   291    410    411
   291    411    294
   291    294    292
   296    295    412
   296    412    413
   296    413    297
   297    413    414
   297    414    415
   297    415    300
   297    300    298
   415    416    417
   415    417    418
   415    418    419
   415    419    301
   415    301    300
   302    420    421
   302    421    303
   301    419    420
   301    420    302
   304    422    312
   304    312    309
   304    309    305
   303    421    423
   303    423    424
   303    424    425
   303    425    422
   303    422    304
   425    426    427
   425    427    313
   425    313    312
   425    312    422
   313    427    428
   313    428    321
   313    321    318
   313    318    315
   313    315    314
   429    428    427
   429    427    426
   429    426    430
   429    430    431
   429    431    432
   322    321    428
   322    428    429
   432    431    433
   432    433    434
   432    434    435
   324    323    322
   324    322    429
   324    429    432
   324    432    435
   324    435    325
   325    435    434
   325    434    436
   325    436    437
   325    437    438
   325    438    439
   325    439    326
   326    439    440
   326    440    441
   326    441    442
   326    442    328
   326    328    327
   328    442    443
   328    443    444
   328    444    445
   328    445    330
   328    330    329
   445    446    447
   445    447    448
   445    448    331
   445    331    330
   331    448    449
   331    449    450
   331    450    451
   331    451    452
   331    452    334
   331    334    332
   452    453    335
   452    335    334
   335    453    454
   335    454    455
   335    455    456
   335    456    336
   455    457    458
   455    458    459
   455    459    460
   455    460    456
   336    456    460
   336    460    461
   336    461    340
   336    340    337
   461    462    463
   461    463    341
   461    341    340
   341    463    464
   341    464    343
   341    343    342
   344    343    464
   344    464    465
   344    465    466
   344    466    345
   229    345    466
   229    466    467
   229    467    346
   229    346    231
   229    231    230
   232    346    467
   232    467    468
   232    468    469
   232    469    470
   232    470    348
   232    348    347
   232    347    233
   348    470    471
   348    471    350
   348    350    349
   348    349    237
   348    237    236
   471    472    353
   471    353    352
   471    352    351
   471    351    350
   353    472    473
   353    473    358
   353    358    356
   353    356    355
   353    355    354
   358    473    474
   358    474    359
   360    359    474
   360    474    475
   360    475    363
   363    475    476
   363    476    477
   363    477    364
   364    477    478
   364    478    365
   365    478    479
   365    479    480
   365    480    481
   365    481    366
   366    481    482
   366    482    483
   366    483    367
   368    367    483
   368    483    484
   368    484    485
   368    485    369
   369    485    486
   369    486    487
   369    487    488
   369    488    489
   369    489    370
   370    489    490
   370    490    491
   370    491    371
   372    371    491
   372    491    492
   372    492    493
   372    493    373
   373    493    494
   373    494    495
   373    495    496
   373    496    375
   373    375    374
   375    496    497
   375    497    498
   375    498    378
   375    378    377
   375    377    376
   498    499    382
   498    382    381
   498    381    380
   498    380    379
   498    379    378
   382    499    500
   382    500    501
   382    501    384
   382    384    383
   384    501    502
   384    502    386
   384    386    385
   386    502    503
   386    503    388
   386    388    387
   388    503    504
   388    504    389
   389    504    505
   389    505    506
   389    506    390
   390    506    507
   390    507    508
   390    508    392
   390    392    391
   392    508    393
   394    509    510
   394    510    395
   284    396    395
   284    395    510
   284    510    511
   284    511    285
   512    513    514
   512    514    398
   512    398    397
   399    398    514
   399    514    515
   399    515    400
   403    516    517
   403    517    405
   403    405    404
   405    517    518
   405    518    407
   405    407    406
   409    519    410
   411    520    521
   411    521    412
   411    412    295
   411    295    294
   412    521    522
   412    522    523
   412    523    524
   412    524    414
   412    414    413
   414    524    525
   414    525    416
   414    416    415
   525    526    527
   525    527    528
   525    528    529
   525    529    530
   525    530    417
   525    417    416
   417    530    531
   417    531    418
   529    532    533
   529    533    534
   529    534    531
   529    531    530
   418    531    534
   418    534    535
   418    535    423
   418    423    421
   418    421    420
   418    420    419
   534    533    536
   534    536    537
   534    537    535
   423    535    537
   423    537    538
   423    538    539
   423    539    424
   424    539    540
   424    540    541
   424    541    430
   424    430    426
   424    426    425
   540    542    543
   540    543    544
   540    544    541
   541    544    545
   541    545    433
   541    433    431
   541    431    430
   545    544    543
   545    543    546
   545    546    547
   434    433    545
   434    545    547
   434    547    548
   434    548    549
   434    549    436
   437    550    551
   437    551    552
   437    552    553
   437    553    554
   437    554    438
   438    554    555
   438    555    556
   438    556    557
   438    557    558
   438    558    559
   438    559    440
   438    440    439
   440    559    560
   440    560    561
   440    561    562
   440    562    441
   441    562    563
   441    563    443
   441    443    442
   444    564    565
   444    565    566
   444    566    446
   444    446    445
   447    567    568
   447    568    449
   447    449    448
   449    568    569
   449    569    570
   449    570    450
   451    571    572
   451    572    454
   451    454    453
   451    453    452
   572    457    455
   572    455    454
   573    574    459
   573    459    458
   573    458    575
   576    577    574
   576    574    573
   460    459    574
   460    574    577
   460    577    578
   460    578    462
   460    462    461
   579    580    578
   579    578    577
   579    577    576
   464    463    462
   464    462    578
   464    578    580
   464    580    581
   464    581    465
   581    580    579
   581    579    582
   581    582    583
   581    583    584
   581    584    585
   581    585    586
   581    586    587
   581    587    588
   466    465    581
   466    581    588
   466    588    589
   466    589    468
   466    468    467
   468    589    590
   468    590    591
   468    591    592
   468    592    593
   468    593    594
   468    594    595
   468    595    469
   469    595    596
   469    596    476
   469    476    475
   469    475    474
   469    474    473
   469    473    472
   469    472    471
   469    471    470
   594    597    598
   594    598    599
   594    599    600
   594    600    601
   594    601    602
   594    602    596
   594    596    595
   476    596    602
   476    602    603
   476    603    479
   476    479    478
   476    478    477
   602    601    604
   602    604    605
   602    605    603
   479    603    605
   479    605    606
   479    606    480
   607    606    605
   607    605    604
   607    604    608
   607    608    609
   480    606    607
   480    607    482
   480    482    481
   483    482    607
   483    607    609
   483    609    610
   483    610    484
   484    610    486
   484    486    485
   488    611    490
   488    490    489
   491    490    611
   491    611    612
   491    612    613
   491    613    492
   492    613    614
   492    614    615
   492    615    494
   492    494    493
   494    615    616
   494    616    617
   494    617    495
   495    617    618
   495    618    619
   495    619    620
   495    620    497
   495    497    496
   497    620    621
   497    621    622
   497    622    623
   497    623    500
   497    500    499
   497    499    498
   623    624    505
   623    505    504
   623    504    503
   623    503    502
   623    502    501
   623    501    500
   622    625    626
   622    626    627
   622    627    628
   622    628    629
   622    629    624
   622    624    623
   505    624    629
   505    629    630
   505    630    631
   505    631    507
   505    507    506
   628    632    633
   628    633    630
   628    630    629
   631    630    633
   631    633    634
   634    633    632
   634    632    635
   634    635    636
   634    636    637
   637    636    638
   637    638    639
   510    509    639
   510    639    638
   510    638    640
   510    640    511
   285    511    640
   285    640    641
   285    641    286
   514    513    642
   514    642    643
   514    643    644
   514    644    515
   400    515    644
   400    644    401
   645    518    517
   645    517    516
   407    518    645
   407    645    646
   407    646    647
   407    647    408
   408    647    648
   408    648    649
   408    649    519
   408    519    409
   410    519    649
   410    649    650
   410    650    651
   410    651    520
   410    520    411
   651    652    653
   651    653    654
   651    654    522
   651    522    521
   651    521    520
   522    654    655
   522    655    656
   522    656    657
   522    657    658
   522    658    523
   523    658    659
   523    659    526
   523    526    525
   523    525    524
   659    660    661
   659    661    527
   659    527    526
   527    661    662
   527    662    528
   528    662    663
   528    663    664
   528    664    532
   528    532    529
   664    665    536
   664    536    533
   664    533    532
   537    536    665
   537    665    666
   537    666    538
   538    666    667
   538    667    668
   538    668    542
   538    542    540
   538    540    539
   668    669    670
   668    670    546
   668    546    543
   668    543    542
   547    546    670
   547    670    671
   547    671    548
   436    549    550
   436    550    437
   553    672    555
   553    555    554
   556    673    674
   556    674    675
   556    675    557
   557    675    676
   557    676    677
   557    677    678
   557    678    679
   557    679    558
   558    679    680
   558    680    560
   558    560    559
   561    681    682
   561    682    563
   561    563    562
   443    563    682
   443    682    683
   443    683    564
   443    564    444
   566    684    567
   566    567    447
   566    447    446
   685    686    569
   685    569    568
   685    568    567
   685    567    684
   450    570    687
   450    687    571
   450    571    451
   687    575    458
   687    458    457
   687    457    572
   687    572    571
   688    583    582
   688    582    689
   584    583    688
   584    688    690
   691    586    585
   692    693    587
   692    587    586
   692    586    691
   588    587    693
   588    693    694
   588    694    590
   588    590    589
   590    694    695
   590    695    696
   590    696    697
   590    697    698
   590    698    591
   591    698    699
   591    699    700
   591    700    701
   591    701    702
   591    702    592
   592    702    703
   592    703    704
   592    704    705
   592    705    593
   593    705    706
   593    706    597
   593    597    594
   707    598    597
   707    597    706
   707    706    708
   709    599    598
   709    598    707
   600    599    709
   600    709    710
   608    604    601
   608    601    600
   608    600    710
   608    710    711
   486    610    609
   486    609    608
   486    608    711
   486    711    712
   486    712    487
   487    712    713
   487    713    612
   487    612    611
   487    611    488
   612    713    714
   612    714    614
   612    614    613
   614    714    715
   614    715    716
   614    716    717
   614    717    616
   614    616    615
   616    717    718
   616    718    618
   616    618    617
   618    718    719
   618    719    720
   618    720    721
   618    721    619
   619    721    722
   619    722    723
   619    723    724
   619    724    621
   619    621    620
   723    725    726
   723    726    727
   723    727    728
   723    728    729
   723    729    724
   621    724    729
   621    729    730
   621    730    731
   621    731    625
   621    625    622
   732    733    731
   732    731    730
   732    730    734
   731    733    626
   731    626    625
   735    627    626
   735    626    733
   735    733    732
   635    632    628
   635    628    627
   635    627    735
   635    735    736
   640    638    636
   640    636    635
   640    635    736
   640    736    737
   640    737    641
   286    641    737
   286    737    512
   286    512    397
   286    397    287
   401    644    643
   401    643    738
   401    738    402
   402    738    739
   402    739    740
   402    740    646
   402    646    645
   402    645    516
   402    516    403
   740    741    648
   740    648    647
   740    647    646
   648    741    742
   648    742    743
   648    743    744
   648    744    650
   648    650    649
   650    744    745
   650    745    746
   650    746    652
   650    652    651
   746    747    748
   746    748    749
   746    749    750
   746    750    751
   746    751    752
   746    752    653
   746    653    652
   653    752    753
   653    753    655
   653    655    654
   655    753    754
   655    754    656
   656    754    755
   656    755    756
   656    756    657
   657    756    757
   657    757    660
   657    660    659
   657    659    658
   757    758    663
   757    663    662
   757    662    661
   757    661    660
   663    758    759
   663    759    667
   663    667    666
   663    666    665
   663    665    664
   667    759    760
   667    760    669
   667    669    668
   548    671    551
   548    551    550
   548    550    549
   552    761    672
   552    672    553
   676    762    677
   678    763    764
   678    764    680
   678    680    679
   560    680    764
   560    764    765
   560    765    681
   560    681    561
   683    766    767
   683    767    565
   683    565    564
   565    767    768
   565    768    685
   565    685    684
   565    684    566
   768    690    688
   768    688    689
   768    689    686
   768    686    685
   569    686    689
   569    689    582
   569    582    579
   569    579    576
   569    576    573
   569    573    575
   569    575    687
   569    687    570
   769    770    695
   769    695    694
   769    694    693
   769    693    692
   771    772    770
   771    770    769
   771    769    773
   695    770    772
   695    772    774
   695    774    696
   696    774    775
   696    775    776
   696    776    777
   696    777    697
   697    777    778
   697    778    699
   697    699    698
   700    779    780
   700    780    701
   701    780    781
   701    781    782
   701    782    703
   701    703    702
   783    782    781
   783    781    784
   783    784    785
   703    782    783
   703    783    786
   703    786    704
   787    786    783
   787    783    785
   787    785    788
   787    788    789
   787    789    790
   787    790    791
   787    791    792
   708    706    705
   708    705    704
   708    704    786
   708    786    787
   711    710    709
   711    709    707
   711    707    708
   711    708    787
   711    787    792
   711    792    715
   711    715    714
   711    714    713
   711    713    712
   715    792    791
   715    791    793
   715    793    794
   715    794    795
   715    795    796
   715    796    797
   715    797    798
   715    798    799
   715    799    800
   715    800    716
   716    800    719
   716    719    718
   716    718    717
   719    800    799
   719    799    801
   719    801    802
   719    802    803
   719    803    804
   719    804    805
   719    805    720
   720    805    806
   720    806    722
   720    722    721
   804    807    808
   804    808    809
   804    809    806
   804    806    805
   722    806    809
   722    809    810
   722    810    725
   722    725    723
   811    726    725
   811    725    810
   811    810    812
   727    726    811
   813    728    727
   813    727    811
   813    811    812
   813    812    814
   813    814    815
   813    815    816
   734    730    729
   734    729    728
   734    728    813
   737    736    735
   737    735    732
   737    732    734
   737    734    813
   737    813    816
   737    816    642
   737    642    513
   737    513    512
   643    642    816
   643    816    815
   643    815    817
   643    817    739
   643    739    738
   739    817    818
   739    818    742
   739    742    741
   739    741    740
   818    819    820
   818    820    821
   818    821    743
   818    743    742
   743    821    822
   743    822    823
   743    823    745
   743    745    744
   822    824    825
   822    825    826
   822    826    827
   822    827    823
   745    823    827
   745    827    828
   745    828    747
   745    747    746
   828    748    747
   749    829    750
   750    829    830
   750    830    831
   750    831    832
   750    832    751
   751    832    755
   751    755    754
   751    754    753
   751    753    752
   755    832    831
   755    831    833
   755    833    760
   755    760    759
   755    759    758
   755    758    757
   755    757    756
   551    671    670
   551    670    669
   551    669    760
   551    760    833
   551    833    834
   551    834    835
   551    835    836
   551    836    761
   551    761    552
   555    672    761
   555    761    836
   555    836    673
   555    673    556
   835    837    838
   835    838    674
   835    674    673
   835    673    836
   674    838    839
   674    839    762
   674    762    676
   674    676    675
   840    841    839
   840    839    838
   840    838    837
   677    762    839
   677    839    841
   677    841    763
   677    763    678
   764    763    841
   764    841    840
   764    840    842
   764    842    843
   764    843    844
   764    844    845
   764    845    846
   764    846    765
   682    681    765
   682    765    846
   682    846    847
   682    847    848
   682    848    766
   682    766    683
   847    849    771
   847    771    773
   847    773    848
   848    773    769
   848    769    692
   848    692    691
   848    691    585
   848    585    584
   848    584    690
   848    690    768
   848    768    767
   848    767    766
   850    775    774
   850    774    772
   850    772    771
   850    771    849
   851    852    776
   851    776    775
   851    775    850
   853    778    777
   853    777    776
   853    776    852
   699    778    853
   699    853    854
   699    854    855
   699    855    856
   699    856    779
   699    779    700
   856    857    858
   856    858    784
   856    784    781
   856    781    780
   856    780    779
   788    858    857
   788    857    859
   788    859    789
   785    784    858
   785    858    788
   793    860    861
   793    861    794
   791    790    860
   791    860    793
   797    862    863
   797    863    864
   797    864    865
   797    865    866
   797    866    867
   797    867    868
   797    868    798
   798    868    869
   798    869    870
   798    870    871
   798    871    872
   798    872    873
   798    873    801
   798    801    799
   801    873    874
   801    874    875
   801    875    876
   801    876    802
   802    876    877
   802    877    878
   802    878    879
   802    879    880
   802    880    881
   802    881    803
   803    881    882
   803    882    883
   803    883    884
   803    884    807
   803    807    804
   883    882    885
   883    885    886
   808    807    884
   808    884    887
   888    887    884
   888    884    883
   888    883    886
   888    886    889
   812    810    809
   812    809    808
   812    808    887
   812    887    888
   812    888    814
   815    814    888
   815    888    889
   815    889    890
   815    890    891
   815    891    819
   815    819    818
   815    818    817
   891    892    893
   891    893    894
   891    894    895
   891    895    820
   891    820    819
   820    895    896
   820    896    897
   820    897    824
   820    824    822
   820    822    821
   894    898    899
   894    899    900
   894    900    896
   894    896    895
   897    901    902
   897    902    825
   897    825    824
   896    900    901
   896    901    897
   825    902    903
   825    903    826
   903    902    901
   903    901    900
   903    900    899
   903    899    904
   903    904    905
   903    905    906
   827    826    903
   827    903    906
   827    906    830
   827    830    829
   827    829    749
   827    749    748
   827    748    828
   833    831    830
   833    830    906
   833    906    905
   833    905    907
   833    907    908
   833    908    909
   833    909    910
   833    910    834
   909    911    912
   909    912    913
   909    913    914
   909    914    915
   909    915    916
   909    916    917
   909    917    918
   909    918    910
   834    910    918
   834    918    842
   834    842    840
   834    840    837
   834    837    835
   916    919    920
   916    920    917
   918    917    920
   918    920    843
   918    843    842
   915    921    922
   915    922    923
   915    923    919
   915    919    916
   843    920    919
   843    919    923
   843    923    924
   843    924    925
   843    925    844
   844    925    926
   844    926    927
   844    927    928
   844    928    929
   844    929    845
   846    845    929
   846    929    851
   846    851    850
   846    850    849
   846    849    847
   929    928    854
   929    854    853
   929    853    852
   929    852    851
   927    930    931
   927    931    855
   927    855    854
   927    854    928
   932    859    857
   932    857    856
   932    856    855
   932    855    931
   932    931    933
   794    861    932
   794    932    933
   794    933    934
   794    934    795
   789    859    932
   789    932    861
   789    861    860
   789    860    790
   863    862    935
   796    935    862
   796    862    797
   869    936    937
   869    937    938
   869    938    870
   871    939    872
   875    940    941
   875    941    942
   875    942    877
   875    877    876
   877    942    943
   877    943    878
   885    882    881
   885    881    880
   885    880    944
   944    880    879
   944    879    945
   944    945    946
   889    886    885
   889    885    944
   889    944    946
   889    946    890
   890    946    945
   890    945    947
   890    947    948
   890    948    892
   890    892    891
   948    949    950
   948    950    951
   948    951    952
   948    952    893
   948    893    892
   893    952    953
   893    953    898
   893    898    894
   951    954    955
   951    955    956
   951    956    953
   951    953    952
   953    956    904
   953    904    899
   953    899    898
   955    954    957
   955    957    958
   955    958    959
   955    959    960
   905    904    956
   905    956    955
   905    955    960
   905    960    907
   912    961    962
   912    962    963
   912    963    913
   913    963    964
   913    964    965
   913    965    966
   913    966    914
   914    966    967
   914    967    968
   914    968    921
   914    921    915
   967    969    970
   967    970    968
   968    970    971
   968    971    972
   968    972    973
   968    973    974
   968    974    922
   968    922    921
   923    922    974
   923    974    975
   923    975    976
   923    976    924
   924    976    977
   924    977    926
   924    926    925
   926    977    978
   926    978    930
   926    930    927
   933    931    930
   933    930    978
   933    978    979
   933    979    980
   933    980    934
   795    934    980
   795    980    981
   795    981    982
   795    982    864
   795    864    863
   795    863    935
   795    935    796
   981    983    866
   981    866    865
   981    865    982
   982    865    864
   984    941    940
   943    942    941
   943    941    984
   943    984    985
   945    879    878
   945    878    943
   945    943    985
   945    985    986
   945    986    987
   945    987    947
   947    987    988
   947    988    949
   947    949    948
   988    989    990
   988    990    958
   988    958    957
   988    957    950
   988    950    949
   950    957    954
   950    954    951
   959    958    990
   959    990    991
   959    991    992
   907    960    959
   907    959    992
   907    992    908
   962    993    964
   962    964    963
   965    994    969
   965    969    967
   965    967    966
   972    995    973
   974    973    995
   974    995    996
   974    996    975
   978    977    976
   978    976    975
   978    975    996
   978    996    997
   978    997    998
   978    998    999
   978    999    979
   980    979    999
   980    999    936
   980    936    869
   980    869    868
   980    868    867
   980    867    983
   980    983    981
   866    983    867
   870    938   1000
   870   1000    939
   870    939    871
   872    939   1000
   872   1000   1001
   872   1001    874
   872    874    873
   874   1001   1002
   874   1002    986
   874    986    985
   874    985    984
   874    984    940
   874    940    875
   986   1002   1003
   986   1003   1004
   986   1004    989
   986    989    988
   986    988    987
   991    990    989
   991    989   1004
   991   1004    961
   991    961    912
   991    912    911
   908    992    991
   908    991    911
   908    911    909
   964    993   1005
   964   1005   1006
   964   1006    994
   964    994    965
  1006   1007    971
  1006    971    970
  1006    970    969
  1006    969    994
   996    995    972
   996    972    971
   996    971   1007
   996   1007    997
   999    998   1008
   999   1008   1009
   999   1009    937
   999    937    936
   937   1009   1003
   937   1003   1002
   937   1002   1001
   937   1001   1000
   937   1000    938
  1003   1009   1008
  1003   1008   1005
  1003   1005    993
  1003    993    962
  1003    962    961
  1003    961   1004
   997   1007   1006
   997   1006   1005
   997   1005   1008
   997   1008    998
   393    508    507
   393    507    631
   393    631    634
   393    634    637
   393    637    639
   393    639    509
   393    509    394
