574 1144
    0.155903     0.223944     0.544964
    0.155903     0.140425     0.555960
    0.236852     0.059476     0.555960
    0.419090     0.059476     0.531968
    0.270864     0.207703     0.531968
   -0.265417     0.170591     0.496521
   -0.233044     0.140425     0.504754
    0.049989     0.337605     0.516057
    0.007992     0.371211     0.506103
   -0.039565     0.396442     0.496521
   -0.231799     0.131611     0.503757
    0.142885    -0.243074     0.503757
    0.236852    -0.142235     0.529404
    0.360759    -0.124729     0.515396
    0.519209     0.033721     0.515396
    0.562371     0.062772     0.499303
    0.554587     0.033721     0.507512
    0.642158    -0.008767     0.478529
    0.680261    -0.008767     0.462746
    0.673496     0.007567     0.462746
    0.642574     0.026553     0.472297
    0.318088     0.220357     0.518624
    0.530748     0.094395     0.499303
    0.302125     0.233167     0.516057
   -0.417485     0.615029     0.349853
   -0.468655     0.593834     0.349853
   -0.418283     0.543462     0.379361
   -0.132652     0.466928     0.460069
   -0.210734     0.518281     0.425401
   -0.392854     0.606533     0.357599
   -0.326286     0.200123     0.476375
   -0.119523     0.459361     0.464681
   -0.474903     0.596092     0.346878
   -0.566615     0.374678     0.346878
   -0.578583     0.250498     0.363227
   -0.524775     0.200123     0.394158
   -0.499137    -0.065906     0.359134
   -0.368944    -0.380220     0.359134
   -0.365115    -0.427787     0.349387
    0.115785    -0.298930     0.485271
   -0.005070    -0.437229     0.407250
    0.115785    -0.308137     0.481457
   -0.375874    -0.457562     0.335208
   -0.227551    -0.518999     0.335208
   -0.182536    -0.523338     0.341134
   -0.005720    -0.437656     0.406962
    0.204110    -0.299625     0.469829
    0.522025    -0.167940     0.469829
    0.604796    -0.161278     0.452868
    0.615258    -0.155081     0.451917
    0.667394    -0.102946     0.451917
    0.725939    -0.076508     0.432203
    0.740620    -0.041064     0.432203
    0.732095    -0.033083     0.437104
    0.764100    -0.048891     0.415795
    0.733994    -0.027106     0.434417
    0.706531    -0.003701     0.445327
    0.727595    -0.020265     0.436607
    0.568561     0.082331     0.483493
    0.604031     0.065096     0.472297
    0.038255     0.380829     0.492501
    0.290867     0.243697     0.512454
   -0.063231     0.444278     0.464681
   -0.559935     0.677644     0.272988
   -0.561652     0.677184     0.272988
   -0.533906     0.655095     0.295643
   -0.441862     0.625840     0.337016
   -0.538037     0.669826     0.283490
   -0.612368     0.702420     0.227600
   -0.621317     0.703500     0.221442
   -0.631267     0.693551     0.221442
   -0.623683     0.680652     0.234018
   -0.571589     0.680652     0.266005
   -0.591394     0.692295     0.246696
   -0.609468     0.701599     0.229884
   -0.633075     0.583778     0.252890
   -0.656335     0.496970     0.252890
   -0.674597     0.314463     0.276401
   -0.668865     0.298406     0.284101
   -0.627310     0.250498     0.325838
   -0.594423    -0.078169     0.283497
   -0.552620    -0.234179     0.283497
   -0.526570    -0.502870     0.231155
   -0.511138    -0.519368     0.236434
   -0.437680    -0.519368     0.281539
   -0.500931    -0.551362     0.223057
   -0.459128    -0.593165     0.223057
   -0.437680    -0.580556     0.243968
   -0.425071    -0.581778     0.246425
   -0.393833    -0.590148     0.246425
   -0.359936    -0.593540     0.250792
   -0.195989    -0.535007     0.329414
    0.343331    -0.343875     0.407250
    0.349923    -0.343236     0.405966
    0.493727    -0.265171     0.417325
    0.766467    -0.076508     0.407318
    0.721925    -0.121050     0.407318
    0.778888    -0.072271     0.400769
    0.773027    -0.053831     0.409057
    0.800673    -0.071066     0.384300
    0.782655    -0.057950     0.400823
    0.801337    -0.069721     0.383134
    0.800937    -0.071147     0.384025
    0.809002    -0.074977     0.374506
    0.817557    -0.077462     0.364002
    0.784774    -0.058200     0.398485
    0.783911    -0.056908     0.398485
    0.658669     0.044161     0.445327
    0.366267     0.217500     0.483493
   -0.196957     0.522147     0.416792
   -0.128797     0.492348     0.429933
   -0.375155     0.603013     0.357599
   -0.582443     0.689783     0.252289
   -0.597846     0.698678     0.236704
   -0.642218     0.710557     0.197028
   -0.645762     0.708188     0.197028
   -0.642993     0.705419     0.202562
   -0.628301     0.705419     0.214318
   -0.636172     0.708480     0.204353
   -0.642993     0.701582     0.205632
   -0.658856     0.708757     0.180893
   -0.664345     0.700541     0.180893
   -0.663796     0.699129     0.182681
   -0.678671     0.576569     0.203147
   -0.686013     0.539657     0.203147
   -0.702422     0.391621     0.220137
   -0.693549     0.347279     0.243196
   -0.635655    -0.001203     0.249714
   -0.609592    -0.132229     0.249714
   -0.574332    -0.422751     0.201201
   -0.550822    -0.476526     0.211569
   -0.531975    -0.502233     0.225193
   -0.515869    -0.548587     0.207388
   -0.500931    -0.570943     0.207388
   -0.492728    -0.592353     0.196820
   -0.487702    -0.597379     0.196820
   -0.485806    -0.598105     0.197756
   -0.462512    -0.598105     0.216396
   -0.474546    -0.605629     0.197756
   -0.472444    -0.606359     0.198564
   -0.462017    -0.602303     0.211765
   -0.444657    -0.604410     0.214664
   -0.437108    -0.605911     0.214664
   -0.418810    -0.607940     0.216764
   -0.366873    -0.597546     0.243773
   -0.178699    -0.533091     0.327430
    0.121548    -0.473368     0.327430
    0.169621    -0.467533     0.319402
    0.196285    -0.455876     0.324543
    0.612072    -0.224053     0.371868
    0.766226    -0.121050     0.371868
    0.825225    -0.098444     0.342747
    0.825225    -0.086199     0.352546
    0.824773    -0.085779     0.353243
    0.847922    -0.099429     0.314776
    0.849095    -0.097674     0.314776
    0.842932    -0.092879     0.325994
    0.834640    -0.088037     0.339798
    0.822779    -0.079578     0.357407
    0.823091    -0.079785     0.356988
    0.824623    -0.080753     0.354741
    0.853666    -0.097239     0.304746
    0.853388    -0.098816     0.306020
    0.856962    -0.100400     0.297997
    0.871837    -0.105185     0.263916
    0.871913    -0.105185     0.263733
    0.847843    -0.094243     0.316003
    0.799474    -0.061015     0.376286
    0.655972     0.054381     0.430750
    0.747300    -0.008842     0.376286
    0.497784     0.180136     0.396016
    0.420843     0.213192     0.427800
   -0.122021     0.489795     0.427800
   -0.518842     0.673210     0.267980
   -0.554912     0.691878     0.236704
   -0.643727     0.712706     0.191262
   -0.643702     0.712241     0.192394
   -0.623525     0.706251     0.214572
   -0.635678     0.710559     0.199523
   -0.648354     0.714661     0.181042
   -0.662332     0.713707     0.166424
   -0.660672     0.710902     0.175076
   -0.660741     0.710642     0.175448
   -0.665807     0.714879     0.157421
   -0.669635     0.714054     0.151601
   -0.672694     0.710995     0.151601
   -0.668594     0.708569     0.164245
   -0.669015     0.703242     0.169681
   -0.675453     0.709392     0.146998
   -0.679420     0.701607     0.146998
   -0.679355     0.700371     0.148645
   -0.694682     0.588824     0.163419
   -0.699856     0.556154     0.163419
   -0.714204     0.435784     0.174807
   -0.669429     0.144925     0.224052
   -0.641254    -0.032962     0.224052
   -0.590151    -0.390372     0.181006
   -0.593320    -0.381812     0.177847
   -0.538930    -0.508095     0.201631
   -0.515424    -0.554228     0.201631
   -0.502647    -0.583966     0.189347
   -0.496843    -0.591267     0.190950
   -0.494472    -0.594693     0.188907
   -0.486238    -0.602926     0.188907
   -0.484747    -0.604799     0.187390
   -0.484676    -0.604829     0.187419
   -0.474792    -0.609865     0.187419
   -0.471518    -0.609693     0.191781
   -0.464234    -0.610694     0.192746
   -0.442608    -0.614119     0.192746
   -0.442168    -0.614171     0.192788
   -0.301503    -0.589754     0.237588
   -0.067511    -0.552694     0.237588
    0.019888    -0.540684     0.226012
    0.709351    -0.216375     0.272598
    0.361307    -0.393712     0.272598
    0.845068    -0.158066     0.216533
    0.857906    -0.109413     0.285934
    0.872222    -0.107370     0.262150
    0.867956    -0.106761     0.271598
    0.849164    -0.157183     0.210307
    0.852537    -0.154848     0.208295
    0.891478    -0.115906     0.208295
    0.882234    -0.110437     0.236806
    0.887296    -0.110709     0.224482
    0.894430    -0.114191     0.203370
    0.891404    -0.111985     0.213205
    0.903210    -0.115128     0.151166
    0.903210    -0.115999     0.152037
    0.906909    -0.118370     0.126313
    0.909822    -0.118370     0.104183
    0.909219    -0.117050     0.107441
    0.903247    -0.115131     0.150886
    0.897642    -0.113348     0.184539
    0.896025    -0.114478     0.195880
    0.898093    -0.115446     0.183789
    0.899850    -0.115999     0.173249
    0.907654    -0.114378     0.111291
    0.893562    -0.110079     0.197025
    0.879555    -0.083824     0.148261
    0.899558    -0.103828     0.111291
    0.865352    -0.071823     0.157025
    0.468689     0.232547     0.157025
    0.441058     0.250941     0.179336
    0.071429     0.439276     0.179336
    0.070652     0.439626     0.179099
   -0.563741     0.702400     0.179099
   -0.590547     0.710559     0.154391
   -0.604832     0.714558     0.138299
   -0.653700     0.720992     0.138299
   -0.653700     0.719417     0.150260
   -0.652124     0.716958     0.167364
   -0.662586     0.720992     0.129413
   -0.663092     0.719417     0.140868
   -0.663171     0.719323     0.141383
   -0.662395     0.718214     0.149163
   -0.670053     0.719836     0.113163
   -0.670934     0.719589     0.112171
   -0.671126     0.719510     0.112171
   -0.670756     0.717343     0.131641
   -0.671605     0.716283     0.134884
   -0.674847     0.717329     0.106809
   -0.677462     0.715323     0.106809
   -0.676050     0.713911     0.126628
   -0.677497     0.711198     0.131668
   -0.678472     0.714312     0.104941
   -0.681243     0.710702     0.104941
   -0.681684     0.709948     0.106026
   -0.679519     0.709578     0.125481
   -0.681264     0.702896     0.134064
   -0.685993     0.698928     0.108174
   -0.685284     0.701258     0.106026
   -0.699856     0.607740     0.111833
   -0.694148     0.647439     0.108174
   -0.714680     0.435784     0.171189
   -0.714680     0.495140     0.111833
   -0.669429     0.092570     0.171698
   -0.670222     0.098087     0.171189
   -0.595351    -0.375140     0.171698
   -0.539798    -0.511934     0.181006
   -0.535348    -0.521810     0.184017
   -0.504389    -0.582571     0.184017
   -0.500987    -0.587681     0.179891
   -0.491882    -0.599547     0.179891
   -0.489476    -0.602394     0.178134
   -0.484818    -0.604879     0.186787
   -0.486025    -0.605845     0.171756
   -0.481578    -0.609257     0.171756
   -0.481531    -0.608982     0.174232
   -0.475310    -0.610606     0.182221
   -0.476681    -0.612127     0.164700
   -0.472625    -0.613807     0.164700
   -0.471600    -0.614119     0.163755
   -0.464960    -0.615978     0.156275
   -0.442168    -0.618978     0.156275
   -0.407778    -0.618978     0.121885
   -0.185800    -0.589754     0.121885
   -0.056169    -0.571115     0.109937
    0.002098    -0.561887     0.109937
    0.093109    -0.534185     0.026051
    0.553265    -0.343583     0.026051
    0.672581    -0.289824    -0.010334
    0.791402    -0.229282    -0.010334
    0.911266    -0.131591     0.035068
    0.906000    -0.126325     0.108996
    0.791756    -0.229047    -0.010620
    0.902724    -0.143898    -0.010620
    0.906740    -0.139881    -0.003196
    0.909258    -0.136687     0.006830
    0.909851    -0.135780     0.010421
    0.910470    -0.134559     0.016346
    0.911178    -0.132264     0.030263
    0.907346    -0.123802     0.113683
    0.907323    -0.123600     0.114575
    0.911266    -0.124472     0.078462
    0.907710    -0.122121     0.116476
    0.906909    -0.120932     0.123750
    0.910733    -0.121149     0.094480
    0.905796    -0.135780    -0.020376
    0.905796    -0.133540    -0.018136
    0.906063    -0.133144    -0.015711
    0.902534    -0.137871    -0.043063
    0.899599    -0.137871    -0.061594
    0.906062    -0.133138    -0.015705
    0.896718    -0.138777    -0.078881
    0.904509    -0.131894    -0.020457
    0.893022    -0.110364     0.019531
    0.894963    -0.139598    -0.089134
    0.876919    -0.142843    -0.173894
    0.847342    -0.142843    -0.291654
    0.843153    -0.141338    -0.302343
    0.837618    -0.138928    -0.314784
    0.830287    -0.134669    -0.327015
    0.706440    -0.010822    -0.327015
    0.680074     0.007430    -0.342738
    0.594611     0.075371    -0.323972
    0.552858     0.093309    -0.341220
   -0.297122     0.526395    -0.341220
   -0.316852     0.540822    -0.318604
   -0.426069     0.594179    -0.250486
   -0.570035     0.668689    -0.125652
   -0.602542     0.707429     0.086437
   -0.601243     0.673632    -0.125652
   -0.615608     0.678724    -0.107865
   -0.620737     0.681139    -0.097749
   -0.643321     0.693103    -0.044794
   -0.659404     0.702106    -0.004038
   -0.666285     0.706725     0.018245
   -0.666285     0.707429     0.022694
   -0.670053     0.713308     0.063577
   -0.672237     0.713308     0.065762
   -0.672825     0.713704     0.069356
   -0.667874     0.707065     0.021985
   -0.674168     0.713353     0.071081
   -0.669601     0.706693     0.024611
   -0.674794     0.712571     0.068688
   -0.676057     0.711897     0.071034
   -0.669799     0.706495     0.024611
   -0.671197     0.705683     0.026943
   -0.676754     0.710591     0.068609
   -0.677429     0.710050     0.070676
   -0.672446     0.703233     0.026943
   -0.678165     0.707231     0.067055
   -0.672178     0.698147     0.020168
   -0.694148     0.559433     0.020168
   -0.705675     0.495140     0.043429
   -0.698692     0.521315     0.016562
   -0.670222     0.197709     0.071568
   -0.585643    -0.383285     0.118553
   -0.634387    -0.028546     0.071568
   -0.579495    -0.395870     0.110704
   -0.548892    -0.477109     0.136276
   -0.496504    -0.579927     0.136276
   -0.491846    -0.590768     0.140754
   -0.490908    -0.595120     0.147370
   -0.491285    -0.595454     0.150199
   -0.485840    -0.605660     0.169155
   -0.476781    -0.609248     0.147370
   -0.477528    -0.610094     0.153718
   -0.476544    -0.611323     0.157478
   -0.465570    -0.614189     0.143384
   -0.464037    -0.611995     0.127999
   -0.465512    -0.614257     0.143760
   -0.407778    -0.614257     0.086026
   -0.457102    -0.610509     0.111681
   -0.415835    -0.608338     0.056706
   -0.405076    -0.610042     0.056706
   -0.259168    -0.571115    -0.093062
   -0.219490    -0.557049    -0.142192
    0.118895    -0.503454    -0.142192
    0.220506    -0.450866    -0.230299
    0.409529    -0.358520    -0.348193
    0.426276    -0.346275    -0.367389
    0.797106    -0.157327    -0.367389
    0.799081    -0.156479    -0.366574
    0.838341    -0.148015    -0.306896
    0.847955    -0.158898    -0.225291
    0.877345    -0.143218    -0.170705
    0.895597    -0.140041    -0.084689
    0.898974    -0.140148    -0.063264
    0.838960    -0.147397    -0.306896
    0.845171    -0.143788    -0.296534
    0.902222    -0.139109    -0.043794
    0.902534    -0.138847    -0.042087
    0.832160    -0.141338    -0.328881
    0.828942    -0.140303    -0.336255
    0.829104    -0.139386    -0.335513
    0.824483    -0.138102    -0.344914
    0.813035    -0.140303    -0.370509
    0.811653    -0.139935    -0.373328
    0.800165    -0.139171    -0.394108
    0.798103    -0.139171    -0.397679
    0.731137    -0.125850    -0.498237
    0.720112    -0.122515    -0.513469
    0.714757    -0.119958    -0.519786
    0.712366    -0.116381    -0.519786
    0.712666    -0.116082    -0.518921
    0.656574    -0.118803    -0.588540
    0.655635    -0.118791    -0.589607
    0.636803    -0.116136    -0.606800
    0.543082    -0.080226    -0.653061
    0.247273     0.117427    -0.653061
    0.157961     0.148458    -0.687366
    0.085146     0.193981    -0.667405
   -0.170020     0.381057    -0.532176
   -0.285194     0.483451    -0.428590
   -0.356305     0.497596    -0.428590
   -0.374344     0.505846    -0.418551
   -0.413464     0.529860    -0.383595
   -0.428445     0.540003    -0.368168
   -0.462647     0.564742    -0.329546
   -0.485986     0.583616    -0.298899
   -0.497924     0.590510    -0.286819
   -0.515074     0.602884    -0.263505
   -0.580273     0.650654    -0.173107
   -0.589770     0.658083    -0.158804
   -0.599748     0.667782    -0.139204
   -0.601243     0.672428    -0.128559
   -0.611683     0.674268    -0.120124
   -0.601671     0.668530    -0.136770
   -0.611642     0.674197    -0.120294
   -0.647508     0.694913    -0.035447
   -0.658244     0.700144    -0.010087
   -0.612986     0.674256    -0.118638
   -0.616668     0.677070    -0.109502
   -0.659327     0.700299    -0.007690
   -0.667902     0.697917     0.009756
   -0.636687     0.521289    -0.133122
   -0.636766     0.521315    -0.132940
   -0.608535     0.662815    -0.133122
   -0.591952     0.212144    -0.122912
   -0.623732     0.498858    -0.155819
   -0.518808    -0.155577    -0.122912
   -0.494859    -0.352899    -0.089962
   -0.518199    -0.412895    -0.014003
   -0.507184    -0.444595    -0.001826
   -0.422013    -0.572063    -0.001826
   -0.451027    -0.601077     0.081993
   -0.451691    -0.601364     0.083475
   -0.421106    -0.572023    -0.002945
   -0.400220    -0.585979    -0.002945
   -0.400959    -0.587256     0.000123
   -0.415595    -0.603873     0.045836
   -0.219490    -0.555262    -0.146506
   -0.269929    -0.535293    -0.167904
   -0.216486    -0.545923    -0.167904
    0.011822    -0.414074    -0.398917
    0.025062    -0.403367    -0.416304
    0.074674    -0.367482    -0.472327
    0.119694    -0.346892    -0.497383
    0.444023    -0.282379    -0.497383
    0.486348    -0.244751    -0.535449
    0.574010    -0.180481    -0.581908
    0.594666    -0.173304    -0.573974
    0.802490    -0.143558    -0.385005
    0.669657    -0.123196    -0.573974
    0.683219    -0.123026    -0.558576
    0.717792    -0.124527    -0.515971
    0.813596    -0.140627    -0.369164
    0.831952    -0.143250    -0.328512
    0.832472    -0.143105    -0.327453
    0.707489    -0.122515    -0.529920
    0.703635    -0.122130    -0.534843
    0.679900    -0.121554    -0.562807
    0.665334    -0.121554    -0.579400
    0.662721    -0.120964    -0.582197
    0.690814    -0.122130    -0.550198
    0.625087    -0.116136    -0.616175
    0.619107    -0.115941    -0.620804
    0.585809    -0.114100    -0.645976
    0.574102    -0.112033    -0.653690
    0.540851    -0.100692    -0.671222
    0.519023    -0.092022    -0.681751
    0.507227    -0.080226    -0.681751
    0.412444    -0.049986    -0.721381
    0.354592    -0.015719    -0.726637
    0.330293    -0.000479    -0.727830
    0.300067     0.020711    -0.726640
    0.245880     0.064194    -0.717926
    0.162495     0.142191    -0.691242
    0.034454     0.207564    -0.667405
    0.003842     0.225206    -0.656652
   -0.109711     0.299889    -0.606235
   -0.190796     0.360177    -0.562305
   -0.201977     0.372090    -0.552146
   -0.270337     0.423028    -0.503483
   -0.471526     0.567233    -0.323998
   -0.466910     0.562617    -0.330666
   -0.592905     0.659763    -0.154284
   -0.567563     0.638835    -0.192735
   -0.474259     0.483161    -0.346547
   -0.528284     0.498858    -0.280210
   -0.457334     0.546328    -0.346547
   -0.394668     0.391401    -0.426486
   -0.386954     0.314312    -0.416555
   -0.245007    -0.215442    -0.416555
   -0.244335    -0.222377    -0.415204
   -0.301510    -0.319630    -0.320383
   -0.371347    -0.367465    -0.226222
   -0.371347    -0.522265    -0.102351
   -0.191639    -0.429500    -0.320383
   -0.221040    -0.472424    -0.262510
   -0.267385    -0.522265    -0.185542
   -0.035798    -0.337881    -0.472327
    0.298289    -0.191981    -0.652971
    0.301446    -0.187644    -0.656948
    0.308258    -0.180387    -0.663136
    0.518820    -0.123967    -0.663136
    0.569573    -0.119046    -0.653249
    0.580498    -0.125469    -0.642597
    0.594617    -0.120964    -0.636694
    0.597945    -0.117637    -0.636694
    0.593427    -0.115941    -0.640509
    0.588653    -0.115048    -0.643989
    0.566558    -0.112033    -0.658322
    0.553475    -0.106614    -0.664977
    0.499004    -0.086930    -0.690917
    0.475643    -0.080088    -0.701059
    0.415293    -0.052834    -0.721381
    0.201303     0.082658    -0.717926
    0.137022     0.134095    -0.702692
    0.108769     0.149085    -0.696999
   -0.272221     0.423627    -0.502636
   -0.369851     0.501353    -0.422922
   -0.218943     0.370348    -0.548901
   -0.225349     0.354883    -0.548901
   -0.334905     0.391401    -0.472344
   -0.100798     0.238278    -0.620498
   -0.053455     0.216069    -0.643918
    0.085509    -0.119420    -0.643918
   -0.017449    -0.222377    -0.554515
   -0.017449    -0.289001    -0.513607
    0.127391    -0.104285    -0.663863
    0.135242    -0.104917    -0.665472
    0.309372    -0.177044    -0.665472
    0.383769    -0.097577    -0.711153
    0.423686    -0.093730    -0.705897
    0.459459    -0.078912    -0.705897
    0.466916    -0.078312    -0.704369
    0.569573    -0.115048    -0.655704
    0.415190    -0.053216    -0.721489
    0.412148    -0.053216    -0.722167
    0.385141    -0.046268    -0.726637
    0.214989     0.067971    -0.721662
   -0.049256     0.239434    -0.641649
    0.104293     0.144608    -0.696999
   -0.042996     0.216069    -0.648251
    0.176142     0.077655    -0.715272
    0.333540    -0.051783    -0.721503
    0.213786     0.067971    -0.721503
    0.376082    -0.057794    -0.726313
    0.383769    -0.066043    -0.724215
    0.401880    -0.063484    -0.722167
    0.376082    -0.046268    -0.727830
     1      2      3
     1      3      4
     1      4      5
     6      7      2
     6      2      1
     6      1      8
     6      8      9
     6      9     10
    11     12     13
    11     13      3
    11      3      2
    11      2      7
     4      3     13
     4     13     14
     4     14     15
    16     17     18
    16     18     19
    16     19     20
    16     20     21
    22      5      4
    22      4     15
    22     15     17
    22     17     16
    22     16     23
    24      8      1
    24      1      5
    24      5     22
    25     26     27
    25     27     28
    25     28     29
    25     29     30
    28     27     31
    28     31      6
    28      6     10
    28     10     32
    33     34     35
    33     35     36
    33     36     31
    33     31     27
    33     27     26
    31     36     37
    31     37     38
    31     38     11
    31     11      7
    31      7      6
    38     39     40
    38     40     12
    38     12     11
    41     42     40
    41     40     39
    41     39     43
    41     43     44
    41     44     45
    41     45     46
    13     12     40
    13     40     42
    13     42     47
    13     47     48
    13     48     14
    15     14     48
    15     48     49
    15     49     50
    15     50     51
    15     51     18
    15     18     17
    19     18     51
    19     51     52
    19     52     53
    19     53     54
    54     53     55
    54     55     56
    57     20     19
    57     19     54
    57     54     56
    57     56     58
    59     23     16
    59     16     21
    59     21     60
    61      9      8
    61      8     24
    61     24     62
    32     10      9
    32      9     61
    32     61     63
    64     65     66
    64     66     67
    64     67     68
    67     66     33
    67     33     26
    67     26     25
    69     70     71
    69     71     72
    69     72     73
    69     73     74
    69     74     75
    72     76     34
    72     34     33
    72     33     66
    72     66     65
    72     65     73
    77     78     79
    77     79     80
    77     80     35
    77     35     34
    77     34     76
    35     80     81
    35     81     82
    35     82     37
    35     37     36
    37     82     83
    37     83     84
    37     84     85
    37     85     43
    37     43     39
    37     39     38
    84     86     87
    84     87     88
    84     88     85
    85     88     89
    85     89     44
    85     44     43
    44     89     90
    44     90     91
    44     91     92
    44     92     45
    47     42     41
    47     41     93
    49     48     47
    49     47     93
    49     93     94
    49     94     95
    96     52     51
    96     51     50
    96     50     97
    55     53     52
    55     52     96
    55     96     98
    55     98     99
    99     98    100
    99    100    101
   102    103    104
   102    104    105
   106    101    100
   106    100    103
   106    103    102
    58     56     55
    58     55     99
    58     99    101
    58    101    106
    58    106    107
    60     21     20
    60     20     57
    60     57    108
   109     62     24
   109     24     22
   109     22     23
   109     23     59
   110     29     28
   110     28     32
   110     32     63
   110     63    111
   112     30     29
   112     29    110
    75     74    113
    75    113    114
   113     74     73
   113     73     65
   113     65     64
   115    116    117
   115    117    118
   115    118    119
   118    117    120
   118    120     71
   118     71     70
   121    122    123
   121    123    120
   121    120    117
   121    117    116
    71    120    123
    71    123    124
    71    124     77
    71     77     76
    71     76     72
   124    125    126
   124    126    127
   124    127     78
   124     78     77
    79    128    129
    79    129     81
    79     81     80
    81    129    130
    81    130    131
    81    131    132
    81    132     83
    81     83     82
    83    132    133
    83    133    134
    83    134     86
    83     86     84
   134    135    136
   134    136    137
   134    137    138
   134    138     87
   134     87     86
   137    139    140
   137    140    141
   137    141    138
    87    138    141
    87    141    142
    87    142     90
    87     90     89
    87     89     88
    91     90    142
    91    142    143
    91    143    144
    91    144    145
    46     45     92
    46     92    146
    46    146    147
    94     93     41
    94     41     46
    94     46    147
    94    147    148
    94    148    149
    97     50     49
    97     49     95
    97     95    150
    97    150    151
   104    103    100
   104    100     98
   104     98     96
   104     96     97
   104     97    151
   104    151    152
   104    152    153
   104    153    154
   153    152    155
   153    155    156
   153    156    157
   153    157    158
   159    105    104
   159    104    154
   159    154    160
   160    154    153
   160    153    158
   160    158    161
   162    163    164
   162    164    165
   162    165    166
   167    157    156
   167    156    163
   167    163    162
   161    158    157
   161    157    167
   168    107    106
   168    106    102
   168    102    105
   168    105    159
   169    108     57
   169     57     58
   169     58    107
   169    107    168
   169    168    170
   171    172    109
   171    109     59
   171     59     60
   171     60    108
   171    108    169
   111     63     61
   111     61     62
   111     62    109
   111    109    172
   111    172    173
   174     68     67
   174     67     25
   174     25     30
   174     30    112
   175    114    113
   175    113     64
   175     64     68
   175     68    174
   176    177    115
   176    115    119
   176    119    178
   176    178    179
   178    119    118
   178    118     70
   178     70     69
   180    181    182
   180    182    177
   180    177    176
   182    183    121
   182    121    116
   182    116    115
   182    115    177
   184    185    186
   184    186    187
   184    187    183
   184    183    182
   184    182    181
   187    188    122
   187    122    121
   187    121    183
   186    189    190
   186    190    191
   186    191    188
   186    188    187
   123    122    188
   123    188    191
   123    191    192
   123    192    125
   123    125    124
   192    193    194
   192    194    126
   192    126    125
   127    195    196
   127    196    128
   127    128     79
   127     79     78
   197    130    129
   197    129    128
   197    128    196
   197    196    198
   199    200    133
   199    133    132
   199    132    131
   133    200    201
   133    201    202
   133    202    135
   133    135    134
   203    204    136
   203    136    135
   203    135    202
   136    204    205
   136    205    206
   136    206    139
   136    139    137
   140    139    206
   140    206    207
   140    207    208
   142    141    140
   142    140    208
   142    208    209
   142    209    143
   144    143    209
   144    209    210
   144    210    211
   146     92     91
   146     91    145
   146    145    212
   146    212    213
   148    147    146
   148    146    213
   148    213    214
   215    150     95
   215     95     94
   215     94    149
   215    149    216
   151    150    215
   151    215    217
   151    217    218
   151    218    155
   151    155    152
   219    220    218
   219    218    217
   219    217    221
   219    221    222
   219    222    223
   219    223    224
   156    155    218
   156    218    220
   156    220    164
   156    164    163
   225    224    223
   225    223    226
   225    226    227
   164    220    219
   164    219    165
   166    165    219
   166    219    224
   166    224    225
   228    229    230
   228    230    231
   228    231    232
   228    232    233
   234    235    236
   234    236    237
   234    237    229
   234    229    228
   233    232    238
   227    226    235
   227    235    234
   227    234    239
   240    239    234
   240    234    228
   240    228    233
   240    233    238
   240    238    241
   242    170    168
   242    168    159
   242    159    160
   242    160    161
   242    161    167
   242    167    162
   242    162    166
   242    166    225
   242    225    227
   242    227    239
   242    239    240
   243    244    171
   243    171    169
   243    169    170
   243    170    242
   245    173    172
   245    172    171
   245    171    244
   246    247    175
   246    175    174
   246    174    112
   246    112    110
   246    110    111
   246    111    173
   246    173    245
   248    179    178
   248    178     69
   248     69     75
   248     75    114
   248    114    175
   248    175    247
   249    250    251
   249    251    252
   249    252    180
   249    180    176
   249    176    179
   249    179    248
   253    254    251
   253    251    250
   251    254    255
   251    255    256
   251    256    252
   257    258    259
   257    259    260
   257    260    255
   257    255    254
   257    254    253
   260    261    185
   260    185    184
   260    184    256
   260    256    255
   259    262    263
   259    263    264
   259    264    261
   259    261    260
   264    265    189
   264    189    186
   264    186    185
   264    185    261
   263    266    267
   263    267    268
   263    268    269
   263    269    265
   263    265    264
   269    270    190
   269    190    189
   269    189    265
   271    270    269
   271    269    268
   271    268    272
   273    193    192
   273    192    191
   273    191    190
   273    190    270
   273    270    271
   273    271    274
   275    194    193
   275    193    273
   275    273    276
   277    195    127
   277    127    126
   277    126    194
   277    194    275
   277    275    278
   198    196    195
   198    195    277
   198    277    279
   280    281    199
   280    199    131
   280    131    130
   280    130    197
   282    201    200
   282    200    199
   282    199    281
   283    284    203
   283    203    202
   283    202    201
   283    201    282
   285    286    205
   285    205    204
   285    204    203
   285    203    284
   287    288    289
   287    289    286
   287    286    285
   207    206    205
   207    205    286
   207    286    289
   207    289    290
   290    289    288
   290    288    291
   290    291    292
   209    208    207
   209    207    290
   209    290    292
   209    292    293
   209    293    210
   211    210    293
   211    293    294
   211    294    295
   212    145    144
   212    144    211
   212    211    295
   212    295    296
   212    296    297
   214    213    212
   214    212    297
   214    297    298
   214    298    299
   216    149    148
   216    148    214
   216    214    299
   216    299    300
   216    300    301
   221    217    215
   221    215    216
   221    216    301
   221    301    302
   221    302    303
   304    305    222
   304    222    221
   304    221    303
   304    303    306
   304    306    307
   304    307    308
   304    308    309
   304    309    310
   304    310    311
   304    311    312
   223    222    305
   223    305    313
   223    313    314
   223    314    236
   223    236    235
   223    235    226
   315    313    305
   315    305    304
   236    314    316
   236    316    317
   236    317    237
   318    316    314
   318    314    313
   318    313    315
   237    317    230
   237    230    229
   231    230    317
   231    317    316
   231    316    318
   310    319    320
   310    320    321
   310    321    311
   320    319    322
   320    322    323
   312    311    321
   312    321    324
   324    321    320
   324    320    323
   324    323    325
   324    325    326
   241    238    232
   241    232    231
   241    231    318
   241    318    315
   241    315    304
   241    304    312
   241    312    324
   241    324    326
   241    326    327
   327    326    325
   327    325    328
   327    328    329
   327    329    330
   327    330    331
   327    331    332
   327    332    333
   327    333    334
   243    242    240
   243    240    241
   243    241    327
   243    327    334
   243    334    335
   243    335    336
   336    337    338
   336    338    339
   336    339    246
   336    246    245
   336    245    244
   336    244    243
   339    340    341
   339    341    342
   339    342    249
   339    249    248
   339    248    247
   339    247    246
   341    343    344
   341    344    345
   341    345    346
   341    346    347
   341    347    348
   341    348    349
   341    349    342
   342    349    350
   342    350    257
   342    257    253
   342    253    250
   342    250    249
   350    351    352
   350    352    258
   350    258    257
   348    353    351
   348    351    350
   348    350    349
   352    354    262
   352    262    259
   352    259    258
   355    356    354
   355    354    352
   355    352    351
   355    351    353
   357    266    263
   357    263    262
   357    262    354
   357    354    356
   358    359    360
   358    360    357
   358    357    356
   358    356    355
   360    361    267
   360    267    266
   360    266    357
   362    363    361
   362    361    360
   362    360    359
   272    268    267
   272    267    361
   272    361    363
   364    365    274
   364    274    271
   364    271    272
   364    272    363
   364    363    362
   366    276    273
   366    273    274
   366    274    365
   366    365    367
   368    278    275
   368    275    276
   368    276    366
   369    279    277
   369    277    278
   369    278    368
   369    368    370
   371    372    280
   371    280    197
   371    197    198
   371    198    279
   371    279    369
   373    374    375
   373    375    376
   373    376    283
   373    283    282
   373    282    281
   373    281    280
   373    280    372
   376    377    287
   376    287    285
   376    285    284
   376    284    283
   375    378    379
   375    379    377
   375    377    376
   379    380    291
   379    291    288
   379    288    287
   379    287    377
   381    380    379
   381    379    378
   381    378    382
   293    292    291
   293    291    380
   293    380    381
   293    381    383
   293    383    294
   384    383    381
   384    381    382
   384    382    385
   384    385    386
   384    386    387
   295    294    383
   295    383    384
   295    384    296
   297    296    384
   297    384    387
   297    387    388
   297    388    298
   299    298    388
   299    388    389
   299    389    390
   299    390    300
   301    300    390
   301    390    391
   301    391    392
   301    392    302
   303    302    392
   303    392    393
   303    393    394
   303    394    395
   303    395    396
   303    396    397
   303    397    306
   306    397    398
   306    398    399
   306    399    400
   306    400    307
   329    398    397
   329    397    396
   329    396    401
   329    401    402
   329    402    330
   307    400    403
   307    403    308
   328    399    398
   328    398    329
   308    403    404
   308    404    309
   325    323    322
   325    322    404
   325    404    403
   325    403    400
   325    400    399
   325    399    328
   309    404    322
   309    322    319
   309    319    310
   331    405    406
   331    406    407
   331    407    332
   408    407    406
   408    406    409
   408    409    410
   332    407    408
   332    408    333
   411    412    413
   411    413    414
   411    414    415
   411    415    416
   411    416    417
   334    333    408
   334    408    410
   334    410    411
   334    411    417
   334    417    335
   335    417    416
   335    416    418
   335    418    419
   335    419    420
   335    420    421
   335    421    422
   335    422    337
   335    337    336
   337    422    423
   337    423    424
   337    424    425
   337    425    426
   337    426    338
   338    426    427
   338    427    428
   338    428    429
   338    429    430
   338    430    431
   338    431    432
   338    432    340
   338    340    339
   432    433    434
   432    434    435
   432    435    436
   432    436    437
   432    437    438
   432    438    343
   432    343    341
   432    341    340
   438    439    344
   438    344    343
   437    440    441
   437    441    439
   437    439    438
   346    442    443
   346    443    347
   344    439    441
   344    441    444
   344    444    445
   344    445    345
   347    443    446
   347    446    358
   347    358    355
   347    355    353
   347    353    348
   345    445    442
   345    442    346
   446    447    364
   446    364    362
   446    362    359
   446    359    358
   448    449    447
   448    447    446
   448    446    443
   448    443    442
   448    442    445
   448    445    444
   448    444    450
   367    365    364
   367    364    447
   367    447    449
   451    370    368
   451    368    366
   451    366    367
   451    367    449
   451    449    448
   451    448    452
   453    454    455
   453    455    371
   453    371    369
   453    369    370
   453    370    451
   455    456    373
   455    373    372
   455    372    371
   457    458    459
   457    459    374
   457    374    373
   457    373    456
   459    385    382
   459    382    378
   459    378    375
   459    375    374
   460    461    462
   460    462    463
   460    463    458
   460    458    457
   386    385    459
   386    459    458
   386    458    463
   464    462    461
   464    461    465
   464    465    466
   388    387    386
   388    386    463
   388    463    462
   388    462    464
   388    464    389
   390    389    464
   390    464    466
   390    466    467
   390    467    391
   392    391    467
   392    467    468
   392    468    469
   392    469    470
   392    470    471
   392    471    393
   393    471    472
   393    472    473
   393    473    474
   393    474    394
   475    395    394
   475    394    474
   475    474    476
   475    476    477
   475    477    478
   475    478    413
   475    413    412
   396    395    475
   396    475    479
   396    479    480
   396    480    401
   410    409    479
   410    479    475
   410    475    412
   410    412    411
   401    480    481
   401    481    402
   481    480    479
   481    479    409
   481    409    406
   481    406    405
   330    402    481
   330    481    405
   330    405    331
   414    482    483
   414    483    415
   418    484    485
   418    485    486
   418    486    419
   416    415    483
   416    483    487
   416    487    484
   416    484    418
   420    488    489
   420    489    490
   420    490    491
   420    491    492
   420    492    493
   420    493    494
   420    494    421
   421    494    495
   421    495    496
   421    496    497
   421    497    498
   421    498    499
   421    499    500
   421    500    423
   421    423    422
   424    501    502
   424    502    503
   424    503    504
   424    504    505
   424    505    425
   425    505    506
   425    506    427
   425    427    426
   431    507    433
   431    433    432
   430    508    507
   430    507    431
   436    509    440
   436    440    437
   434    510    435
   450    444    441
   450    441    440
   450    440    509
   511    512    510
   511    510    434
   511    434    433
   511    433    507
   511    507    508
   511    508    513
   435    510    512
   435    512    452
   435    452    448
   435    448    450
   435    450    509
   435    509    436
   514    515    453
   514    453    451
   514    451    452
   514    452    512
   514    512    511
   516    517    518
   516    518    519
   516    519    454
   516    454    453
   516    453    515
   519    520    460
   519    460    457
   519    457    456
   519    456    455
   519    455    454
   518    521    522
   518    522    523
   518    523    520
   518    520    519
   465    461    460
   465    460    520
   465    520    523
   468    522    521
   468    521    524
   468    524    469
   467    466    465
   467    465    523
   467    523    522
   467    522    468
   470    525    472
   470    472    471
   473    472    525
   473    525    526
   473    526    527
   473    527    528
   473    528    529
   473    529    530
   485    476    474
   485    474    473
   485    473    530
   485    530    531
   485    531    486
   419    486    531
   419    531    532
   419    532    488
   419    488    420
   483    482    478
   483    478    477
   483    477    487
   487    477    476
   487    476    485
   487    485    484
   413    478    482
   413    482    414
   489    533    534
   489    534    490
   491    535    536
   491    536    492
   493    537    538
   493    538    539
   493    539    495
   493    495    494
   499    540    541
   499    541    500
   423    500    541
   423    541    542
   423    542    501
   423    501    424
   427    506    543
   427    543    544
   427    544    428
   504    545    543
   504    543    506
   504    506    505
   429    513    508
   429    508    430
   543    545    546
   543    546    547
   543    547    544
   428    544    547
   428    547    514
   428    514    511
   428    511    513
   428    513    429
   547    546    548
   547    548    516
   547    516    515
   547    515    514
   549    550    551
   549    551    517
   549    517    516
   549    516    548
   551    552    524
   551    524    521
   551    521    518
   551    518    517
   526    552    551
   526    551    550
   526    550    553
   526    553    554
   526    554    555
   526    555    527
   469    524    552
   469    552    526
   469    526    525
   469    525    470
   527    555    556
   527    556    557
   527    557    528
   529    528    557
   529    557    558
   529    558    559
   529    559    538
   529    538    537
   529    537    536
   529    536    535
   529    535    560
   531    530    529
   531    529    560
   531    560    534
   531    534    533
   531    533    532
   490    534    560
   490    560    535
   490    535    491
   532    533    489
   532    489    488
   538    559    561
   538    561    539
   495    539    561
   495    561    562
   495    562    563
   495    563    496
   498    564    540
   498    540    499
   502    565    503
   542    566    567
   542    567    565
   542    565    502
   542    502    501
   503    565    567
   503    567    549
   503    549    548
   503    548    546
   503    546    545
   503    545    504
   568    553    550
   568    550    549
   568    549    567
   568    567    566
   569    554    553
   569    553    568
   569    568    570
   571    572    556
   571    556    555
   571    555    554
   571    554    569
   557    556    572
   557    572    573
   557    573    558
   561    559    558
   561    558    573
   561    573    562
   492    536    537
   492    537    493
   496    563    574
   496    574    497
   541    540    564
   541    564    570
   541    570    568
   541    568    566
   541    566    542
   497    574    571
   497    571    569
   497    569    570
   497    570    564
   497    564    498
   562    573    572
   562    572    571
   562    571    574
   562    574    563
   252    256    184
   252    184    181
   252    181    180
