578 1152
    0.091090     0.115255    96.806890
   14.952540     0.115255    96.480690
    0.091090    13.793455    96.094770
  -14.916220     0.115255    96.182160
    0.091090   -13.775255    96.663320
   29.268460     0.115255    93.930930
   20.599170    18.478005    94.780300
    0.091090    26.302355    94.636270
  -20.756670    20.145615    94.341770
  -29.023870     0.115255    95.106760
  -20.613820   -19.224545    96.927520
    0.091090   -27.114075    95.258280
   21.197610   -18.917415    93.490360
   43.310560     0.115255    88.666670
   37.255360    19.646495    89.825470
   21.531120    32.784475    91.368740
    0.091090    37.573545    91.951920
  -21.668200    34.594305    92.619250
  -36.980420    21.538605    92.370240
  -41.419400     0.115255    92.725260
  -35.827550   -19.226545    94.920750
  -21.252980   -33.697755    95.831200
    0.091090   -39.917635    92.402540
   22.473340   -34.563025    89.131280
   38.315640   -19.944055    88.678520
   57.352280     0.115255    81.735870
   52.465090    20.391995    82.191540
   40.054420    36.109145    84.611730
   21.653880    45.922125    86.327600
    0.091090    48.700885    87.324470
  -21.842170    46.071505    88.892480
  -39.960930    38.109185    89.451600
  -50.256890    21.287865    88.108090
  -52.300380     0.115255    87.749690
  -48.159570   -18.323925    89.257420
  -37.964580   -34.400055    91.852990
  -21.268150   -47.131355    92.252890
    0.091090   -52.597425    88.253460
   22.706080   -48.778525    84.202450
   41.991820   -37.293285    83.071420
   54.006530   -20.496175    82.850030
   71.111040     0.115255    74.703830
   66.527150    20.639135    73.961940
   56.178530    37.696665    75.964870
   40.720450    50.979305    78.391770
   21.466480    59.508615    79.776750
    0.091090    61.066915    80.534530
  -21.831840    57.528875    81.978350
  -41.231530    50.927205    83.517640
  -55.077110    38.846975    82.622760
  -61.928070    20.261655    80.553460
  -62.685460     0.115255    79.911680
  -59.502960   -17.669745    80.492220
  -52.288310   -34.428815    82.622000
  -39.470120   -49.981775    85.979870
  -21.358700   -60.869375    86.573120
    0.091090   -65.293535    82.945980
   22.482650   -62.241175    78.864430
   43.082500   -52.446415    77.070530
   59.229490   -38.302015    77.251550
   68.849270   -20.556275    76.833490
   83.849670     0.115255    68.136630
   79.164120    20.197075    66.294330
   69.825970    37.811935    67.189770
   56.829640    52.676225    69.244460
   40.306220    65.498665    71.028080
   21.125330    73.871135    72.118170
    0.091090    75.037835    72.160550
  -21.669420    70.694615    72.409630
  -41.457070    63.370465    73.829460
  -57.226610    52.674965    74.238100
  -68.094070    37.625095    72.327480
  -73.252310    19.169965    70.530870
  -73.570380     0.115255    70.260780
  -71.040360   -17.605385    70.454570
  -65.758150   -35.138745    71.419660
  -55.984160   -52.646125    74.619080
  -40.891160   -66.318125    78.489480
  -21.567880   -74.301375    79.168480
    0.091090   -77.630455    76.215800
   21.983220   -75.047055    72.558180
   42.399240   -66.040605    70.177940
   60.210540   -53.105815    69.858050
   74.004530   -37.706395    71.016120
   82.221780   -19.821725    70.789470
   94.978030     0.115255    61.175700
   90.395190    19.220925    58.741950
   81.466270    36.971465    58.618080
   70.068240    52.481635    59.785810
   56.158100    66.773815    61.074990
   39.514310    79.574585    62.639170
   20.720140    87.762095    63.725270
    0.091090    89.110435    63.011770
  -21.285760    84.888175    61.701330
  -40.773600    76.846995    61.941890
  -57.003450    65.385055    62.984200
  -70.336130    51.282105    62.435300
  -80.050860    35.627605    60.554560
  -84.799690    18.436525    59.598500
  -85.210170     0.115255    60.014360
  -83.027210   -17.967565    60.493710
  -78.615980   -36.097465    60.908950
  -70.817140   -54.858405    62.777180
  -58.537410   -70.919935    66.491390
  -41.811930   -80.660915    69.747140
  -21.668970   -85.995915    69.954110
    0.091090   -88.980125    67.507370
   21.266390   -87.042665    64.412240
   40.598720   -78.426615    61.721800
   58.100070   -65.762615    60.283900
   73.514330   -51.449395    61.169670
   85.703630   -35.692555    63.440510
   93.315220   -18.447695    63.779570
  104.424230     0.115255    52.413430
  100.559950    18.120395    50.052900
   92.050140    35.771075    49.439620
   81.506630    51.745245    49.946960
   69.522770    66.343465    50.460610
   55.272610    80.184755    51.390020
   38.699810    91.959545    53.216360
   20.268850    99.090315    54.447440
    0.091090   100.560785    53.302730
  -20.644630    97.265245    50.883780
  -39.340960    89.692505    49.753750
  -54.997890    77.751645    50.396750
  -68.919430    63.009555    50.971040
  -81.569300    48.174885    50.124790
  -91.167730    33.823445    48.830210
  -96.117610    18.077955    48.608560
  -96.955890     0.115255    49.513100
  -94.966540   -18.282075    50.514250
  -90.532980   -36.241045    51.167790
  -83.317820   -54.741435    52.241270
  -72.933560   -72.279635    54.525610
  -59.102010   -84.443425    57.450890
  -41.727880   -90.684215    59.209080
  -21.391490   -95.078525    58.651900
    0.091090   -98.806795    56.510840
   20.345420   -97.898775    53.986710
   38.285070   -89.687685    51.423610
   54.511000   -76.939515    49.220310
   69.637790   -63.053515    48.689120
   83.210770   -48.586585    50.689310
   94.345890   -33.187775    53.697900
  101.998480   -16.991775    54.525030
  112.340960     0.115255    41.237500
  109.706870    17.228285    39.463100
  101.995650    34.598385    38.877940
   92.065090    50.860645    39.162120
   81.302320    65.650915    39.303400
   68.989200    79.426355    39.378480
   54.374490    91.869815    40.374370
   37.817080   101.401975    42.337090
   19.704640   106.629055    43.566010
    0.091090   107.658785    42.451560
  -19.770610   105.227025    39.841280
  -37.443130    99.021505    37.957740
  -52.099050    88.135015    37.793160
  -65.374640    73.533585    38.522280
  -78.733220    58.426165    38.736350
  -91.297620    45.070295    38.069370
 -100.790530    32.470255    37.366670
 -106.083380    17.782985    37.452900
 -107.672970     0.115255    38.359580
 -106.100470   -18.056735    39.563750
 -101.367360   -34.923405    40.637550
  -93.711220   -51.637255    41.642190
  -83.804620   -68.749975    42.930580
  -71.972910   -83.197015    44.582920
  -57.758270   -91.871865    46.026740
  -40.526450   -96.709455    46.373730
  -20.617540  -101.698415    45.344400
    0.091090  -106.700565    43.555930
   19.245700  -107.008855    41.649190
   35.879900   -99.509605    39.642210
   50.752640   -86.862215    37.527780
   64.869220   -73.227885    36.092880
   78.262280   -59.801295    36.480890
   90.364480   -45.857515    38.893340
  100.803840   -31.148915    41.744810
  108.804990   -15.915675    42.656010
  118.561930     0.115255    28.264990
  117.146770    16.575485    27.238360
  110.559050    33.478875    26.895390
  101.430970    49.620015    27.143070
   91.606840    64.388695    27.281660
   80.819590    77.968615    27.060870
   68.002050    90.358385    27.080960
   53.026810   100.673605    27.991480
   36.574780   107.681865    29.533690
   18.918040   110.945865    30.459350
    0.091090   111.109745    29.731030
  -18.716400   108.882645    27.813600
  -35.366500   103.911095    26.097940
  -49.095490    95.059685    25.446650
  -61.388000    82.265655    25.722480
  -74.074110    67.729015    26.200870
  -87.252130    54.272765    26.284440
  -99.175660    42.714565    25.971180
 -108.095960    31.232465    25.667650
 -113.707640    17.154905    25.727260
 -116.360460     0.115255    26.247110
 -115.727570   -17.123185    27.121940
 -111.152550   -32.467365    28.152030
 -102.986080   -46.970025    29.144390
  -92.690780   -62.320885    30.013860
  -81.489940   -77.481935    30.793280
  -69.354840   -89.052885    31.472060
  -55.298470   -95.786515    31.830120
  -38.509950  -100.554265    31.562040
  -19.435670  -106.367795    30.640850
    0.091090  -112.227045    29.409880
   18.026910  -113.522645    28.194480
   33.581770  -107.150755    26.970630
   47.423740   -95.250565    25.588760
   60.572040   -82.082205    24.285720
   73.320840   -69.559125    23.735950
   85.267760   -57.091605    24.500460
   96.154490   -43.826445    26.417050
  106.037930   -29.805515    28.369060
  114.213150   -15.258205    29.024130
  122.501390     0.115255    14.410330
  121.794120    15.900845    14.005780
  116.347740    32.104395    13.866080
  108.322820    47.687745    14.008090
   99.547830    62.007955    14.141380
   90.134030    75.110745    14.034040
   79.065680    87.162075    13.813610
   65.759010    97.802025    13.839010
   50.725880   106.140785    14.313900
   34.712440   111.378105    15.036650
   17.834360   113.421105    15.473760
    0.091090   112.882965    15.209380
  -17.520700   110.440885    14.375540
  -33.253700   106.114555    13.489980
  -46.358020    99.177745    12.964810
  -57.904940    89.048195    12.880800
  -69.586770    76.462835    13.066720
  -82.051010    63.412505    13.283070
  -94.331740    51.568885    13.382150
 -104.830670    40.886945    13.356020
 -112.830930    29.656935    13.280670
 -118.663310    16.021495    13.253580
 -122.412630     0.115255    13.366600
 -123.067160   -15.722215    13.678960
 -119.374130   -29.738755    14.173200
 -111.434590   -42.669965    14.737840
 -100.941640   -56.284265    15.227690
  -89.733180   -70.814315    15.570350
  -78.433320   -83.980345    15.797340
  -66.363100   -93.167805    15.949260
  -52.405690   -98.672265    15.975580
  -36.060570  -103.362705    15.771410
  -18.025600  -109.237625    15.320990
    0.091090  -114.993005    14.753650
   16.756830  -116.750535    14.217020
   31.411160  -111.794395    13.726880
   44.534140  -101.456435    13.189090
   56.941870   -89.312085    12.586720
   69.014380   -77.621775    12.109990
   80.525590   -66.367925    12.050780
   91.168160   -54.617785    12.568210
  101.045550   -41.950865    13.504900
  110.292760   -28.593695    14.372690
  118.101560   -14.667965    14.680030
  123.640600     0.115255    -0.033390
  123.067410    14.871795    -0.033390
  118.572050    30.073145    -0.033390
  111.813720    44.825655    -0.033390
  104.286210    58.441485    -0.033390
   96.243080    70.790335    -0.033390
   86.875270    82.069915    -0.033390
   75.398200    92.340765    -0.033390
   61.945930   101.277445    -0.033390
   47.349000   108.274085    -0.033390
   32.200400   112.771255    -0.033390
   16.465420   114.577765    -0.033390
    0.091090   113.981285    -0.033390
  -16.192830   111.536515    -0.033390
  -31.062150   107.623425    -0.033390
  -43.789770   102.107425    -0.033390
  -54.964010    94.483465    -0.033390
  -65.868920    84.544925    -0.033390
  -77.304670    72.975875    -0.033390
  -88.917120    61.087905    -0.033390
  -99.544960    49.825725    -0.033390
 -108.313040    39.028685    -0.033390
 -115.319270    27.605115    -0.033390
 -121.085380    14.551805    -0.033390
 -125.427810     0.115255    -0.033390
 -127.063580   -14.237165    -0.033390
 -124.535990   -27.359065    -0.033390
 -117.654780   -39.594015    -0.033390
 -107.850520   -52.172585    -0.033390
  -97.026610   -65.655295    -0.033390
  -86.221380   -78.863185    -0.033390
  -75.230260   -89.499275    -0.033390
  -63.138140   -96.375375    -0.033390
  -49.175260  -100.735185    -0.033390
  -33.348880  -104.928355    -0.033390
  -16.513190  -110.089055    -0.033390
    0.091090  -114.963175    -0.033390
   15.470100  -116.669975    -0.033390
   29.282250  -113.110435    -0.033390
   41.811810  -104.864665    -0.033390
   53.589940   -94.382715    -0.033390
   64.951850   -83.697645    -0.033390
   75.851770   -73.300835    -0.033390
   86.073510   -62.667145    -0.033390
   95.594050   -51.302885    -0.033390
  104.606980   -39.240405    -0.033390
  113.021590   -26.723255    -0.033390
  119.904150   -13.711315    -0.033390
  122.035160     0.115255   -15.115500
  120.900380    15.884725   -14.863860
  115.833660    32.309465   -14.710440
  108.855950    48.165055   -14.744120
  101.146530    62.455075   -14.772780
   92.175820    74.952015   -14.582240
   80.715060    85.932605   -14.214450
   66.523540    95.618455   -13.941940
   50.695230   103.826625   -13.990660
   34.330400   109.947385   -14.331140
   17.540140   113.264205   -14.689200
    0.091090   113.508765   -14.755360
  -17.353320   111.157975   -14.433560
  -33.327240   106.992045   -13.882740
  -47.123410   101.248375   -13.346220
  -59.576280    93.351685   -13.002070
  -71.979420    82.727525   -12.938500
  -84.587400    69.879375   -13.171760
  -96.330920    56.247955   -13.628070
 -106.048190    42.869885   -14.117640
 -113.747310    29.525505   -14.399400
 -120.141600    15.338595   -14.359700
 -125.029810     0.115255   -14.128990
 -126.679000   -15.206445   -13.967860
 -123.284780   -29.749065   -14.040950
 -115.027380   -43.832885   -14.306110
 -104.065190   -58.300545   -14.593280
  -92.480210   -72.811295   -14.789490
  -80.733100   -85.273355   -14.936090
  -67.898710   -93.751805   -15.121760
  -52.953180   -98.837205   -15.311380
  -35.872790  -103.045455   -15.334640
  -17.723040  -107.996125   -15.074940
    0.091090  -112.596035   -14.634730
   16.590570  -113.815105   -14.243460
   31.505790  -109.591975   -14.018350
   45.108990  -100.836185   -13.862640
   57.811820   -90.052595   -13.609620
   69.814460   -78.815025   -13.267620
   81.086500   -67.159755   -13.074500
   91.646410   -54.695995   -13.284120
  101.655730   -41.556395   -13.916550
  110.939820   -28.155255   -14.674230
  118.353250   -14.450655   -15.130360
  118.226320     0.115255   -30.322180
  116.690780    16.542295   -29.900930
  111.352900    33.974375   -29.445240
  104.298960    50.764295   -29.246760
   95.943810    65.341775   -29.019500
   84.965750    77.280165   -28.449910
   70.495280    87.172715   -27.713150
   53.630500    95.748985   -27.301250
   36.108140   103.008735   -27.478230
   18.395570   108.010825   -28.025080
    0.091090   109.709915   -28.425960
  -18.330670   108.133195   -28.265210
  -35.364070   104.280125   -27.497520
  -50.332040    98.641895   -26.441930
  -64.157350    90.350755   -25.620470
  -77.805370    78.374695   -25.539440
  -90.782010    63.372155   -26.423070
 -101.723180    47.394615   -27.962250
 -110.165100    31.762615   -29.317630
 -116.673360    16.218995   -29.700520
 -121.039090     0.115255   -29.136120
 -121.475600   -16.360655   -28.361810
 -116.504170   -32.548795   -27.991630
 -107.107690   -48.275835   -28.057180
  -95.812360   -63.431795   -28.267820
  -84.017510   -76.832665   -28.503660
  -71.088770   -86.809235   -28.897690
  -55.751020   -93.391845   -29.438450
  -37.870400   -98.620315   -29.726840
  -18.731700  -104.031885   -29.364660
    0.091090  -108.502965   -28.532670
   17.650960  -109.054485   -27.854320
   33.664810  -104.070685   -27.674570
   48.204570   -94.899565   -27.701900
   61.465350   -83.749925   -27.432910
   73.681570   -71.467695   -26.895410
   85.161880   -57.951445   -26.724400
   96.187980   -43.569085   -27.442830
  106.467680   -29.150945   -28.836280
  114.526000   -14.859345   -30.030400
  112.667350     0.115255   -44.439960
  111.035760    17.153695   -43.919070
  105.584070    35.337875   -42.987290
   98.046400    52.514635   -42.350660
   87.892660    66.495425   -41.815970
   73.742220    76.992105   -41.028220
   56.238760    85.385455   -40.210190
   37.659560    92.852075   -39.920690
   19.085970    98.918935   -40.368650
    0.091090   101.988145   -41.125190
  -19.079050   101.380415   -41.363050
  -36.955620    97.962075   -40.486660
  -52.891600    92.174955   -38.812900
  -67.728690    82.751045   -37.565610
  -81.892460    68.674865   -37.980430
  -94.340380    51.542815   -40.290620
 -103.942040    34.068085   -43.246260
 -110.547970    17.170905   -44.848050
 -113.758360     0.115255   -44.332160
 -112.184540   -17.430765   -42.832290
 -105.393340   -34.631055   -41.697780
  -95.297200   -50.419365   -41.256620
  -84.069420   -64.049435   -41.259760
  -71.749830   -75.015235   -41.643190
  -56.896510   -83.617845   -42.366410
  -39.017620   -91.132145   -42.846750
  -19.444910   -98.149265   -42.353430
    0.091090  -102.915705   -41.125300
   18.612400  -102.614705   -40.273510
   35.649510   -96.683275   -40.364230
   50.889340   -87.131245   -40.721040
   64.382950   -75.539495   -40.425640
   76.716470   -61.935705   -39.780320
   88.586290   -46.576085   -40.005760
   99.831980   -30.807275   -41.601180
  108.688200   -15.484415   -43.576310
  105.333410     0.115255   -56.582800
  103.632030    17.922305   -56.029520
   97.745860    36.325025   -54.666180
   88.745380    52.790435   -53.748070
   75.626280    65.135635   -53.187790
   58.267580    73.982465   -52.480840
   39.001280    81.399205   -51.855260
   19.664870    87.887965   -51.970070
    0.091090    91.760715   -52.820700
  -19.586630    91.634045   -53.281040
  -37.931390    87.991485   -52.124380
  -54.331560    81.077145   -49.870390
  -69.469300    69.643015   -48.781550
  -83.260280    53.667745   -50.579570
  -94.382820    35.761165   -54.542890
 -101.606840    17.980345   -57.696200
 -103.942730     0.115255   -57.855760
 -100.577430   -18.023385   -56.032180
  -92.419170   -34.939605   -54.327660
  -81.957860   -49.059455   -53.537160
  -70.364370   -60.527635   -53.535020
  -56.489620   -70.754605   -54.067490
  -39.315030   -80.898665   -54.425270
  -19.863020   -90.199985   -53.667530
    0.091090   -95.499125   -52.112890
   19.464490   -94.163725   -51.302550
   37.428860   -87.347575   -51.816060
   53.213850   -77.758235   -52.379540
   66.936680   -65.860245   -51.917160
   79.596740   -50.888035   -51.502960
   91.541490   -33.869895   -52.723660
  101.050500   -16.793545   -55.135820
   95.917280     0.115255   -66.991410
   93.746050    18.718395   -66.405450
   86.702190    36.488235   -64.847190
   75.308580    51.180205   -63.959260
   59.176800    61.777655   -63.495010
   40.003590    69.940915   -62.823250
   20.164740    76.911915   -62.479010
    0.091090    81.167125   -63.000230
  -19.897420    80.736475   -63.264430
  -38.283580    75.780675   -61.715870
  -54.524690    66.692025   -59.447450
  -69.169090    53.112535   -59.547820
  -81.641320    36.303855   -63.031690
  -90.043940    18.437185   -67.064640
  -92.444370     0.115255   -68.156150
  -88.277180   -18.018045   -66.605460
  -79.453120   -33.729855   -64.898000
  -68.453290   -46.106755   -64.177980
  -55.397580   -57.190095   -64.231350
  -39.126880   -69.026425   -64.237970
  -20.089850   -80.155685   -63.241680
    0.091090   -85.738385   -61.689400
   20.214920   -83.374055   -61.340580
   39.013730   -76.220335   -62.423350
   55.318900   -67.085805   -63.021280
   69.371700   -54.669455   -62.567440
   81.900170   -37.791365   -63.070950
   91.681780   -18.758115   -65.293120
   84.360180     0.115255   -76.441450
   81.211780    19.152745   -75.629110
   72.407930    35.577845   -73.960040
   58.512940    48.479405   -72.989820
   40.472110    58.460515   -72.140710
   20.591100    66.600235   -71.244420
    0.091090    71.283705   -71.111400
  -20.087750    69.951965   -70.965380
  -38.148820    62.815385   -69.420570
  -53.667630    51.156985   -68.222070
  -66.978660    35.926195   -70.132160
  -76.625310    18.559795   -73.879800
  -79.913850     0.115255   -75.543900
  -75.896460   -17.712805   -74.524220
  -66.702310   -32.369895   -73.188010
  -54.397410   -44.410955   -72.632090
  -38.865530   -56.693715   -72.286270
  -20.246640   -68.345625   -71.321920
    0.091090   -73.614625   -70.334660
   20.846690   -70.528135   -71.005840
   40.313200   -63.692805   -72.817420
   56.948590   -54.721835   -73.496320
   70.616050   -40.361905   -73.619440
   80.554080   -20.609485   -75.081950
   71.131440     0.115255   -85.058360
   66.839690    18.945995   -83.573310
   56.157500    34.058435   -81.422360
   40.245660    46.242415   -79.687120
   20.917450    56.177725   -78.069580
    0.091090    61.614725   -77.282610
  -20.208670    59.147525   -77.059160
  -37.649370    49.517175   -76.465080
  -51.858980    35.445995   -77.249210
  -62.448630    18.590015   -80.066890
  -66.787520     0.115255   -81.727560
  -63.150820   -17.510785   -81.002300
  -53.147100   -31.865205   -79.861100
  -38.591270   -44.392945   -79.116490
  -20.374570   -55.472845   -78.400240
    0.091090   -59.959995   -78.440820
   21.289930   -56.550755   -80.526410
   40.982970   -49.919815   -83.080160
   56.933710   -39.229655   -84.000330
   67.650690   -21.167085   -84.653330
   56.990580     0.115255   -91.993530
   51.736690    18.247785   -89.325900
   39.123090    32.715585   -86.152140
   21.070960    44.524015   -83.557530
    0.091090    50.914935   -82.408640
  -20.231770    47.290185   -82.883810
  -36.641370    35.203205   -84.193020
  -48.322720    18.725635   -86.574660
  -53.408120     0.115255   -88.001490
  -49.559260   -17.500845   -87.139550
  -37.747190   -31.659985   -85.781210
  -20.397380   -42.327075   -85.062030
    0.091090   -46.118735   -86.057220
   21.433630   -42.473785   -89.376440
   40.332300   -34.624515   -92.188220
   53.084260   -19.941355   -92.817350
   42.563230     0.115255   -96.395950
   36.309470    17.466255   -92.447110
   20.883550    31.223605   -88.693290
    0.091090    38.523195   -87.463480
  -19.998330    33.546475   -89.363120
  -34.210760    18.790075   -92.491880
  -40.038550     0.115255   -94.099420
  -34.930270   -17.275245   -92.939390
  -20.117930   -29.324285   -91.639060
    0.091090   -33.206705   -92.818430
   21.122200   -28.846585   -96.386360
   37.126340   -17.686485   -98.075980
   28.176160     0.115255   -98.549910
   19.800640    16.559215   -94.151880
    0.091090    25.097775   -92.722290
  -18.964420    17.856775   -96.041930
  -26.762690     0.115255   -98.619510
  -18.996880   -15.965445   -97.635670
    0.091090   -21.579255   -98.004220
   19.872210   -15.322525  -100.206060
   13.981770     0.115255   -99.661530
    0.091090    12.010175   -97.493160
  -13.454550     0.115255  -100.589640
    0.091090   -10.784695  -100.756360
    0.091090     0.115255  -100.515060
     1      2      3
     1      3      4
     1      4      5
     1      5      2
     2      6      7
     7      3      2
     3      7      8
     3      8      9
     9      4      3
     4      9     10
     4     10     11
    11      5      4
     5     11     12
     5     12     13
    13      2      5
     2     13      6
     6     14     15
    15      7      6
     7     15     16
    16      8      7
     8     16     17
     8     17     18
    18      9      8
     9     18     19
    19     10      9
    10     19     20
    10     20     21
    21     11     10
    11     21     22
    22     12     11
    12     22     23
    12     23     24
    24     13     12
    13     24     25
    25      6     13
     6     25     14
    14     26     27
    27     15     14
    15     27     28
    28     16     15
    16     28     29
    29     17     16
    17     29     30
    17     30     31
    31     18     17
    18     31     32
    32     19     18
    19     32     33
    33     20     19
    20     33     34
    20     34     35
    35     21     20
    21     35     36
    36     22     21
    22     36     37
    37     23     22
    23     37     38
    23     38     39
    39     24     23
    24     39     40
    40     25     24
    25     40     41
    41     14     25
    14     41     26
    26     42     43
    43     27     26
    27     43     44
    44     28     27
    28     44     45
    45     29     28
    29     45     46
    46     30     29
    30     46     47
    30     47     48
    48     31     30
    31     48     49
    49     32     31
    32     49     50
    50     33     32
    33     50     51
    51     34     33
    34     51     52
    34     52     53
    53     35     34
    35     53     54
    54     36     35
    36     54     55
    55     37     36
    37     55     56
    56     38     37
    38     56     57
    38     57     58
    58     39     38
    39     58     59
    59     40     39
    40     59     60
    60     41     40
    41     60     61
    61     26     41
    26     61     42
    42     62     63
    63     43     42
    43     63     64
    64     44     43
    44     64     65
    65     45     44
    45     65     66
    66     46     45
    46     66     67
    67     47     46
    47     67     68
    47     68     69
    69     48     47
    48     69     70
    70     49     48
    49     70     71
    71     50     49
    50     71     72
    72     51     50
    51     72     73
    73     52     51
    52     73     74
    52     74     75
    75     53     52
    53     75     76
    76     54     53
    54     76     77
    77     55     54
    55     77     78
    78     56     55
    56     78     79
    79     57     56
    57     79     80
    57     80     81
    81     58     57
    58     81     82
    82     59     58
    59     82     83
    83     60     59
    60     83     84
    84     61     60
    61     84     85
    85     42     61
    42     85     62
    62     86     87
    87     63     62
    63     87     88
    88     64     63
    64     88     89
    89     65     64
    65     89     90
    90     66     65
    66     90     91
    91     67     66
    67     91     92
    92     68     67
    68     92     93
    68     93     94
    94     69     68
    69     94     95
    95     70     69
    70     95     96
    96     71     70
    71     96     97
    97     72     71
    72     97     98
    98     73     72
    73     98     99
    99     74     73
    74     99    100
    74    100    101
   101     75     74
    75    101    102
   102     76     75
    76    102    103
   103     77     76
    77    103    104
   104     78     77
    78    104    105
   105     79     78
    79    105    106
   106     80     79
    80    106    107
    80    107    108
   108     81     80
    81    108    109
   109     82     81
    82    109    110
   110     83     82
    83    110    111
   111     84     83
    84    111    112
   112     85     84
    85    112    113
   113     62     85
    62    113     86
    86    114    115
   115     87     86
    87    115    116
   116     88     87
    88    116    117
   117     89     88
    89    117    118
   118     90     89
    90    118    119
   119     91     90
    91    119    120
   120     92     91
    92    120    121
   121     93     92
    93    121    122
    93    122    123
   123     94     93
    94    123    124
   124     95     94
    95    124    125
   125     96     95
    96    125    126
   126     97     96
    97    126    127
   127     98     97
    98    127    128
   128     99     98
    99    128    129
   129    100     99
   100    129    130
   100    130    131
   131    101    100
   101    131    132
   132    102    101
   102    132    133
   133    103    102
   103    133    134
   134    104    103
   104    134    135
   135    105    104
   105    135    136
   136    106    105
   106    136    137
   137    107    106
   107    137    138
   107    138    139
   139    108    107
   108    139    140
   140    109    108
   109    140    141
   141    110    109
   110    141    142
   142    111    110
   111    142    143
   143    112    111
   112    143    144
   144    113    112
   113    144    145
   145     86    113
    86    145    114
   114    146    147
   147    115    114
   115    147    148
   148    116    115
   116    148    149
   149    117    116
   117    149    150
   150    118    117
   118    150    151
   151    119    118
   119    151    152
   152    120    119
   120    152    153
   153    121    120
   121    153    154
   154    122    121
   122    154    155
   122    155    156
   156    123    122
   123    156    157
   157    124    123
   124    157    158
   158    125    124
   125    158    159
   159    126    125
   126    159    160
   160    127    126
   127    160    161
   161    128    127
   128    161    162
   162    129    128
   129    162    163
   163    130    129
   130    163    164
   130    164    165
   165    131    130
   131    165    166
   166    132    131
   132    166    167
   167    133    132
   133    167    168
   168    134    133
   134    168    169
   169    135    134
   135    169    170
   170    136    135
   136    170    171
   171    137    136
   137    171    172
   172    138    137
   138    172    173
   138    173    174
   174    139    138
   139    174    175
   175    140    139
   140    175    176
   176    141    140
   141    176    177
   177    142    141
   142    177    178
   178    143    142
   143    178    179
   179    144    143
   144    179    180
   180    145    144
   145    180    181
   181    114    145
   114    181    146
   146    182    183
   183    147    146
   147    183    184
   184    148    147
   148    184    185
   185    149    148
   149    185    186
   186    150    149
   150    186    187
   187    151    150
   151    187    188
   188    152    151
   152    188    189
   189    153    152
   153    189    190
   190    154    153
   154    190    191
   191    155    154
   155    191    192
   155    192    193
   193    156    155
   156    193    194
   194    157    156
   157    194    195
   195    158    157
   158    195    196
   196    159    158
   159    196    197
   197    160    159
   160    197    198
   198    161    160
   161    198    199
   199    162    161
   162    199    200
   200    163    162
   163    200    201
   201    164    163
   164    201    202
   164    202    203
   203    165    164
   165    203    204
   204    166    165
   166    204    205
   205    167    166
   167    205    206
   206    168    167
   168    206    207
   207    169    168
   169    207    208
   208    170    169
   170    208    209
   209    171    170
   171    209    210
   210    172    171
   172    210    211
   211    173    172
   173    211    212
   173    212    213
   213    174    173
   174    213    214
   214    175    174
   175    214    215
   215    176    175
   176    215    216
   216    177    176
   177    216    217
   217    178    177
   178    217    218
   218    179    178
   179    218    219
   219    180    179
   180    219    220
   220    181    180
   181    220    221
   221    146    181
   146    221    182
   182    222    223
   223    183    182
   183    223    224
   224    184    183
   184    224    225
   225    185    184
   185    225    226
   226    186    185
   186    226    227
   227    187    186
   187    227    228
   228    188    187
   188    228    229
   229    189    188
   189    229    230
   230    190    189
   190    230    231
   231    191    190
   191    231    232
   232    192    191
   192    232    233
   192    233    234
   234    193    192
   193    234    235
   235    194    193
   194    235    236
   236    195    194
   195    236    237
   237    196    195
   196    237    238
   238    197    196
   197    238    239
   239    198    197
   198    239    240
   240    199    198
   199    240    241
   241    200    199
   200    241    242
   242    201    200
   201    242    243
   243    202    201
   202    243    244
   202    244    245
   245    203    202
   203    245    246
   246    204    203
   204    246    247
   247    205    204
   205    247    248
   248    206    205
   206    248    249
   249    207    206
   207    249    250
   250    208    207
   208    250    251
   251    209    208
   209    251    252
   252    210    209
   210    252    253
   253    211    210
   211    253    254
   254    212    211
   212    254    255
   212    255    256
   256    213    212
   213    256    257
   257    214    213
   214    257    258
   258    215    214
   215    258    259
   259    216    215
   216    259    260
   260    217    216
   217    260    261
   261    218    217
   218    261    262
   262    219    218
   219    262    263
   263    220    219
   220    263    264
   264    221    220
   221    264    265
   265    182    221
   182    265    222
   222    266    267
   267    223    222
   223    267    268
   268    224    223
   224    268    269
   269    225    224
   225    269    270
   270    226    225
   226    270    271
   271    227    226
   227    271    272
   272    228    227
   228    272    273
   273    229    228
   229    273    274
   274    230    229
   230    274    275
   275    231    230
   231    275    276
   276    232    231
   232    276    277
   277    233    232
   233    277    278
   233    278    279
   279    234    233
   234    279    280
   280    235    234
   235    280    281
   281    236    235
   236    281    282
   282    237    236
   237    282    283
   283    238    237
   238    283    284
   284    239    238
   239    284    285
   285    240    239
   240    285    286
   286    241    240
   241    286    287
   287    242    241
   242    287    288
   288    243    242
   243    288    289
   289    244    243
   244    289    290
   244    290    291
   291    245    244
   245    291    292
   292    246    245
   246    292    293
   293    247    246
   247    293    294
   294    248    247
   248    294    295
   295    249    248
   249    295    296
   296    250    249
   250    296    297
   297    251    250
   251    297    298
   298    252    251
   252    298    299
   299    253    252
   253    299    300
   300    254    253
   254    300    301
   301    255    254
   255    301    302
   255    302    303
   303    256    255
   256    303    304
   304    257    256
   257    304    305
   305    258    257
   258    305    306
   306    259    258
   259    306    307
   307    260    259
   260    307    308
   308    261    260
   261    308    309
   309    262    261
   262    309    310
   310    263    262
   263    310    311
   311    264    263
   264    311    312
   312    265    264
   265    312    313
   313    222    265
   222    313    266
   314    267    266
   315    267    314
   315    268    267
   316    268    315
   316    269    268
   317    269    316
   317    270    269
   318    270    317
   318    271    270
   319    271    318
   319    272    271
   320    272    319
   320    273    272
   321    273    320
   321    274    273
   322    274    321
   322    275    274
   323    275    322
   323    276    275
   324    276    323
   324    277    276
   325    277    324
   325    278    277
   325    279    278
   326    279    325
   326    280    279
   327    280    326
   327    281    280
   328    281    327
   328    282    281
   329    282    328
   329    283    282
   330    283    329
   330    284    283
   331    284    330
   331    285    284
   332    285    331
   332    286    285
   333    286    332
   333    287    286
   334    287    333
   334    288    287
   335    288    334
   335    289    288
   336    289    335
   336    290    289
   336    291    290
   337    291    336
   337    292    291
   338    292    337
   338    293    292
   339    293    338
   339    294    293
   340    294    339
   340    295    294
   341    295    340
   341    296    295
   342    296    341
   342    297    296
   343    297    342
   343    298    297
   344    298    343
   344    299    298
   345    299    344
   345    300    299
   346    300    345
   346    301    300
   347    301    346
   347    302    301
   347    303    302
   348    303    347
   348    304    303
   349    304    348
   349    305    304
   350    305    349
   350    306    305
   351    306    350
   351    307    306
   352    307    351
   352    308    307
   353    308    352
   353    309    308
   354    309    353
   354    310    309
   355    310    354
   355    311    310
   356    311    355
   356    312    311
   357    312    356
   357    313    312
   314    313    357
   314    266    313
   358    315    314
   359    315    358
   359    316    315
   360    316    359
   360    317    316
   361    317    360
   361    318    317
   362    318    361
   362    319    318
   363    319    362
   363    320    319
   364    320    363
   364    321    320
   365    321    364
   365    322    321
   366    322    365
   366    323    322
   367    323    366
   367    324    323
   368    324    367
   368    325    324
   368    326    325
   369    326    368
   369    327    326
   370    327    369
   370    328    327
   371    328    370
   371    329    328
   372    329    371
   372    330    329
   373    330    372
   373    331    330
   374    331    373
   374    332    331
   375    332    374
   375    333    332
   376    333    375
   376    334    333
   377    334    376
   377    335    334
   378    335    377
   378    336    335
   378    337    336
   379    337    378
   379    338    337
   380    338    379
   380    339    338
   381    339    380
   381    340    339
   382    340    381
   382    341    340
   383    341    382
   383    342    341
   384    342    383
   384    343    342
   385    343    384
   385    344    343
   386    344    385
   386    345    344
   387    345    386
   387    346    345
   388    346    387
   388    347    346
   388    348    347
   389    348    388
   389    349    348
   390    349    389
   390    350    349
   391    350    390
   391    351    350
   392    351    391
   392    352    351
   393    352    392
   393    353    352
   394    353    393
   394    354    353
   395    354    394
   395    355    354
   396    355    395
   396    356    355
   397    356    396
   397    357    356
   358    357    397
   358    314    357
   398    359    358
   399    359    398
   399    360    359
   400    360    399
   400    361    360
   401    361    400
   401    362    361
   402    362    401
   402    363    362
   403    363    402
   403    364    363
   404    364    403
   404    365    364
   405    365    404
   405    366    365
   406    366    405
   406    367    366
   407    367    406
   407    368    367
   407    369    368
   408    369    407
   408    370    369
   409    370    408
   409    371    370
   410    371    409
   410    372    371
   411    372    410
   411    373    372
   412    373    411
   412    374    373
   413    374    412
   413    375    374
   414    375    413
   414    376    375
   415    376    414
   415    377    376
   416    377    415
   416    378    377
   416    379    378
   417    379    416
   417    380    379
   418    380    417
   418    381    380
   419    381    418
   419    382    381
   420    382    419
   420    383    382
   421    383    420
   421    384    383
   422    384    421
   422    385    384
   423    385    422
   423    386    385
   424    386    423
   424    387    386
   425    387    424
   425    388    387
   425    389    388
   426    389    425
   426    390    389
   427    390    426
   427    391    390
   428    391    427
   428    392    391
   429    392    428
   429    393    392
   430    393    429
   430    394    393
   431    394    430
   431    395    394
   432    395    431
   432    396    395
   433    396    432
   433    397    396
   398    397    433
   398    358    397
   434    399    398
   435    399    434
   435    400    399
   436    400    435
   436    401    400
   437    401    436
   437    402    401
   438    402    437
   438    403    402
   439    403    438
   439    404    403
   440    404    439
   440    405    404
   441    405    440
   441    406    405
   442    406    441
   442    407    406
   442    408    407
   443    408    442
   443    409    408
   444    409    443
   444    410    409
   445    410    444
   445    411    410
   446    411    445
   446    412    411
   447    412    446
   447    413    412
   448    413    447
   448    414    413
   449    414    448
   449    415    414
   450    415    449
   450    416    415
   450    417    416
   451    417    450
   451    418    417
   452    418    451
   452    419    418
   453    419    452
   453    420    419
   454    420    453
   454    421    420
   455    421    454
   455    422    421
   456    422    455
   456    423    422
   457    423    456
   457    424    423
   458    424    457
   458    425    424
   458    426    425
   459    426    458
   459    427    426
   460    427    459
   460    428    427
   461    428    460
   461    429    428
   462    429    461
   462    430    429
   463    430    462
   463    431    430
   464    431    463
   464    432    431
   465    432    464
   465    433    432
   434    433    465
   434    398    433
   466    435    434
   467    435    466
   467    436    435
   468    436    467
   468    437    436
   469    437    468
   469    438    437
   470    438    469
   470    439    438
   471    439    470
   471    440    439
   472    440    471
   472    441    440
   473    441    472
   473    442    441
   473    443    442
   474    443    473
   474    444    443
   475    444    474
   475    445    444
   476    445    475
   476    446    445
   477    446    476
   477    447    446
   478    447    477
   478    448    447
   479    448    478
   479    449    448
   480    449    479
   480    450    449
   480    451    450
   481    451    480
   481    452    451
   482    452    481
   482    453    452
   483    453    482
   483    454    453
   484    454    483
   484    455    454
   485    455    484
   485    456    455
   486    456    485
   486    457    456
   487    457    486
   487    458    457
   487    459    458
   488    459    487
   488    460    459
   489    460    488
   489    461    460
   490    461    489
   490    462    461
   491    462    490
   491    463    462
   492    463    491
   492    464    463
   493    464    492
   493    465    464
   466    465    493
   466    434    465
   494    467    466
   495    467    494
   495    468    467
   496    468    495
   496    469    468
   497    469    496
   497    470    469
   498    470    497
   498    471    470
   499    471    498
   499    472    471
   500    472    499
   500    473    472
   500    474    473
   501    474    500
   501    475    474
   502    475    501
   502    476    475
   503    476    502
   503    477    476
   504    477    503
   504    478    477
   505    478    504
   505    479    478
   506    479    505
   506    480    479
   506    481    480
   507    481    506
   507    482    481
   508    482    507
   508    483    482
   509    483    508
   509    484    483
   510    484    509
   510    485    484
   511    485    510
   511    486    485
   512    486    511
   512    487    486
   512    488    487
   513    488    512
   513    489    488
   514    489    513
   514    490    489
   515    490    514
   515    491    490
   516    491    515
   516    492    491
   517    492    516
   517    493    492
   494    493    517
   494    466    493
   518    495    494
   519    495    518
   519    496    495
   520    496    519
   520    497    496
   521    497    520
   521    498    497
   522    498    521
   522    499    498
   523    499    522
   523    500    499
   523    501    500
   524    501    523
   524    502    501
   525    502    524
   525    503    502
   526    503    525
   526    504    503
   527    504    526
   527    505    504
   528    505    527
   528    506    505
   528    507    506
   529    507    528
   529    508    507
   530    508    529
   530    509    508
   531    509    530
   531    510    509
   532    510    531
   532    511    510
   533    511    532
   533    512    511
   533    513    512
   534    513    533
   534    514    513
   535    514    534
   535    515    514
   536    515    535
   536    516    515
   537    516    536
   537    517    516
   518    517    537
   518    494    517
   538    519    518
   539    519    538
   539    520    519
   540    520    539
   540    521    520
   541    521    540
   541    522    521
   542    522    541
   542    523    522
   542    524    523
   543    524    542
   543    525    524
   544    525    543
   544    526    525
   545    526    544
   545    527    526
   546    527    545
   546    528    527
   546    529    528
   547    529    546
   547    530    529
   548    530    547
   548    531    530
   549    531    548
   549    532    531
   550    532    549
   550    533    532
   550    534    533
   551    534    550
   551    535    534
   552    535    551
   552    536    535
   553    536    552
   553    537    536
   538    537    553
   538    518    537
   554    539    538
   555    539    554
   555    540    539
   556    540    555
   556    541    540
   557    541    556
   557    542    541
   557    543    542
   558    543    557
   558    544    543
   559    544    558
   559    545    544
   560    545    559
   560    546    545
   560    547    546
   561    547    560
   561    548    547
   562    548    561
   562    549    548
   563    549    562
   563    550    549
   563    551    550
   564    551    563
   564    552    551
   565    552    564
   565    553    552
   554    553    565
   554    538    553
   566    555    554
   567    555    566
   567    556    555
   568    556    567
   568    557    556
   568    558    557
   569    558    568
   569    559    558
   570    559    569
   570    560    559
   570    561    560
   571    561    570
   571    562    561
   572    562    571
   572    563    562
   572    564    563
   573    564    572
   573    565    564
   566    565    573
   566    554    565
   574    567    566
   575    567    574
   575    568    567
   575    569    568
   576    569    575
   576    570    569
   576    571    570
   577    571    576
   577    572    571
   577    573    572
   574    573    577
   574    566    573
   578    575    574
   578    576    575
   578    577    576
   578    574    577
