1022 2040
    0.222672     0.109761     0.530011
    0.124733     0.207701     0.530011
    0.107891     0.140535     0.538285
    0.107891    -0.154388     0.567333
    0.118697    -0.154388     0.566269
    0.182430    -0.096139     0.554254
    0.236934     0.002180     0.539202
   -0.148205    -0.115560     0.538285
   -0.159226    -0.198689     0.545387
   -0.122993    -0.231805     0.552217
   -0.094565    -0.238933     0.555719
    0.023346    -0.238933     0.567333
   -0.044256    -0.289242     0.555719
    0.022581    -0.298103     0.561430
    0.023346    -0.297266     0.561587
    0.034235    -0.295822     0.560657
    0.109989    -0.220069     0.560657
    0.283776     0.050502     0.518921
    0.276013     0.152626     0.508444
    0.251288     0.212316     0.508444
    0.275129     0.035018     0.523490
    0.238815     0.296035     0.496730
    0.194432     0.340418     0.496730
    0.138975     0.324943     0.508393
    0.124733     0.295207     0.515624
    0.247492     0.280917     0.497789
    0.186781     0.355549     0.493102
    0.157203     0.380493     0.489252
    0.138975     0.388043     0.489252
    0.192389     0.345459     0.495458
    0.187155     0.355070     0.493200
    0.132866     0.402434     0.484119
    0.119472     0.418012     0.477710
    0.114146     0.422019     0.475825
    0.103921     0.427728     0.472809
    0.045931     0.423321     0.466860
   -0.099419     0.363114     0.466860
   -0.101370     0.358299     0.468075
   -0.230674     0.228996     0.468075
   -0.232938     0.188098     0.474427
   -0.331697    -0.050328     0.474427
   -0.334481    -0.086959     0.478185
   -0.311977    -0.116874     0.488770
   -0.237551    -0.180862     0.519388
   -0.195559    -0.198689     0.534366
   -0.178071    -0.240910     0.534366
   -0.130871    -0.260038     0.546280
   -0.101168    -0.289742     0.546280
   -0.055171    -0.292288     0.553424
   -0.025189    -0.304706     0.553424
    0.022581    -0.308337     0.558325
    0.033212    -0.320702     0.553239
    0.061390    -0.318560     0.550348
    0.083258    -0.309502     0.550348
    0.127134    -0.281512     0.547736
    0.125715    -0.307152     0.543753
    0.177600    -0.159674     0.547736
    0.327609     0.091585     0.489608
    0.296081     0.209247     0.489608
    0.327618     0.091441     0.489624
    0.294667     0.234772     0.485644
    0.237938     0.299911     0.495458
    0.134128     0.402881     0.483698
    0.143557     0.394444     0.485660
    0.122441     0.417216     0.477710
    0.089419     0.437847     0.465323
    0.035443     0.434070     0.459611
    0.024143     0.431043     0.459611
    0.101474     0.430349     0.471058
   -0.062167     0.426262     0.446207
   -0.100246     0.387333     0.456229
   -0.194322     0.366041     0.425337
   -0.328044     0.232320     0.425337
   -0.367288     0.222635     0.410089
   -0.402869     0.187832     0.400929
   -0.404657     0.155529     0.405945
   -0.437395     0.033350     0.405945
   -0.438197     0.021884     0.407159
   -0.413459    -0.017890     0.426079
   -0.347650    -0.079341     0.470055
   -0.298410    -0.167504     0.488770
   -0.244169    -0.199534     0.513176
   -0.202611    -0.240185     0.523875
   -0.197049    -0.241558     0.526035
   -0.102417    -0.326351     0.530212
   -0.108050    -0.330557     0.526035
   -0.088441    -0.327124     0.532382
    0.033212    -0.359721     0.532382
    0.037672    -0.367432     0.527622
    0.129704    -0.342772     0.527622
    0.132535    -0.342615     0.527182
    0.131523    -0.312960     0.540198
    0.206137    -0.315508     0.507449
    0.161934    -0.364571     0.505386
    0.208215    -0.318290     0.505386
    0.209745    -0.250369     0.517565
    0.271212    -0.020972     0.517565
    0.392870     0.202989     0.417864
    0.369643     0.207994     0.436108
    0.420120     0.091441     0.413709
    0.425525     0.095683     0.408582
    0.406303     0.192317     0.408582
    0.311445     0.234071     0.473523
    0.275872     0.287311     0.473523
    0.238280     0.303945     0.493200
    0.180490     0.369766     0.485660
    0.117887     0.423370     0.474106
    0.120943     0.420559     0.475561
    0.114383     0.427781     0.471058
    0.067238     0.447181     0.454042
    0.023324     0.438446     0.454042
    0.081269     0.448230     0.455471
   -0.061910     0.432411     0.441766
   -0.182304     0.411921     0.397210
   -0.244582     0.370307     0.397210
   -0.069196     0.437627     0.434271
   -0.377099     0.338222     0.345400
   -0.384279     0.340440     0.338963
   -0.408574     0.329689     0.326247
   -0.499785     0.193182     0.326246
   -0.493586     0.184524     0.335153
   -0.491836     0.184117     0.336656
   -0.510596     0.099010     0.335153
   -0.449424     0.030696     0.396507
   -0.396220    -0.104554     0.426079
   -0.365552    -0.128918     0.447270
   -0.331328    -0.166129     0.464990
   -0.320833    -0.212310     0.449858
   -0.213837    -0.372441     0.449858
   -0.212388    -0.378424     0.447518
   -0.135802    -0.371923     0.490380
   -0.241005    -0.471089     0.364443
   -0.144475    -0.535587     0.364443
   -0.131329    -0.479052     0.412986
    0.036020    -0.418624     0.489897
    0.037672    -0.412040     0.495030
   -0.140946    -0.551964     0.351579
    0.022170    -0.584410     0.351579
    0.024971    -0.581901     0.354095
    0.036020    -0.567825     0.367452
    0.198265    -0.470030     0.421224
    0.206444    -0.533925     0.367452
    0.209656    -0.519017     0.379162
    0.200282    -0.421731     0.456117
    0.222818    -0.423644     0.443505
    0.254297    -0.489190     0.379162
    0.239075    -0.439901     0.423350
    0.214217    -0.322317     0.500212
    0.305993    -0.318485     0.433910
    0.298668    -0.350714     0.423350
    0.352810    -0.246949     0.413709
    0.351228    -0.269301     0.410489
    0.578107     0.125258     0.221742
    0.573195     0.156272     0.221742
    0.518581     0.184551     0.282831
    0.504685     0.182543     0.300151
    0.480419     0.108021     0.344102
    0.564285     0.108021     0.241910
    0.573554     0.118496     0.228595
    0.425814     0.095683     0.408256
    0.479420     0.261410     0.282831
    0.471632     0.266885     0.288634
    0.398875     0.270534     0.370939
    0.377427     0.280680     0.384399
    0.206755     0.451352     0.384399
    0.190384     0.446707     0.404131
    0.176849     0.425529     0.436722
    0.114074     0.485588     0.404131
    0.110854     0.463306     0.431904
    0.082596     0.454104     0.448570
    0.107192     0.498880     0.389264
    0.082596     0.502776     0.389264
    0.073640     0.510700     0.377879
   -0.061900     0.489233     0.377879
   -0.064088     0.489046     0.377600
   -0.108084     0.512530     0.324312
   -0.138364     0.504962     0.315187
   -0.300369     0.422417     0.315187
   -0.380324     0.401019     0.285799
   -0.420810     0.412504     0.237004
   -0.429620     0.408579     0.232417
   -0.515491     0.322708     0.232417
   -0.528111     0.316739     0.224497
   -0.517985     0.202843     0.303622
   -0.531881     0.316550     0.220231
   -0.575890     0.230178     0.220231
   -0.560883     0.202064     0.254284
   -0.546601     0.200000     0.272084
   -0.513963     0.099771     0.331197
   -0.567455     0.160567     0.254284
   -0.544042     0.125798     0.289523
   -0.521011     0.099771     0.322609
   -0.495642    -0.060401     0.322609
   -0.483415    -0.073688     0.334944
   -0.465289    -0.097692     0.349955
   -0.439426    -0.201168     0.318773
   -0.337607    -0.400999     0.318773
   -0.317831    -0.474894     0.291612
   -0.249286    -0.479370     0.351766
   -0.326480    -0.505382     0.254867
   -0.326372    -0.505623     0.254741
   -0.261261    -0.570734     0.254741
   -0.252852    -0.574481     0.259119
   -0.243253    -0.571758     0.270688
   -0.230909    -0.575061     0.275225
   -0.149358    -0.567811     0.331880
   -0.193471    -0.594136     0.275225
   -0.145553    -0.606114     0.289665
   -0.134636    -0.614357     0.282838
   -0.106436    -0.626404     0.275599
    0.022142    -0.584535     0.351432
   -0.100586    -0.629101     0.273443
   -0.020210    -0.641831     0.273443
    0.022142    -0.645292     0.277399
    0.185373    -0.634134     0.259493
    0.033967    -0.653255     0.265414
    0.050030    -0.657618     0.256998
    0.097340    -0.653752     0.252579
    0.177925    -0.640988     0.252579
    0.200677    -0.622578     0.269063
    0.209419    -0.610397     0.280805
    0.215349    -0.550703     0.346595
    0.260118    -0.554683     0.315494
    0.249296    -0.590078     0.280805
    0.259038    -0.576220     0.291131
    0.260399    -0.554089     0.315867
    0.264003    -0.498896     0.364304
    0.287945    -0.526543     0.315867
    0.301348    -0.496457     0.331530
    0.303580    -0.493969     0.331008
    0.309453    -0.472027     0.339072
    0.410399    -0.263422     0.345276
    0.405254    -0.284007     0.339072
    0.502872    -0.140958     0.268691
    0.529420    -0.112111     0.241910
    0.641851     0.153959     0.098741
    0.640146     0.166904     0.098741
    0.615746     0.165175     0.144817
    0.607295     0.132007     0.168798
    0.631294     0.132007     0.123898
    0.636524     0.141666     0.111733
    0.598810     0.168144     0.173629
    0.643419     0.178310     0.084069
    0.618353     0.238827     0.084069
    0.615537     0.241819     0.086960
    0.601883     0.235668     0.116683
    0.608021     0.257618     0.079509
    0.487181     0.415100     0.079509
    0.454876     0.438550     0.102659
    0.451344     0.439046     0.107757
    0.442059     0.443856     0.113087
    0.221347     0.469865     0.344973
    0.284189     0.564993     0.113087
    0.234287     0.588735     0.136622
    0.219335     0.587315     0.157479
    0.203873     0.552993     0.232191
    0.130729     0.549664     0.293876
    0.128653     0.624877     0.157479
    0.125455     0.579746     0.242701
    0.075461     0.567007     0.278847
    0.073640     0.559132     0.293133
    0.123694     0.629948     0.149213
    0.118822     0.633025     0.144656
    0.075461     0.638734     0.144656
    0.049218     0.652943     0.111608
    0.047024     0.653895     0.109288
   -0.094880     0.635212     0.109288
   -0.092489     0.601463     0.173018
   -0.097127     0.635857     0.106400
   -0.114072     0.631272     0.101934
   -0.378580     0.521709     0.101934
   -0.384476     0.516162     0.107630
   -0.397570     0.506430     0.112279
   -0.402337     0.500387     0.117771
   -0.511554     0.416582     0.117771
   -0.520744     0.403923     0.126843
   -0.521612     0.397739     0.135768
   -0.527029     0.387281     0.141771
   -0.535069     0.319062     0.213443
   -0.567335     0.334754     0.141771
   -0.578464     0.311362     0.152803
   -0.578332     0.309968     0.154747
   -0.580541     0.302494     0.157178
   -0.577279     0.230822     0.217622
   -0.608757     0.234372     0.157178
   -0.609261     0.232511     0.157668
   -0.607983     0.228054     0.163400
   -0.597356     0.227301     0.183466
   -0.581160     0.163736     0.229425
   -0.615796     0.168705     0.163400
   -0.613106     0.163736     0.169658
   -0.589418    -0.016193     0.169658
   -0.582866    -0.026567     0.179360
   -0.571278    -0.047138     0.193934
   -0.549090    -0.129149     0.172320
   -0.447328    -0.374825     0.172320
   -0.426123    -0.446585     0.148984
   -0.396073    -0.487017     0.163340
   -0.389618    -0.492110     0.169206
   -0.352613    -0.540336     0.169206
   -0.338843    -0.550331     0.179074
   -0.336933    -0.551233     0.181043
   -0.320729    -0.553510     0.204430
   -0.296066    -0.566286     0.218587
   -0.294817    -0.566780     0.219486
   -0.265424    -0.579923     0.234710
   -0.251976    -0.578645     0.253468
   -0.268986    -0.579070     0.231669
   -0.198741    -0.594376     0.270780
   -0.180389    -0.601978     0.270780
   -0.079365    -0.641054     0.258409
   -0.078530    -0.641330     0.258157
   -0.034777    -0.645543     0.262910
    0.003481    -0.650579     0.262910
    0.062546    -0.663041     0.243769
    0.077004    -0.665614     0.235395
    0.111004    -0.662630     0.232603
    0.124967    -0.660792     0.232603
    0.160696    -0.657351     0.228722
    0.175898    -0.648788     0.239492
    0.176675    -0.648115     0.240454
    0.229539    -0.623891     0.244723
    0.225121    -0.628048     0.240454
    0.234569    -0.620152     0.246509
    0.246028    -0.605628     0.259707
    0.279180    -0.573846     0.269968
    0.277171    -0.581731     0.259707
    0.278289    -0.580191     0.260811
    0.283311    -0.565874     0.274545
    0.345197    -0.485221     0.274545
    0.349107    -0.482136     0.270991
    0.410510    -0.399518     0.241656
    0.418492    -0.391034     0.233459
    0.534387    -0.111240     0.233459
    0.601899     0.007255     0.148165
    0.536579    -0.108710     0.230324
    0.618286     0.033203     0.123898
    0.660072     0.159851     0.038012
    0.658071     0.177607     0.038012
    0.652205     0.177786     0.057284
    0.648981     0.156015     0.075998
    0.659129     0.156015     0.042546
    0.646418     0.179680     0.074302
    0.658257     0.183972     0.030001
    0.644353     0.223706     0.030001
    0.642993     0.228030     0.028822
    0.642943     0.228116     0.028859
    0.627839     0.258383     0.016762
    0.596884     0.307647     0.016762
    0.581984     0.334539     0.003557
    0.530256     0.396426     0.013320
    0.524445     0.401389     0.017933
    0.453594     0.472240     0.017933
    0.438162     0.483976     0.027596
    0.391618     0.522879     0.020253
    0.336708     0.553302     0.047216
    0.277829     0.590299     0.047216
    0.221323     0.618498     0.069800
    0.211158     0.624324     0.065374
    0.205472     0.626113     0.066925
    0.110173     0.659459     0.066925
    0.106263     0.661390     0.062575
    0.069961     0.675671     0.028979
    0.045169     0.678465     0.028979
    0.045169     0.660329     0.088766
    0.103824     0.662674     0.059249
    0.005180     0.688296    -0.018282
   -0.020200     0.693372    -0.044444
   -0.082700     0.686330    -0.044444
   -0.082915     0.679294    -0.021328
   -0.101838     0.686888    -0.068534
   -0.123989     0.680609    -0.073420
   -0.275594     0.627560    -0.073420
   -0.282432     0.623377    -0.067478
   -0.324670     0.599169    -0.049088
   -0.355218     0.575346    -0.018489
   -0.432353     0.526879    -0.018489
   -0.462860     0.499361     0.007316
   -0.468749     0.490586     0.023006
   -0.496117     0.458537     0.048444
   -0.522274     0.432380     0.048444
   -0.542252     0.406110     0.064892
   -0.546786     0.394341     0.083810
   -0.558963     0.372362     0.094602
   -0.593406     0.317548     0.094602
   -0.601500     0.301328     0.101084
   -0.605985     0.293503     0.097677
   -0.631885     0.225128     0.091122
   -0.631821     0.225130     0.091330
   -0.610598     0.285960     0.091122
   -0.623708     0.170337     0.138428
   -0.618048     0.168705     0.156481
   -0.641397     0.207048     0.066478
   -0.647384     0.191449     0.052535
   -0.649763     0.170337     0.052535
   -0.640410     0.017674     0.026662
   -0.657020     0.140820     0.017651
   -0.658405     0.133892     0.010510
   -0.647346     0.035743     0.010510
   -0.633199    -0.001869     0.040916
   -0.623635    -0.035608     0.033474
   -0.542620    -0.267134     0.033474
   -0.537225    -0.284280     0.028798
   -0.455952    -0.426081     0.090535
   -0.447081    -0.437457     0.101929
   -0.402589    -0.508266     0.101929
   -0.393905    -0.517893     0.110072
   -0.388374    -0.521605     0.119960
   -0.376908    -0.531396     0.129061
   -0.369959    -0.538345     0.129061
   -0.318965    -0.561189     0.189867
   -0.298933    -0.573776     0.189867
   -0.297839    -0.574322     0.190304
   -0.197945    -0.601155     0.253115
   -0.103363    -0.634251     0.253115
   -0.054444    -0.650218     0.240589
   -0.018789    -0.653877     0.243769
    0.132379    -0.665795     0.214231
    0.077212    -0.665665     0.235149
    0.097506    -0.669724     0.214231
    0.158821    -0.663081     0.211871
    0.209720    -0.647202     0.205459
    0.163916    -0.663230     0.205459
    0.217900    -0.644628     0.203228
    0.265573    -0.613251     0.207623
    0.222176    -0.643925     0.197097
    0.267244    -0.615606     0.197097
    0.327917    -0.561931     0.178805
    0.278625    -0.611223     0.178805
    0.332150    -0.558316     0.175445
    0.344389    -0.550103     0.153566
    0.454077    -0.375535     0.153566
    0.475802    -0.347677     0.125661
    0.529790    -0.253480     0.084650
    0.631779     0.037617     0.084224
    0.530813    -0.251809     0.083198
    0.630460     0.032966     0.083198
    0.646160     0.076589     0.055797
    0.651850     0.091412     0.042546
    0.668377     0.159861    -0.042952
    0.664231     0.180033    -0.021033
    0.662707     0.180646    -0.006171
    0.662707     0.159861     0.014614
    0.658794     0.184331     0.024873
    0.662691     0.159851     0.014771
    0.655573     0.208575    -0.021033
    0.652671     0.215489    -0.012094
    0.650667     0.219852    -0.008399
    0.622372     0.272787    -0.008399
    0.621304     0.274664    -0.007666
    0.586129     0.330643    -0.007666
    0.585479     0.331515    -0.006988
    0.531301     0.397531    -0.006988
    0.525361     0.404265    -0.002677
    0.465442     0.464184    -0.002677
    0.462894     0.466432    -0.001046
    0.389487     0.526675    -0.001046
    0.386235     0.529101     0.001483
    0.309321     0.577429     0.001483
    0.307953     0.578208     0.002017
    0.197237     0.637387     0.002017
    0.170876     0.649497    -0.020302
    0.170325     0.649728    -0.021014
    0.146794     0.657315    -0.026010
    0.063434     0.682603    -0.026010
    0.037397     0.688296    -0.050500
   -0.004197     0.696844    -0.095696
   -0.020757     0.698475    -0.095696
   -0.020757     0.694242    -0.052721
   -0.094182     0.696060    -0.144600
   -0.094913     0.694242    -0.126879
   -0.069661     0.698475    -0.144600
   -0.113071     0.692135    -0.164653
   -0.181813     0.671283    -0.164653
   -0.197992     0.666065    -0.161218
   -0.109846     0.692840    -0.161620
   -0.232022     0.654158    -0.161218
   -0.261853     0.640454    -0.135961
   -0.313402     0.612900    -0.135961
   -0.366262     0.582813    -0.115296
   -0.367509     0.581974    -0.113365
   -0.415946     0.545844    -0.075708
   -0.434670     0.530476    -0.075708
   -0.468971     0.500217    -0.053750
   -0.481411     0.487776    -0.030542
   -0.502868     0.463454    -0.014972
   -0.532976     0.426768    -0.014972
   -0.559545     0.391150     0.012719
   -0.568775     0.376460     0.012719
   -0.572115     0.370591     0.015013
   -0.626290     0.269238     0.015013
   -0.631333     0.258261     0.005719
   -0.641675     0.228174    -0.007777
   -0.654986     0.184291    -0.007777
   -0.634094     0.251683    -0.002785
   -0.657020     0.174993    -0.016523
   -0.665115     0.135597    -0.059329
   -0.665337     0.133347    -0.059329
   -0.659258     0.133347     0.002393
   -0.659258     0.055260    -0.075695
   -0.665337     0.103288    -0.089388
   -0.661848     0.067862    -0.089388
   -0.656973     0.044808    -0.065864
   -0.609015    -0.110001    -0.054787
   -0.625837    -0.057833    -0.065864
   -0.539410    -0.281951     0.018199
   -0.579011    -0.195746    -0.054787
   -0.445222    -0.452816     0.050422
   -0.492138    -0.370392     0.018199
   -0.430126    -0.476841     0.050422
   -0.414137    -0.498275     0.067086
   -0.387055    -0.528862     0.087687
   -0.389670    -0.528089     0.067086
   -0.387975    -0.529783     0.070247
   -0.370655    -0.539104     0.121154
   -0.362856    -0.548119     0.093954
   -0.363468    -0.549896     0.070247
   -0.271376    -0.599154     0.069858
   -0.358848    -0.553000     0.063095
   -0.276606    -0.596959     0.063095
   -0.254875    -0.604475     0.073361
   -0.092566    -0.653711     0.073361
   -0.068199    -0.659039     0.096281
   -0.040844    -0.664661     0.126004
   -0.031292    -0.665665     0.126646
    0.082473    -0.676870     0.126646
    0.097739    -0.676870     0.141912
    0.097739    -0.670088     0.210765
    0.159246    -0.670812     0.141912
    0.159537    -0.670088     0.148967
    0.164779    -0.664521     0.193137
    0.182436    -0.666046     0.116714
    0.188365    -0.664749     0.111138
    0.215633    -0.656478     0.111138
    0.215755    -0.654503     0.132659
    0.224221    -0.646559     0.171191
    0.259151    -0.638210     0.054868
    0.261845    -0.636973     0.052587
    0.274041    -0.630454     0.052587
    0.272864    -0.627035     0.098206
    0.282700    -0.615665     0.132511
    0.314385    -0.603348    -0.009865
    0.326374    -0.593509    -0.009865
    0.323223    -0.590358     0.049814
    0.346915    -0.552421     0.127235
    0.352974    -0.566908    -0.059491
    0.408804    -0.498880    -0.059491
    0.418614    -0.485729    -0.069716
    0.423539    -0.477891    -0.069716
    0.439994    -0.448981    -0.081018
    0.564670    -0.215730    -0.081018
    0.566797    -0.211098    -0.084938
    0.602610    -0.108752    -0.084938
    0.606619    -0.096318    -0.087578
    0.662149     0.086740    -0.087578
    0.665434     0.102724    -0.070210
    0.662691     0.101620    -0.043459
    0.668439     0.133235    -0.070210
    0.668439     0.159302    -0.044143
    0.665406     0.133235    -0.101001
    0.665406     0.160522    -0.073714
    0.661475     0.130723    -0.138408
    0.662340     0.160399    -0.101053
    0.664210     0.161649    -0.083207
    0.654980     0.208612    -0.027490
    0.652439     0.188694    -0.101053
    0.647924     0.216132    -0.061718
    0.633557     0.244919    -0.050212
    0.598902     0.300074    -0.050212
    0.578129     0.337564    -0.031803
    0.542594     0.380079    -0.038510
    0.540393     0.382973    -0.036697
    0.448771     0.474595    -0.036697
    0.426758     0.491336    -0.050481
    0.402568     0.511555    -0.046665
    0.322163     0.556105    -0.086147
    0.250919     0.600870    -0.086147
    0.189986     0.631278    -0.110500
    0.097695     0.654860    -0.177879
    0.018786     0.682472    -0.177879
    0.153629     0.637261    -0.162624
    0.003647     0.686764    -0.181219
   -0.002968     0.693789    -0.125483
   -0.019664     0.686084    -0.210562
   -0.023460     0.686474    -0.210901
   -0.069287     0.691637    -0.210901
   -0.070267     0.691878    -0.209742
   -0.070267     0.692840    -0.201200
   -0.069661     0.693789    -0.192175
   -0.098822     0.688661    -0.209742
   -0.114549     0.687047    -0.208339
   -0.117774     0.687141    -0.204281
   -0.155410     0.676471    -0.195978
   -0.169345     0.671595    -0.195978
   -0.235683     0.650722    -0.177884
   -0.296351     0.619744    -0.161547
   -0.240523     0.647948    -0.179992
   -0.249243     0.643253    -0.180375
   -0.318943     0.605549    -0.161547
   -0.372047     0.576126    -0.135471
   -0.379854     0.569600    -0.136702
   -0.415816     0.542251    -0.114184
   -0.452031     0.506037    -0.114184
   -0.480540     0.481691    -0.091555
   -0.509254     0.447338    -0.086136
   -0.509450     0.447120    -0.085952
   -0.595170     0.310698    -0.085952
   -0.618479     0.268323    -0.078520
   -0.601754     0.297505    -0.091225
   -0.633348     0.221070    -0.091407
   -0.655528     0.157683    -0.091407
   -0.660976     0.138464    -0.095647
   -0.663203     0.136366    -0.077977
   -0.660185     0.111329    -0.129804
   -0.661233     0.102028    -0.129804
   -0.663203     0.103288    -0.111055
   -0.661026     0.100992    -0.130872
   -0.661026     0.067531    -0.097412
   -0.655844     0.062653    -0.138516
   -0.658172     0.089383    -0.144592
   -0.655704     0.067480    -0.144592
   -0.635212    -0.010130    -0.122460
   -0.571067    -0.204211    -0.093319
   -0.604686    -0.097368    -0.122460
   -0.508773    -0.328946    -0.043986
   -0.570710    -0.204835    -0.093591
   -0.407689    -0.496252    -0.017272
   -0.425225    -0.461912    -0.043986
   -0.406701    -0.495345    -0.027569
   -0.388523    -0.526942     0.045358
   -0.363914    -0.542310    -0.004862
   -0.399936    -0.501122    -0.032938
   -0.361442    -0.539616    -0.032938
   -0.357657    -0.549542     0.016959
   -0.300801    -0.572363    -0.068349
   -0.313423    -0.558114    -0.110119
   -0.297504    -0.568115    -0.110119
   -0.276730    -0.594951     0.041212
   -0.153126    -0.619242    -0.105432
   -0.271620    -0.572375    -0.147228
   -0.190685    -0.600696    -0.147228
   -0.109534    -0.635692    -0.069600
   -0.134063    -0.626277    -0.091527
    0.055232    -0.659039    -0.027149
    0.019312    -0.650209    -0.069600
    0.081331    -0.664260    -0.000245
    0.082473    -0.666046     0.016751
    0.201584    -0.650710    -0.000245
    0.207922    -0.648278    -0.005911
    0.214203    -0.644973    -0.014472
    0.259647    -0.622532    -0.065044
    0.287690    -0.612720    -0.065044
    0.291245    -0.610545    -0.068134
    0.313752    -0.601512    -0.034364
    0.338271    -0.573170    -0.119875
    0.327117    -0.577926    -0.134774
    0.331223    -0.574723    -0.138887
    0.336597    -0.571346    -0.138887
    0.351177    -0.565110    -0.093538
    0.379761    -0.519342    -0.186941
    0.356901    -0.541091    -0.192976
    0.379182    -0.518810    -0.192976
    0.382206    -0.510957    -0.205597
    0.389221    -0.498298    -0.211814
    0.474983    -0.361808    -0.211814
    0.487784    -0.336157    -0.222066
    0.547947    -0.231185    -0.176364
    0.572039    -0.154618    -0.197247
    0.624785    -0.003881    -0.197247
    0.637618     0.041388    -0.207233
    0.644237     0.059325    -0.194150
    0.650863     0.076588    -0.178718
    0.661267     0.086385    -0.096177
    0.653643     0.101261    -0.178718
    0.659795     0.126284    -0.149144
    0.661267     0.130067    -0.139859
    0.650397     0.101261    -0.189419
    0.654128     0.126457    -0.167762
    0.643365     0.099234    -0.211848
    0.650903     0.125506    -0.178058
    0.653462     0.126675    -0.169719
    0.650579     0.188148    -0.107862
    0.632482     0.169978    -0.178058
    0.630504     0.176668    -0.175881
    0.632349     0.196088    -0.148792
    0.612992     0.236775    -0.129603
    0.507434     0.374341    -0.129603
    0.495481     0.397414    -0.116359
    0.441428     0.451468    -0.116359
    0.363720     0.491722    -0.160965
    0.262509     0.569383    -0.160965
    0.162461     0.616983    -0.208151
    0.157507     0.616512    -0.215063
    0.079404     0.639591    -0.240462
    0.035500     0.657777    -0.240462
   -0.004632     0.668635    -0.251039
   -0.015426     0.674715    -0.243391
   -0.016079     0.675127    -0.242782
   -0.041686     0.678498    -0.242782
   -0.052906     0.682114    -0.236211
   -0.062180     0.684633    -0.231351
   -0.069287     0.687712    -0.223840
   -0.083809     0.686437    -0.222647
   -0.115211     0.685025    -0.214284
   -0.090002     0.685622    -0.222647
   -0.110434     0.683655    -0.220428
   -0.163907     0.671850    -0.201450
   -0.174540     0.667446    -0.201450
   -0.277503     0.624658    -0.182968
   -0.316545     0.606082    -0.164553
   -0.259222     0.635837    -0.183918
   -0.347705     0.582172    -0.164553
   -0.381709     0.564558    -0.145034
   -0.433361     0.512906    -0.145034
   -0.520275     0.397826    -0.148235
   -0.436249     0.507331    -0.148235
   -0.580732     0.306661    -0.138422
   -0.533257     0.370541    -0.161104
   -0.598887     0.245224    -0.158401
   -0.636470     0.154492    -0.158401
   -0.647472     0.113824    -0.169119
   -0.654577     0.111500    -0.148227
   -0.641972     0.094656    -0.193773
   -0.642852     0.087976    -0.193773
   -0.646418     0.087976    -0.182816
   -0.651302     0.089383    -0.167237
   -0.649481     0.067290    -0.165036
   -0.629731     0.063743    -0.224289
   -0.629330     0.060697    -0.224289
   -0.610920     0.031548    -0.251552
   -0.610691     0.030701    -0.251329
   -0.502679    -0.234467    -0.246333
   -0.507218    -0.219105    -0.251329
   -0.459712    -0.306987    -0.238295
   -0.479156    -0.266116    -0.257571
   -0.301838    -0.512732    -0.238295
   -0.300839    -0.519844    -0.228031
   -0.313807    -0.532812    -0.175259
   -0.307546    -0.549830    -0.147139
   -0.266982    -0.545823    -0.228031
   -0.274792    -0.557121    -0.188219
   -0.270221    -0.567616    -0.164655
   -0.263057    -0.545451    -0.233506
   -0.227139    -0.560328    -0.233506
   -0.215783    -0.570169    -0.219433
   -0.208088    -0.574504    -0.213981
   -0.196954    -0.581536    -0.203567
   -0.010662    -0.608005    -0.197596
   -0.015403    -0.605437    -0.203567
    0.019312    -0.620992    -0.165916
    0.039988    -0.619177    -0.164218
    0.270682    -0.588806    -0.164218
    0.280887    -0.582361    -0.173763
    0.285278    -0.579887    -0.176874
    0.317766    -0.551734    -0.217134
    0.345757    -0.540139    -0.217134
    0.346082    -0.540609    -0.215479
    0.355130    -0.538595    -0.204131
    0.356227    -0.517614    -0.250502
    0.359557    -0.515058    -0.250502
    0.362651    -0.518153    -0.237910
    0.361525    -0.501051    -0.270716
    0.399675    -0.451334    -0.270716
    0.404894    -0.440364    -0.275890
    0.479736    -0.339662    -0.240134
    0.497625    -0.279124    -0.259821
    0.574956    -0.092432    -0.259821
    0.594505    -0.020174    -0.278865
    0.621504     0.027759    -0.244906
    0.628157     0.038293    -0.235053
    0.633965     0.082409    -0.235053
    0.639347     0.092349    -0.222536
    0.641013     0.096195    -0.218472
    0.627536     0.082409    -0.247081
    0.630866     0.095476    -0.237634
    0.615034     0.079519    -0.269759
    0.614855     0.080652    -0.269759
    0.620903     0.091982    -0.256036
    0.629106     0.095784    -0.240628
    0.571425     0.189087    -0.256036
    0.570537     0.189711    -0.256697
    0.527503     0.237671    -0.266781
    0.522113     0.249770    -0.260482
    0.268999     0.502884    -0.260482
    0.246429     0.512938    -0.272233
    0.163668     0.587199    -0.254833
    0.138793     0.593856    -0.263976
    0.051523     0.638323    -0.263976
    0.021362     0.645861    -0.273064
    0.003024     0.659709    -0.261597
   -0.004239     0.666393    -0.254853
   -0.029902     0.670457    -0.254853
   -0.030401     0.670899    -0.254219
   -0.080305     0.683151    -0.229658
   -0.110609     0.682658    -0.222124
   -0.086478     0.682174    -0.229658
   -0.106495     0.680462    -0.227106
   -0.171941     0.667328    -0.203641
   -0.205561     0.650198    -0.203641
   -0.320827     0.585783    -0.192076
   -0.322179     0.585180    -0.191372
   -0.441088     0.466272    -0.191372
   -0.502437     0.377019    -0.202918
   -0.459562     0.424800    -0.212964
   -0.525991     0.289005    -0.235269
   -0.594740     0.154078    -0.235269
   -0.609175     0.096320    -0.252674
   -0.625371     0.093480    -0.225122
   -0.593018     0.066050    -0.289337
   -0.594021     0.059716    -0.289337
   -0.600378     0.059716    -0.278214
   -0.617794     0.063743    -0.246622
   -0.607493     0.031791    -0.258023
   -0.562299     0.023866    -0.334909
   -0.541115     0.010171    -0.363365
   -0.540851     0.009980    -0.363704
   -0.503086    -0.031055    -0.401801
   -0.498913    -0.036583    -0.405258
   -0.372077    -0.258870    -0.425884
   -0.363639    -0.290398    -0.414296
   -0.477513    -0.051940    -0.425884
   -0.308798    -0.379000    -0.393031
   -0.293966    -0.504861    -0.260799
   -0.333112    -0.324419    -0.421448
   -0.254112    -0.433687    -0.393031
   -0.245881    -0.451084    -0.382113
   -0.243853    -0.491513    -0.336379
   -0.257738    -0.509130    -0.298861
   -0.254225    -0.525844    -0.276183
   -0.233353    -0.524895    -0.293786
   -0.222843    -0.502218    -0.336379
   -0.220873    -0.501167    -0.338764
   -0.197128    -0.503198    -0.341791
   -0.031314    -0.529460    -0.341791
   -0.015403    -0.530761    -0.343278
    0.007061    -0.515634    -0.366045
    0.016113    -0.514894    -0.365199
    0.244492    -0.478722    -0.365199
    0.299520    -0.474016    -0.358185
    0.318002    -0.483881    -0.335800
    0.326463    -0.502137    -0.301509
    0.349732    -0.503196    -0.281886
    0.330306    -0.477612    -0.335800
    0.337893    -0.479764    -0.326655
    0.351128    -0.496556    -0.290895
    0.356407    -0.495933    -0.285348
    0.361041    -0.456617    -0.326655
    0.362306    -0.453775    -0.328135
    0.367237    -0.448279    -0.326980
    0.374834    -0.419895    -0.337413
    0.493439    -0.187120    -0.337413
    0.509570    -0.122581    -0.356861
    0.572646    -0.039049    -0.304623
    0.589152    -0.021113    -0.287972
    0.602588     0.063723    -0.287972
    0.610159     0.072280    -0.277095
    0.581983     0.063723    -0.313079
    0.586145     0.076503    -0.305543
    0.552515     0.057065    -0.347701
    0.549344     0.073005    -0.347701
    0.560698     0.079031    -0.333589
    0.522510     0.078787    -0.368780
    0.411277     0.245259    -0.368780
    0.387850     0.255625    -0.381042
    0.278609     0.364867    -0.381042
    0.252200     0.424549    -0.349802
    0.079876     0.539693    -0.349802
    0.062208     0.579123    -0.324452
    0.060532     0.586899    -0.318345
    0.022459     0.634824    -0.285228
   -0.001324     0.639555    -0.285228
   -0.013038     0.654479    -0.271069
   -0.029902     0.669579    -0.255923
   -0.044458     0.668491    -0.254440
   -0.108959     0.655661    -0.254440
   -0.119385     0.642537    -0.263509
   -0.120957     0.635241    -0.269240
   -0.326568     0.497856    -0.269240
   -0.359830     0.431312    -0.300488
   -0.352985     0.438157    -0.300488
   -0.386944     0.319324    -0.344271
   -0.512042     0.132102    -0.344271
   -0.527536     0.063930    -0.366609
   -0.557647     0.060938    -0.333423
   -0.509674     0.038982    -0.392272
   -0.516536     0.004486    -0.392272
   -0.498186    -0.016007    -0.410677
   -0.469993    -0.038136    -0.437426
   -0.467040    -0.052980    -0.437426
   -0.377057    -0.188566    -0.461687
   -0.368985    -0.224087    -0.450048
   -0.455782    -0.061924    -0.445206
   -0.436876    -0.082481    -0.454994
   -0.433394    -0.087345    -0.456159
   -0.380087    -0.181499    -0.462351
   -0.340909    -0.266105    -0.450048
   -0.326420    -0.303973    -0.440126
   -0.321282    -0.325192    -0.431830
   -0.267188    -0.382011    -0.429271
   -0.255806    -0.407734    -0.415807
   -0.280849    -0.365625    -0.431830
   -0.226025    -0.449319    -0.395907
   -0.221092    -0.430929    -0.415807
   -0.218881    -0.435861    -0.412637
   -0.121200    -0.442779    -0.426705
   -0.053151    -0.456314    -0.426705
    0.007061    -0.460817    -0.432840
    0.028244    -0.441849    -0.451864
    0.112018    -0.435584    -0.443330
    0.301088    -0.458228    -0.375584
    0.168509    -0.424347    -0.443330
    0.262042    -0.417724    -0.429858
    0.290345    -0.437988    -0.400744
    0.318933    -0.459815    -0.363187
    0.319143    -0.456593    -0.366015
    0.296455    -0.433905    -0.400744
    0.292155    -0.419981    -0.413228
    0.293736    -0.413455    -0.415780
    0.364806    -0.307090    -0.415780
    0.379149    -0.243980    -0.436458
    0.380732    -0.241184    -0.436275
    0.480047    -0.133198    -0.384854
    0.491102    -0.124416    -0.377215
    0.521876     0.030298    -0.377215
    0.544326     0.047919    -0.355915
    0.496324     0.030298    -0.398185
    0.513038     0.076585    -0.376913
    0.456862     0.020398    -0.428955
    0.441001     0.079592    -0.428955
    0.412572     0.096380    -0.441746
    0.377265     0.130916    -0.450836
    0.371698     0.132290    -0.452999
    0.170608     0.333380    -0.452999
    0.165213     0.355242    -0.444504
    0.128344     0.392934    -0.434801
    0.082782     0.470090    -0.400085
    0.015710     0.488062    -0.400085
    0.004663     0.507157    -0.388296
    0.004663     0.558344    -0.350899
   -0.001324     0.582212    -0.332288
   -0.118462     0.624510    -0.278454
   -0.124810     0.472465    -0.388296
   -0.154993     0.421352    -0.411294
   -0.171948     0.349681    -0.439520
   -0.372498     0.149130    -0.439520
   -0.154870     0.418884    -0.412631
   -0.386312     0.088097    -0.459562
   -0.436657     0.038852    -0.446601
   -0.437794     0.038180    -0.446089
   -0.495808     0.035758    -0.404178
   -0.469126    -0.038136    -0.438138
   -0.458929    -0.040694    -0.446089
   -0.450842    -0.048245    -0.451493
   -0.445170    -0.051526    -0.454994
   -0.346347    -0.242077    -0.457939
   -0.306596    -0.323797    -0.440126
   -0.221630    -0.418037    -0.425121
   -0.233194    -0.406214    -0.428165
   -0.092699    -0.425178    -0.445144
   -0.081080    -0.428291    -0.445144
    0.028244    -0.435940    -0.456713
    0.037695    -0.425818    -0.463477
    0.150690    -0.417913    -0.451519
    0.170132    -0.412703    -0.451519
    0.255706    -0.407963    -0.438230
    0.262055    -0.417426    -0.430074
    0.257007    -0.402695    -0.440277
    0.290020    -0.369682    -0.440277
    0.300217    -0.324627    -0.455071
    0.304717    -0.316787    -0.455621
    0.384096    -0.180435    -0.445709
    0.431713    -0.002726    -0.445709
    0.432724    -0.002142    -0.445086
    0.377446    -0.002726    -0.474715
    0.365230    -0.005512    -0.480502
    0.309036     0.130151    -0.480502
    0.366672    -0.006124    -0.479988
    0.276674     0.143266    -0.488671
    0.175955     0.243985    -0.488671
    0.168209     0.263100    -0.483846
    0.017502     0.325525    -0.483846
    0.017245     0.326129    -0.483631
    0.017245     0.353558    -0.471760
    0.015710     0.358426    -0.469378
   -0.168517     0.249183    -0.483631
   -0.174418     0.234623    -0.487306
   -0.305928     0.103113    -0.487306
   -0.346347     0.086733    -0.477103
   -0.409711    -0.037174    -0.471892
   -0.395102    -0.030973    -0.477103
   -0.426404    -0.051526    -0.465025
   -0.425396    -0.064779    -0.463666
   -0.380555    -0.173036    -0.463666
   -0.342835    -0.245589    -0.457939
   -0.040589    -0.406709    -0.462479
   -0.085493    -0.388109    -0.462479
    0.035447    -0.412488    -0.470280
    0.037695    -0.415104    -0.469204
    0.152321    -0.406390    -0.457444
    0.240576    -0.369834    -0.457444
    0.255856    -0.368988    -0.455071
    0.309632    -0.227968    -0.469416
    0.358839    -0.109173    -0.469416
    0.272896    -0.005512    -0.508511
    0.242828     0.021970    -0.514180
    0.241660     0.022263    -0.514323
    0.053975     0.209947    -0.514323
    0.017502     0.214783    -0.517439
    0.012814     0.209654    -0.518406
   -0.053451     0.200869    -0.512745
   -0.279777     0.009398    -0.507014
   -0.233256     0.021063    -0.512745
   -0.340914    -0.030973    -0.493541
   -0.305268    -0.013900    -0.502209
   -0.105705    -0.290547    -0.489535
   -0.045438    -0.273730    -0.502209
    0.035447    -0.312594    -0.500583
    0.011615    -0.281294    -0.507083
    0.030189    -0.301616    -0.503252
    0.264735    -0.067069    -0.503252
    0.012814     0.022263    -0.536863
    0.011615     0.021063    -0.536863
     1      2      3
     1      3      4
     1      4      5
     1      5      6
     1      6      7
     3      8      9
     3      9     10
     3     10     11
     3     11     12
     3     12      4
    11     13     14
    11     14     15
    11     15     12
     4     12     15
     4     15     16
     4     16     17
     4     17      5
    18     19     20
    18     20      1
    18      1      7
    18      7     21
    22     23     24
    22     24     25
    22     25      2
    22      2      1
    22      1     20
    22     20     26
    27     28     29
    27     29     24
    27     24     23
    27     23     30
    27     30     31
    29     32     33
    29     33     34
    29     34     35
    29     35     36
    29     36     37
    29     37     38
    29     38     25
    29     25     24
    25     38     39
    25     39     40
    25     40      8
    25      8      3
    25      3      2
    40     41     42
    40     42     43
    40     43     44
    40     44     45
    40     45      9
    40      9      8
     9     45     46
     9     46     47
     9     47     10
    10     47     48
    10     48     49
    10     49     13
    10     13     11
    14     13     49
    14     49     50
    14     50     51
    16     15     14
    16     14     51
    16     51     52
    16     52     53
    16     53     54
    55     17     16
    55     16     54
    55     54     56
     6      5     17
     6     17     55
     6     55     57
    58     59     19
    58     19     18
    58     18     60
    26     20     19
    26     19     59
    26     59     61
    62     30     23
    62     23     22
    63     32     29
    63     29     28
    63     28     64
    65     33     32
    65     32     63
    66     67     68
    66     68     36
    66     36     35
    66     35     69
    36     68     70
    36     70     71
    36     71     37
    37     71     72
    37     72     73
    37     73     39
    37     39     38
    39     73     74
    39     74     75
    39     75     76
    39     76     41
    39     41     40
    76     77     78
    76     78     79
    76     79     80
    76     80     42
    76     42     41
    43     81     82
    43     82     44
    44     82     83
    44     83     84
    44     84     46
    44     46     45
    85     48     47
    85     47     46
    85     46     84
    85     84     86
    87     50     49
    87     49     48
    87     48     85
    51     50     87
    51     87     88
    51     88     52
    53     52     88
    53     88     89
    53     89     90
    56     54     53
    56     53     90
    56     90     91
    56     91     92
    93     92     91
    93     91     94
    93     94     95
    96     57     55
    96     55     56
    96     56     92
    96     92     93
    21      7      6
    21      6     57
    21     57     96
    21     96     97
    98     99     58
    98     58     60
    98     60    100
    98    100    101
    98    101    102
   103     61     59
   103     59     58
   103     58     99
   104    105     62
   104     62     22
   104     22     26
   104     26     61
   104     61    103
    31     30     62
    31     62    105
   106     64     28
   106     28     27
   107     34     33
   107     33     65
   107     65    108
   109     69     35
   109     35     34
   109     34    107
   110    111     67
   110     67     66
   110     66    112
   113     70     68
   113     68     67
   113     67    111
   114    115     72
   114     72     71
   114     71     70
   114     70    113
   114    113    116
    72    115    117
    72    117     74
    72     74     73
    74    117    118
    74    118    119
    74    119    120
    74    120    121
    74    121    122
    74    122     75
    75    122     77
    75     77     76
   121    123    124
   121    124     78
   121     78     77
   121     77    122
    79    125    126
    79    126     80
    42     80    126
    42    126    127
    42    127     81
    42     81     43
    83     82     81
    83     81    127
    83    127    128
    83    128    129
    86     84     83
    86     83    129
    86    129    130
    86    130    131
   131    130    132
   131    132    133
   131    133    134
    89     88     87
    89     87     85
    89     85     86
    89     86    131
    89    131    134
    89    134    135
    89    135    136
   135    134    133
   135    133    137
   135    137    138
   135    138    139
   135    139    140
   141    136    135
   141    135    140
   141    140    142
   141    142    143
    91     90     89
    91     89    136
    91    136    141
    91    141    144
    91    144     94
   145    144    141
   145    141    143
   145    143    146
   145    146    147
    95     94    144
    95    144    145
    95    145    148
   149    148    145
   149    145    147
   149    147    150
   151     97     96
   151     96     93
   151     93     95
   151     95    148
   151    148    149
   151    149    152
   100     60     18
   100     18     21
   100     21     97
   100     97    151
   153    154    155
   153    155    156
   153    156    157
   153    157    158
   153    158    159
   156    102    101
   156    101    160
   156    160    157
   155    161    162
   155    162    163
   155    163     98
   155     98    102
   155    102    156
   163    164    104
   163    104    103
   163    103     99
   163     99     98
   165    166    167
   165    167    106
   165    106     27
   165     27     31
   165     31    105
   165    105    104
   165    104    164
   167    108     65
   167     65     63
   167     63     64
   167     64    106
   168    169    109
   168    109    107
   168    107    108
   168    108    167
   168    167    166
   170    112     66
   170     66     69
   170     69    109
   170    109    169
   171    172    170
   171    170    169
   171    169    168
   173    174    110
   173    110    112
   173    112    170
   173    170    172
   175    116    113
   175    113    111
   175    111    110
   175    110    174
   176    177    178
   176    178    114
   176    114    116
   176    116    175
   178    179    118
   178    118    117
   178    117    115
   178    115    114
   180    181    182
   180    182    119
   180    119    118
   180    118    179
   119    182    183
   119    183    184
   119    184    120
   183    185    186
   183    186    187
   183    187    188
   183    188    184
   120    184    188
   120    188    189
   120    189    123
   120    123    121
   188    187    190
   188    190    191
   188    191    192
   188    192    189
   189    192    193
   189    193    194
   189    194    124
   189    124    123
    78    124    194
    78    194    195
    78    195    125
    78    125     79
   126    125    195
   126    195    196
   126    196    197
   126    197    128
   126    128    127
   129    128    197
   129    197    198
   129    198    199
   129    199    132
   129    132    130
   199    198    200
   199    200    201
   199    201    202
   199    202    203
   199    203    204
   133    132    199
   133    199    204
   133    204    205
   133    205    206
   133    206    137
   206    205    207
   206    207    208
   138    137    206
   138    206    208
   138    208    209
   138    209    210
   138    210    211
   211    210    212
   211    212    213
   211    213    214
   215    139    138
   215    138    211
   215    211    214
   215    214    216
   215    216    217
   215    217    218
   215    218    219
   142    140    139
   142    139    215
   142    215    220
   142    220    221
   142    221    222
   223    222    221
   223    221    224
   223    224    225
   146    143    142
   146    142    222
   146    222    223
   146    223    226
   146    226    227
   227    226    228
   227    228    229
   150    147    146
   150    146    227
   150    227    229
   150    229    230
   150    230    231
   232    152    149
   232    149    150
   232    150    231
   232    231    233
   160    101    100
   160    100    151
   160    151    152
   160    152    232
   160    232    234
   158    157    160
   158    160    234
   158    234    235
   236    237    238
   236    238    239
   236    239    240
   236    240    241
   238    242    154
   238    154    153
   238    153    239
   243    244    245
   243    245    246
   243    246    242
   243    242    238
   243    238    237
   246    161    155
   246    155    154
   246    154    242
   245    247    248
   245    248    249
   245    249    250
   245    250    162
   245    162    161
   245    161    246
   250    251    252
   250    252    165
   250    165    164
   250    164    163
   250    163    162
   253    254    255
   253    255    256
   253    256    252
   253    252    251
   252    256    257
   252    257    171
   252    171    168
   252    168    166
   252    166    165
   255    258    259
   255    259    257
   255    257    256
   257    259    260
   257    260    261
   257    261    173
   257    173    172
   257    172    171
   262    263    264
   262    264    260
   262    260    259
   262    259    258
   260    264    265
   260    265    266
   260    266    267
   260    267    268
   260    268    261
   261    268    176
   261    176    175
   261    175    174
   261    174    173
   267    269    270
   267    270    271
   267    271    272
   267    272    177
   267    177    176
   267    176    268
   272    273    274
   272    274    180
   272    180    179
   272    179    178
   272    178    177
   274    275    276
   274    276    277
   274    277    181
   274    181    180
   277    278    279
   277    279    185
   277    185    183
   277    183    182
   277    182    181
   280    281    282
   280    282    279
   280    279    278
   279    282    283
   279    283    284
   279    284    186
   279    186    185
   283    285    286
   283    286    287
   283    287    288
   283    288    284
   186    284    288
   186    288    289
   186    289    190
   186    190    187
   288    287    290
   288    290    291
   288    291    289
   190    289    291
   190    291    292
   190    292    293
   190    293    191
   191    293    294
   191    294    193
   191    193    192
   194    193    294
   194    294    295
   194    295    296
   194    296    196
   194    196    195
   197    196    296
   197    296    297
   197    297    298
   197    298    299
   197    299    200
   197    200    198
   200    299    300
   200    300    301
   200    301    302
   200    302    303
   200    303    201
   201    303    304
   201    304    305
   201    305    202
   306    307    203
   306    203    202
   306    202    305
   306    305    308
   204    203    307
   204    307    309
   204    309    207
   204    207    205
   208    207    309
   208    309    310
   208    310    209
   212    311    312
   212    312    313
   212    313    213
   214    213    313
   214    313    314
   214    314    216
   217    315    316
   217    316    317
   217    317    318
   217    318    218
   219    218    318
   219    318    319
   219    319    320
   219    320    321
   322    220    215
   322    215    219
   322    219    321
   322    321    323
   224    221    220
   224    220    322
   224    322    324
   224    324    325
   326    225    224
   326    224    325
   326    325    327
   326    327    328
   329    228    226
   329    226    223
   329    223    225
   329    225    326
   230    229    228
   230    228    329
   230    329    330
   233    231    230
   233    230    330
   233    330    331
   233    331    332
   235    234    232
   235    232    233
   235    233    332
   235    332    333
   235    333    334
   335    159    158
   335    158    235
   335    235    334
   335    334    336
   240    239    153
   240    153    159
   240    159    335
   240    335    337
   338    339    340
   338    340    341
   338    341    342
   341    340    343
   341    343    243
   341    243    237
   341    237    236
   344    345    343
   344    343    340
   344    340    339
   343    345    346
   343    346    347
   343    347    244
   343    244    243
   347    348    349
   347    349    247
   347    247    245
   347    245    244
   349    350    351
   349    351    352
   349    352    248
   349    248    247
   248    352    353
   248    353    354
   248    354    249
   249    354    355
   249    355    356
   249    356    253
   249    253    251
   249    251    250
   356    357    358
   356    358    254
   356    254    253
   358    359    360
   358    360    262
   358    262    258
   358    258    255
   358    255    254
   360    361    263
   360    263    262
   362    265    264
   362    264    263
   362    263    361
   363    364    365
   363    365    266
   363    266    265
   363    265    362
   363    362    366
   367    368    369
   367    369    370
   367    370    365
   367    365    364
   266    365    370
   266    370    269
   266    269    267
   370    369    371
   370    371    372
   370    372    373
   370    373    374
   370    374    270
   370    270    269
   270    374    375
   270    375    376
   270    376    271
   271    376    377
   271    377    378
   271    378    379
   271    379    273
   271    273    272
   379    380    275
   379    275    274
   379    274    273
   381    382    383
   381    383    276
   381    276    275
   381    275    380
   276    383    384
   276    384    280
   276    280    278
   276    278    277
   384    385    386
   384    386    281
   384    281    280
   386    387    285
   386    285    283
   386    283    282
   386    282    281
   388    389    286
   388    286    285
   388    285    387
   388    387    390
   290    287    286
   290    286    389
   290    389    391
   290    391    392
   391    389    388
   391    388    393
   391    393    394
   391    394    395
   396    392    391
   396    391    395
   396    395    397
   396    397    398
   396    398    399
   400    292    291
   400    291    290
   400    290    392
   400    392    396
   294    293    292
   294    292    400
   294    400    401
   294    401    402
   294    402    295
   296    295    402
   296    402    403
   296    403    404
   296    404    405
   296    405    297
   297    405    406
   297    406    407
   297    407    408
   297    408    298
   298    408    409
   298    409    300
   298    300    299
   301    300    409
   301    409    410
   304    303    302
   304    302    411
   308    305    304
   308    304    411
   308    411    412
   308    412    413
   309    307    306
   309    306    414
   309    414    310
   209    310    414
   209    414    415
   209    415    311
   209    311    212
   209    212    210
   313    312    416
   313    416    417
   313    417    314
   216    314    417
   216    417    315
   216    315    217
   418    317    316
   418    316    419
   418    419    420
   319    318    317
   319    317    418
   319    418    421
   422    320    319
   422    319    421
   422    421    423
   323    321    320
   323    320    422
   323    422    424
   425    324    322
   425    322    323
   425    323    424
   425    424    426
   425    426    427
   327    325    324
   327    324    425
   428    328    327
   428    327    425
   428    425    427
   428    427    429
   331    330    329
   331    329    326
   331    326    328
   331    328    428
   331    428    430
   333    332    331
   333    331    430
   333    430    431
   333    431    432
   336    334    333
   336    333    432
   336    432    433
   336    433    434
   435    337    335
   435    335    336
   435    336    434
   435    434    436
   435    436    437
   438    241    240
   438    240    337
   438    337    435
   439    342    341
   439    341    236
   439    236    241
   439    241    438
   440    441    442
   440    442    443
   443    442    444
   443    444    344
   443    344    339
   443    339    338
   443    338    445
   446    447    444
   446    444    442
   446    442    441
   444    447    448
   444    448    346
   444    346    345
   444    345    344
   449    450    348
   449    348    347
   449    347    346
   449    346    448
   451    452    350
   451    350    349
   451    349    348
   451    348    450
   453    454    351
   453    351    350
   453    350    452
   351    454    455
   351    455    456
   351    456    353
   351    353    352
   353    456    457
   353    457    458
   353    458    355
   353    355    354
   355    458    459
   355    459    460
   355    460    357
   355    357    356
   460    461    359
   460    359    358
   460    358    357
   462    366    362
   462    362    361
   462    361    360
   462    360    359
   462    359    461
   463    464    465
   463    465    363
   463    363    366
   463    366    462
   465    466    367
   465    367    364
   465    364    363
   467    468    469
   467    469    368
   467    368    367
   467    367    466
   470    471    469
   470    469    468
   470    468    472
   469    471    371
   469    371    369
   469    369    368
   473    474    475
   473    475    372
   473    372    371
   473    371    471
   473    471    470
   473    470    476
   372    475    477
   372    477    478
   372    478    373
   373    478    479
   373    479    480
   373    480    481
   373    481    375
   373    375    374
   375    481    482
   375    482    377
   375    377    376
   377    482    483
   377    483    484
   377    484    485
   377    485    378
   378    485    486
   378    486    381
   378    381    380
   378    380    379
   486    487    488
   486    488    382
   486    382    381
   488    489    490
   488    490    385
   488    385    384
   488    384    383
   488    383    382
   491    390    387
   491    387    386
   491    386    385
   491    385    490
   492    393    388
   492    388    390
   492    390    491
   493    494    394
   493    394    393
   493    393    492
   493    492    495
   395    394    494
   395    494    496
   395    496    397
   397    496    497
   397    497    498
   397    498    499
   397    499    398
   500    499    498
   500    498    501
   500    501    502
   399    398    499
   399    499    500
   399    500    503
   504    401    400
   504    400    396
   504    396    399
   504    399    503
   504    503    505
   506    403    402
   506    402    401
   506    401    504
   506    504    507
   508    404    403
   508    403    506
   508    506    509
   406    405    404
   406    404    508
   406    508    510
   406    510    511
   512    407    406
   512    406    511
   512    511    513
   512    513    514
   410    409    408
   410    408    407
   410    407    512
   410    512    515
   516    515    512
   516    512    514
   516    514    517
   412    411    302
   412    302    301
   412    301    410
   412    410    515
   412    515    516
   518    413    412
   518    412    516
   518    516    517
   518    517    519
   518    519    520
   521    415    414
   521    414    306
   521    306    308
   521    308    413
   521    413    518
   416    312    311
   416    311    415
   416    415    521
   416    521    522
   416    522    523
   416    523    524
   316    315    417
   316    417    416
   316    416    524
   316    524    525
   316    525    419
   420    419    525
   420    525    526
   420    526    527
   420    527    528
   528    527    529
   528    529    530
   423    421    418
   423    418    420
   423    420    528
   423    528    530
   423    530    531
   531    530    529
   531    529    532
   531    532    533
   531    533    534
   531    534    535
   426    424    422
   426    422    423
   426    423    531
   426    531    535
   426    535    536
   536    535    534
   536    534    537
   536    537    538
   536    538    539
   536    539    540
   429    427    426
   429    426    536
   429    536    540
   429    540    541
   541    540    539
   541    539    542
   541    542    543
   541    543    544
   431    430    428
   431    428    429
   431    429    541
   431    541    544
   431    544    545
   545    544    543
   545    543    546
   545    546    547
   433    432    431
   433    431    545
   433    545    547
   433    547    548
   433    548    549
   436    434    433
   436    433    549
   436    549    550
   436    550    551
   437    436    551
   437    551    552
   437    552    553
   553    554    555
   553    555    556
   553    556    557
   553    557    439
   553    439    438
   553    438    435
   553    435    437
   557    445    338
   557    338    342
   557    342    439
   556    558    559
   556    559    440
   556    440    443
   556    443    445
   556    445    557
   560    561    559
   560    559    558
   562    563    564
   562    564    561
   562    561    560
   559    561    564
   559    564    565
   559    565    446
   559    446    441
   559    441    440
   566    567    565
   566    565    564
   566    564    563
   565    567    568
   565    568    449
   565    449    448
   565    448    447
   565    447    446
   569    570    451
   569    451    450
   569    450    449
   569    449    568
   571    572    453
   571    453    452
   571    452    451
   571    451    570
   573    455    454
   573    454    453
   573    453    572
   574    575    457
   574    457    456
   574    456    455
   574    455    573
   576    577    459
   576    459    458
   576    458    457
   576    457    575
   459    577    578
   459    578    463
   459    463    462
   459    462    461
   459    461    460
   579    580    464
   579    464    463
   579    463    578
   579    578    581
   582    583    467
   582    467    466
   582    466    465
   582    465    464
   582    464    580
   584    585    586
   584    586    587
   584    587    588
   584    588    589
   584    589    583
   584    583    582
   589    472    468
   589    468    467
   589    467    583
   588    476    470
   588    470    472
   588    472    589
   587    590    591
   587    591    592
   587    592    473
   587    473    476
   587    476    588
   592    593    474
   592    474    473
   477    475    474
   477    474    593
   477    593    594
   477    594    595
   596    479    478
   596    478    477
   596    477    595
   596    595    597
   596    597    598
   599    600    480
   599    480    479
   599    479    596
   601    602    483
   601    483    482
   601    482    481
   601    481    480
   601    480    600
   483    602    603
   483    603    604
   483    604    484
   484    604    605
   484    605    606
   484    606    487
   484    487    486
   484    486    485
   607    489    488
   607    488    487
   607    487    606
   608    495    492
   608    492    491
   608    491    490
   608    490    489
   608    489    607
   608    607    609
   610    611    493
   610    493    495
   610    495    608
   612    613    497
   612    497    496
   612    496    494
   612    494    493
   612    493    611
   614    615    616
   614    616    613
   614    613    612
   498    497    613
   498    613    616
   498    616    501
   502    501    616
   502    616    615
   502    615    617
   502    617    618
   619    618    617
   619    617    620
   619    620    621
   505    503    500
   505    500    502
   505    502    618
   505    618    619
   505    619    622
   623    507    504
   623    504    505
   623    505    622
   623    622    624
   625    509    506
   625    506    507
   625    507    623
   625    623    626
   627    510    508
   627    508    509
   627    509    625
   627    625    628
   627    628    629
   513    511    510
   513    510    627
   513    627    630
   631    630    627
   631    627    629
   631    629    632
   631    632    633
   517    514    513
   517    513    630
   517    630    631
   517    631    634
   517    634    519
   635    634    631
   635    631    633
   635    633    636
   635    636    637
   520    519    634
   520    634    635
   520    635    638
   639    638    635
   639    635    637
   639    637    640
   639    640    641
   642    522    521
   642    521    518
   642    518    520
   642    520    638
   642    638    639
   642    639    643
   644    523    522
   644    522    642
   644    642    645
   525    524    523
   525    523    644
   525    644    646
   525    646    647
   525    647    526
   529    527    526
   529    526    647
   529    647    532
   532    647    646
   532    646    648
   532    648    533
   534    533    648
   534    648    649
   534    649    537
   537    649    650
   537    650    651
   537    651    652
   537    652    538
   539    538    652
   539    652    653
   539    653    654
   539    654    542
   655    654    653
   655    653    656
   655    656    657
   655    657    658
   543    542    654
   543    654    655
   543    655    659
   543    659    546
   660    659    655
   660    655    658
   660    658    661
   660    661    662
   547    546    659
   547    659    660
   547    660    548
   549    548    660
   549    660    662
   549    662    663
   549    663    664
   549    664    665
   549    665    550
   551    550    665
   551    665    666
   551    666    667
   551    667    552
   553    552    667
   553    667    668
   553    668    669
   553    669    554
   554    669    670
   554    670    671
   554    671    672
   554    672    673
   554    673    555
   672    674    675
   672    675    676
   672    676    673
   555    673    676
   555    676    562
   555    562    560
   555    560    558
   555    558    556
   677    678    675
   677    675    674
   679    680    681
   679    681    678
   679    678    677
   676    675    678
   676    678    681
   676    681    682
   676    682    566
   676    566    563
   676    563    562
   681    680    683
   681    683    684
   681    684    685
   681    685    682
   682    685    686
   682    686    569
   682    569    568
   682    568    567
   682    567    566
   686    687    688
   686    688    571
   686    571    570
   686    570    569
   688    689    574
   688    574    573
   688    573    572
   688    572    571
   690    691    576
   690    576    575
   690    575    574
   690    574    689
   692    581    578
   692    578    577
   692    577    576
   692    576    691
   693    694    695
   693    695    579
   693    579    581
   693    581    692
   695    696    697
   695    697    698
   695    698    584
   695    584    582
   695    582    580
   695    580    579
   698    699    700
   698    700    585
   698    585    584
   701    702    586
   701    586    585
   701    585    700
   586    702    703
   586    703    590
   586    590    587
   704    591    590
   704    590    703
   704    703    705
   704    705    706
   707    594    593
   707    593    592
   707    592    591
   707    591    704
   597    595    594
   597    594    707
   597    707    708
   709    710    599
   709    599    596
   709    596    598
   709    598    711
   712    713    601
   712    601    600
   712    600    599
   712    599    710
   714    603    602
   714    602    601
   714    601    713
   715    605    604
   715    604    603
   715    603    714
   715    714    716
   717    609    607
   717    607    606
   717    606    605
   717    605    715
   717    715    718
   719    720    610
   719    610    608
   719    608    609
   719    609    717
   721    722    614
   721    614    612
   721    612    611
   721    611    610
   721    610    720
   723    724    725
   723    725    726
   723    726    722
   723    722    721
   617    615    614
   617    614    722
   617    722    726
   617    726    620
   621    620    726
   621    726    725
   621    725    727
   727    725    724
   727    724    728
   727    728    729
   624    622    619
   624    619    621
   624    621    727
   624    727    729
   624    729    730
   624    730    731
   732    626    623
   732    623    624
   732    624    731
   732    731    733
   734    628    625
   734    625    626
   734    626    732
   734    732    735
   736    737    738
   736    738    632
   736    632    629
   736    629    628
   736    628    734
   633    632    738
   633    738    739
   633    739    636
   739    738    737
   739    737    740
   739    740    741
   637    636    739
   637    739    741
   637    741    742
   637    742    640
   742    741    740
   742    740    743
   742    743    744
   742    744    745
   641    640    742
   641    742    745
   641    745    746
   641    746    747
   748    643    639
   748    639    641
   748    641    747
   748    747    749
   750    645    642
   750    642    643
   750    643    748
   648    646    644
   648    644    645
   648    645    750
   648    750    751
   648    751    650
   648    650    649
   651    650    751
   651    751    752
   653    652    651
   653    651    752
   653    752    753
   653    753    754
   653    754    656
   656    754    755
   656    755    756
   656    756    757
   656    757    657
   658    657    757
   658    757    758
   658    758    661
   758    757    756
   758    756    759
   758    759    760
   758    760    761
   662    661    758
   662    758    761
   662    761    663
   663    761    760
   663    760    762
   663    762    763
   663    763    664
   665    664    763
   665    763    764
   665    764    765
   665    765    666
   667    666    765
   667    765    766
   667    766    767
   667    767    668
   668    767    768
   668    768    769
   668    769    770
   668    770    670
   668    670    669
   670    770    771
   670    771    772
   670    772    671
   671    772    773
   671    773    679
   671    679    677
   671    677    674
   671    674    672
   771    774    775
   771    775    773
   771    773    772
   776    777    778
   776    778    779
   776    779    775
   776    775    774
   773    775    779
   773    779    683
   773    683    680
   773    680    679
   779    778    780
   779    780    684
   779    684    683
   684    780    781
   684    781    782
   684    782    783
   684    783    687
   684    687    686
   684    686    685
   783    784    690
   783    690    689
   783    689    688
   783    688    687
   785    786    693
   785    693    692
   785    692    691
   785    691    690
   785    690    784
   787    788    694
   787    694    693
   787    693    786
   789    790    791
   789    791    696
   789    696    695
   789    695    694
   789    694    788
   791    792    793
   791    793    697
   791    697    696
   697    793    699
   697    699    698
   794    705    703
   794    703    702
   794    702    701
   795    706    705
   795    705    794
   795    794    796
   795    796    797
   798    708    707
   798    707    704
   798    704    706
   798    706    795
   711    598    597
   711    597    708
   711    708    798
   711    798    799
   800    801    712
   800    712    710
   800    710    709
   802    716    714
   802    714    713
   802    713    712
   802    712    801
   803    718    715
   803    715    716
   803    716    802
   803    802    804
   805    806    719
   805    719    717
   805    717    718
   805    718    803
   807    808    723
   807    723    721
   807    721    720
   807    720    719
   807    719    806
   809    810    811
   809    811    812
   809    812    808
   809    808    807
   728    724    723
   728    723    808
   728    808    812
   730    729    728
   730    728    812
   730    812    811
   730    811    813
   813    811    810
   813    810    814
   733    731    730
   733    730    813
   733    813    814
   733    814    815
   733    815    816
   733    816    817
   733    817    818
   819    820    735
   819    735    732
   819    732    733
   819    733    818
   819    818    821
   822    823    736
   822    736    734
   822    734    735
   822    735    820
   822    820    824
   825    826    827
   825    827    828
   825    828    823
   825    823    822
   740    737    736
   740    736    823
   740    823    828
   740    828    829
   740    829    743
   830    829    828
   830    828    827
   830    827    831
   744    743    829
   744    829    830
   746    745    744
   746    744    830
   746    830    831
   746    831    832
   746    832    833
   746    833    834
   749    747    746
   749    746    834
   749    834    835
   752    751    750
   752    750    748
   752    748    749
   752    749    835
   752    835    836
   752    836    837
   752    837    753
   753    837    838
   753    838    839
   753    839    840
   753    840    841
   753    841    755
   753    755    754
   756    755    841
   756    841    842
   756    842    759
   842    841    840
   842    840    843
   842    843    844
   842    844    845
   760    759    842
   760    842    845
   760    845    846
   760    846    762
   846    845    844
   846    844    847
   763    762    846
   763    846    847
   763    847    848
   763    848    849
   763    849    764
   765    764    849
   765    849    850
   765    850    851
   765    851    766
   766    851    852
   766    852    853
   766    853    854
   766    854    768
   766    768    767
   768    854    855
   768    855    856
   768    856    769
   769    856    776
   769    776    774
   769    774    771
   769    771    770
   855    857    858
   855    858    777
   855    777    776
   855    776    856
   859    860    861
   859    861    858
   859    858    857
   858    861    781
   858    781    780
   858    780    778
   858    778    777
   781    861    860
   781    860    862
   781    862    863
   781    863    782
   782    863    864
   782    864    865
   782    865    866
   782    866    785
   782    785    784
   782    784    783
   866    867    868
   866    868    869
   866    869    787
   866    787    786
   866    786    785
   869    870    789
   869    789    788
   869    788    787
   871    872    790
   871    790    789
   871    789    870
   873    792    791
   873    791    790
   873    790    872
   874    796    794
   874    794    701
   874    701    700
   874    700    699
   874    699    793
   874    793    792
   874    792    873
   875    797    796
   875    796    874
   876    799    798
   876    798    795
   876    795    797
   876    797    875
   877    878    800
   877    800    709
   877    709    711
   877    711    799
   877    799    876
   879    804    802
   879    802    801
   879    801    800
   879    800    878
   879    878    880
   881    882    805
   881    805    803
   881    803    804
   881    804    879
   883    884    809
   883    809    807
   883    807    806
   883    806    805
   883    805    882
   885    886    816
   885    816    815
   885    815    884
   885    884    883
   814    810    809
   814    809    884
   814    884    815
   817    816    886
   817    886    887
   821    818    817
   821    817    887
   821    887    888
   821    888    889
   890    891    819
   890    819    821
   890    821    889
   890    889    892
   890    892    893
   890    893    894
   890    894    895
   824    820    819
   824    819    891
   824    891    896
   824    896    897
   824    897    898
   899    900    825
   899    825    822
   899    822    824
   899    824    898
   899    898    901
   902    826    825
   902    825    900
   902    900    903
   902    903    904
   831    827    826
   831    826    902
   831    902    832
   833    832    902
   833    902    904
   833    904    905
   833    905    906
   835    834    833
   835    833    906
   835    906    907
   835    907    836
   838    837    836
   838    836    907
   838    907    908
   838    908    909
   910    839    838
   910    838    909
   910    909    911
   910    911    912
   910    912    913
   843    840    839
   843    839    910
   843    910    914
   915    914    910
   915    910    913
   915    913    916
   847    844    843
   847    843    914
   847    914    915
   847    915    848
   849    848    915
   849    915    916
   849    916    917
   849    917    918
   849    918    919
   849    919    850
   850    919    920
   850    920    921
   850    921    922
   850    922    923
   850    923    852
   850    852    851
   852    923    924
   852    924    925
   852    925    853
   853    925    859
   853    859    857
   853    857    855
   853    855    854
   924    926    927
   924    927    862
   924    862    860
   924    860    859
   924    859    925
   928    929    927
   928    927    926
   927    929    930
   927    930    931
   927    931    864
   927    864    863
   927    863    862
   864    931    932
   864    932    933
   864    933    934
   864    934    865
   865    934    935
   865    935    936
   865    936    867
   865    867    866
   936    937    938
   936    938    939
   936    939    868
   936    868    867
   868    939    940
   868    940    871
   868    871    870
   868    870    869
   940    941    877
   940    877    876
   940    876    875
   940    875    874
   940    874    873
   940    873    872
   940    872    871
   938    942    941
   938    941    940
   938    940    939
   943    880    878
   943    878    877
   943    877    941
   943    941    942
   944    945    881
   944    881    879
   944    879    880
   944    880    943
   944    943    946
   947    948    949
   947    949    950
   947    950    885
   947    885    883
   947    883    882
   947    882    881
   947    881    945
   951    950    949
   951    949    952
   887    886    885
   887    885    950
   887    950    951
   887    951    888
   889    888    951
   889    951    952
   889    952    953
   889    953    892
   892    953    954
   892    954    893
   955    896    891
   955    891    890
   901    898    897
   901    897    956
   957    903    900
   957    900    899
   957    899    958
   905    904    903
   905    903    957
   905    957    959
   905    959    960
   907    906    905
   907    905    960
   907    960    961
   907    961    908
   909    908    961
   909    961    962
   909    962    963
   909    963    911
   912    911    963
   912    963    964
   912    964    965
   912    965    966
   916    913    912
   916    912    966
   916    966    917
   917    966    965
   917    965    967
   917    967    968
   917    968    918
   918    968    969
   918    969    970
   918    970    920
   918    920    919
   921    971    972
   921    972    973
   921    973    922
   922    973    928
   922    928    926
   922    926    924
   922    924    923
   972    974    930
   972    930    929
   972    929    928
   972    928    973
   975    976    932
   975    932    931
   975    931    930
   975    930    974
   975    974    977
   932    976    978
   932    978    979
   932    979    980
   932    980    933
   933    980    981
   933    981    982
   933    982    983
   933    983    935
   933    935    934
   935    983    984
   935    984    937
   935    937    936
   984    946    943
   984    943    942
   984    942    938
   984    938    937
   982    985    944
   982    944    946
   982    946    984
   982    984    983
   986    987    988
   986    988    947
   986    947    945
   986    945    944
   986    944    985
   989    948    947
   989    947    988
   989    988    990
   991    954    953
   991    953    952
   991    952    949
   991    949    948
   991    948    989
   893    954    991
   893    991    992
   893    992    894
   895    894    992
   895    992    993
   956    897    896
   956    896    955
   956    955    994
   995    959    957
   995    957    958
   995    958    996
   961    960    959
   961    959    995
   961    995    997
   961    997    998
   961    998    962
   963    962    998
   963    998    999
   963    999    964
   965    964    999
   965    999   1000
   965   1000   1001
   965   1001    967
   967   1001    969
   967    969    968
   920    970   1002
   920   1002   1003
   920   1003    971
   920    971    921
  1003    977    974
  1003    974    972
  1003    972    971
  1004   1005    978
  1004    978    976
  1004    976    975
  1006   1007    979
  1006    979    978
  1006    978   1005
   979   1007   1008
   979   1008    981
   979    981    980
   981   1008   1009
   981   1009   1010
   981   1010    986
   981    986    985
   981    985    982
  1011    987    986
  1011    986   1010
  1011   1010   1012
  1013    990    988
  1013    988    987
  1013    987   1011
  1013   1011   1014
   993    992    991
   993    991    989
   993    989    990
   993    990   1013
  1015    994    955
  1015    955    890
  1015    890    895
  1015    895    993
  1015    993   1013
  1015   1013   1014
  1015   1014   1016
  1017    997    995
  1017    995    996
  1017    996   1015
  1017   1015   1016
  1017   1016   1018
  1017   1018   1019
   999    998    997
   999    997   1017
   999   1017   1000
   969   1001   1000
   969   1000   1017
   969   1017   1019
   969   1019   1020
   969   1020   1002
   969   1002    970
  1002   1020   1004
  1002   1004    975
  1002    975    977
  1002    977   1003
  1021   1009   1008
  1021   1008   1007
  1021   1007   1006
  1022   1012   1010
  1022   1010   1009
  1022   1009   1021
  1016   1014   1011
  1016   1011   1012
  1016   1012   1022
  1016   1022   1018
  1019   1018   1022
  1019   1022   1021
  1019   1021   1006
  1019   1006   1005
  1019   1005   1004
  1019   1004   1020
   996    958    899
   996    899    901
   996    901    956
   996    956    994
   996    994   1015
