562 1120
   -0.137991     0.180120     0.556919
   -0.109567     0.153633     0.564148
   -0.102675     0.151860     0.565289
    0.087132     0.004738     0.574801
    0.091278     0.020854     0.577469
    0.091278     0.039141     0.579876
    0.004555     0.087315     0.574801
    0.106767     0.036343     0.577469
    0.097727     0.038669     0.578965
    0.223717     0.081727     0.525340
    0.132248     0.048674     0.568898
    0.131216     0.047642     0.569502
    0.128189     0.036343     0.572695
    0.155510     0.023088     0.563653
    0.248006     0.023088     0.525340
   -0.064993     0.130374     0.568898
   -0.223412     0.294766     0.508250
   -0.314505     0.392068     0.452317
   -0.327532     0.386672     0.452317
   -0.212618     0.271757     0.519632
   -0.209121     0.266474     0.521987
   -0.193281     0.207360     0.538691
   -0.139123     0.181083     0.556615
   -0.376904     0.404513     0.428805
   -0.458568     0.207360     0.428805
   -0.568588     0.155747     0.374378
   -0.619520     0.108064     0.345100
   -0.616579     0.077545     0.341082
   -0.414240    -0.410944     0.341082
   -0.204698    -0.201401     0.463829
    0.030736    -0.138317     0.530354
    0.087132    -0.022080     0.568825
   -0.110109    -0.481703     0.363953
   -0.088885    -0.476224     0.369864
   -0.059356    -0.468045     0.378319
   -0.057219    -0.467010     0.379114
    0.014620    -0.390276     0.423224
    0.030736    -0.355920     0.440220
   -0.422572    -0.434002     0.330102
   -0.268574    -0.497790     0.330102
   -0.216423    -0.502816     0.336968
    0.173838    -0.045313     0.544325
    0.307461    -0.241297     0.440220
    0.272175    -0.143650     0.486721
    0.326070    -0.013534     0.486721
    0.790930     0.080842     0.154178
    0.787646     0.113660     0.149950
    0.778990     0.145963     0.149950
    0.761721     0.146917     0.163005
    0.647576     0.104069     0.259401
    0.618942     0.013977     0.299896
    0.767556     0.013977     0.185861
    0.777550     0.025499     0.175823
    0.784689     0.045494     0.166234
    0.246058     0.104069     0.505939
    0.536408    -0.013534     0.357570
    0.589953     0.318685     0.163005
    0.246058     0.428403     0.306793
    0.236399     0.437438     0.303702
    0.228026     0.438250     0.305333
   -0.184317     0.548737     0.305333
   -0.276063     0.557917     0.317152
   -0.306969     0.531109     0.344077
   -0.311400     0.527202     0.347986
   -0.331399     0.499730     0.373179
   -0.331399     0.442749     0.416901
   -0.332293     0.499490     0.373179
   -0.338772     0.493098     0.376751
   -0.361673     0.466195     0.392686
   -0.369805     0.454956     0.399638
   -0.376864     0.448354     0.401897
   -0.378625     0.446114     0.402824
   -0.379446     0.443707     0.404093
   -0.379446     0.407055     0.426598
   -0.411649     0.411504     0.404093
   -0.413069     0.407055     0.405953
   -0.424108     0.395252     0.402177
   -0.461450     0.349019     0.391007
   -0.581955     0.197804     0.355474
   -0.620254     0.151139     0.335681
   -0.634906     0.127703     0.329256
   -0.636915     0.124062     0.328464
   -0.641201     0.108064     0.328464
   -0.643455     0.106424     0.326397
   -0.656492     0.091394     0.313304
   -0.663355     0.080754     0.305850
   -0.682005     0.039975     0.283155
   -0.689036     0.020281     0.273710
   -0.692012     0.006590     0.268612
   -0.685469    -0.058796     0.260188
   -0.680310    -0.090905     0.257546
   -0.675648    -0.108302     0.257546
   -0.671471    -0.151387     0.249153
   -0.658532    -0.182625     0.249153
   -0.596650    -0.301088     0.257020
   -0.498374    -0.482124     0.271319
   -0.493874    -0.486935     0.272859
   -0.475505    -0.486935     0.284138
   -0.487860    -0.505786     0.264977
   -0.485993    -0.509629     0.263764
   -0.475505    -0.520116     0.263764
   -0.474612    -0.522736     0.262383
   -0.462480    -0.534084     0.258500
   -0.461602    -0.534560     0.258431
   -0.438557    -0.537575     0.262441
   -0.436343    -0.537825     0.262850
   -0.417884    -0.539138     0.266739
   -0.417777    -0.539139     0.266765
   -0.373825    -0.531243     0.282793
   -0.232017    -0.506206     0.331161
    0.060422    -0.454618     0.364436
    0.146386    -0.440803     0.357361
    0.161148    -0.436848     0.357361
    0.016876    -0.459596     0.369569
    0.051950    -0.455831     0.365246
    0.249758    -0.428257     0.340099
    0.263881    -0.426661     0.337488
    0.412338    -0.407239     0.311655
    0.412338    -0.346175     0.349150
    0.546325    -0.372523     0.250702
    0.568868    -0.362527     0.242998
    0.575613    -0.359249     0.240869
    0.588688    -0.346175     0.240869
    0.453075    -0.404480     0.288336
    0.465458    -0.400529     0.283158
    0.523861    -0.380789     0.259419
    0.636907    -0.329728     0.215444
    0.648137    -0.329107     0.206955
    0.682262    -0.316273     0.183408
    0.703268    -0.301073     0.170415
    0.755559    -0.105921     0.170415
    0.792413     0.088256     0.150323
    0.789156     0.117641     0.146950
    0.788993     0.118461     0.146950
    0.785212     0.149618     0.141747
    0.784457     0.149707     0.142580
    0.784457     0.193785     0.107309
    0.786093     0.151884     0.138878
    0.784258     0.199265     0.103083
    0.779942     0.215900     0.093225
    0.769758     0.242478     0.080107
    0.754074     0.258162     0.080107
    0.596115     0.318685     0.158075
    0.555139     0.346064     0.158075
    0.485229     0.378342     0.175361
    0.233035     0.465966     0.272229
    0.179712     0.505061     0.243970
    0.097875     0.540839     0.228192
   -0.118763     0.567132     0.264367
   -0.150047     0.573355     0.264367
   -0.242809     0.583637     0.275014
   -0.249756     0.579625     0.282043
   -0.261011     0.571203     0.295936
   -0.273277     0.561284     0.312042
   -0.275986     0.558692     0.316123
   -0.276063     0.558586     0.316280
   -0.312632     0.526299     0.348639
   -0.322732     0.513235     0.360438
   -0.375641     0.450233     0.400625
   -0.407996     0.416743     0.402824
   -0.411649     0.411815     0.403844
   -0.421010     0.399889     0.402177
   -0.644648     0.110677     0.323739
   -0.692853     0.003244     0.266648
   -0.686615    -0.053038     0.260188
   -0.673545    -0.146644     0.248238
   -0.492636    -0.498638     0.264977
   -0.482014    -0.520014     0.258638
   -0.479292    -0.522736     0.258638
   -0.478001    -0.524720     0.257294
   -0.465619    -0.532993     0.257294
   -0.417813    -0.539146     0.266747
    0.454215    -0.404436     0.287477
    0.583778    -0.356120     0.236838
    0.705351    -0.308681     0.161833
    0.709023    -0.306291     0.159347
    0.713301    -0.299890     0.159347
    0.758337    -0.115823     0.164227
    0.721228    -0.294376     0.151999
    0.739729    -0.269140     0.138625
    0.766351    -0.075534     0.164227
    0.793479     0.092249     0.146224
    0.789929     0.122027     0.143406
    0.789065     0.130257     0.141743
    0.779390     0.222895     0.086087
    0.784752     0.208658     0.090568
    0.779374     0.222939     0.086063
    0.771136     0.242114     0.078141
    0.771064     0.242448     0.077634
    0.770034     0.243936     0.076746
    0.755130     0.258840     0.076746
    0.753619     0.259886     0.077647
    0.751146     0.261852     0.077104
    0.397671     0.422955     0.175361
    0.091780     0.543816     0.224390
   -0.138283     0.575428     0.254862
   -0.228478     0.589714     0.254862
   -0.242809     0.584634     0.272607
   -0.243822     0.584473     0.272607
   -0.269436     0.565043     0.305593
   -0.312329     0.526821     0.347768
   -0.405444     0.420430     0.400625
   -0.626724     0.143761     0.329256
   -0.663611     0.080403     0.305447
   -0.682365     0.042016     0.281506
   -0.687018     0.033026     0.273710
   -0.694810    -0.002277     0.259812
   -0.686697    -0.053504     0.259812
   -0.674037    -0.145636     0.247609
   -0.492021    -0.506435     0.257020
   -0.486721    -0.518772     0.251923
   -0.486155    -0.521395     0.247936
   -0.476270    -0.531281     0.247936
   -0.475529    -0.532211     0.247182
   -0.473893    -0.535026     0.242486
   -0.473571    -0.535190     0.242486
   -0.436515    -0.537856     0.262711
   -0.421745    -0.540195     0.262711
   -0.098634    -0.479681     0.365246
    0.460245    -0.404753     0.279444
    0.720527    -0.303256     0.142937
    0.720702    -0.305372     0.138498
    0.721966    -0.304107     0.138498
    0.740572    -0.268906     0.136912
    0.725471    -0.302071     0.132652
    0.740740    -0.272104     0.132652
    0.766796    -0.078055     0.162190
    0.779593     0.002743     0.162190
    0.800771     0.092249     0.090833
    0.789065     0.181167     0.090833
    0.785161     0.208316     0.088331
    0.781177     0.222545     0.072301
    0.776576     0.233653     0.072301
    0.773489     0.240505     0.070211
    0.765439     0.254245     0.050414
    0.764849     0.253655     0.058695
    0.739386     0.287295    -0.053322
    0.718313     0.308368    -0.092268
    0.706805     0.317198    -0.092268
    0.652100     0.353614    -0.136440
    0.640435     0.359558    -0.136440
    0.606415     0.374886    -0.146815
    0.115243     0.578336    -0.146815
    0.071103     0.591771    -0.106130
    0.048753     0.598028    -0.080953
    0.050280     0.593275    -0.046381
   -0.228478     0.593275     0.232377
   -0.155115     0.624867    -0.080953
   -0.171556     0.624867    -0.064512
   -0.190852     0.621879    -0.022518
   -0.228568     0.609513     0.109131
   -0.228568     0.593415     0.231404
   -0.238717     0.604878     0.134183
   -0.242400     0.593415     0.217571
   -0.246586     0.588427     0.244882
   -0.253369     0.596293     0.155295
   -0.251792     0.587067     0.238194
   -0.318636     0.546212     0.155295
   -0.364144     0.500704     0.239402
   -0.363148     0.499709     0.253379
   -0.653686     0.123365     0.239402
   -0.652447     0.123153     0.250539
   -0.661698     0.109692     0.219700
   -0.696418     0.025870     0.219700
   -0.695005     0.026324     0.229984
   -0.695005    -0.002277     0.258585
   -0.705401    -0.006216     0.183554
   -0.701150    -0.006216     0.215847
   -0.701150    -0.122886     0.099178
   -0.722411    -0.116056    -0.055486
   -0.722411    -0.122086    -0.076447
   -0.716174    -0.162358    -0.164089
   -0.707502    -0.193335    -0.198985
   -0.651238    -0.329169    -0.198985
   -0.605543    -0.430588    -0.168058
   -0.587445    -0.461476    -0.123551
   -0.585785    -0.461192    -0.108634
   -0.497799    -0.531681     0.160622
   -0.487024    -0.554438     0.107507
   -0.487686    -0.550638     0.125413
   -0.513128    -0.558327    -0.123551
   -0.505514    -0.567338    -0.117991
   -0.499206    -0.573646    -0.106332
   -0.488097    -0.562538     0.049618
   -0.487140    -0.558110     0.084206
   -0.490118    -0.580619    -0.106332
   -0.487792    -0.567009     0.015962
   -0.482495    -0.585086    -0.117316
   -0.481906    -0.585330    -0.117316
   -0.433228    -0.558110     0.138118
   -0.463137    -0.590585    -0.138460
   -0.461104    -0.590877    -0.138647
   -0.433228    -0.594547    -0.138647
   -0.389148    -0.594547    -0.182728
   -0.380520    -0.593829    -0.185900
    0.025628    -0.540358    -0.185900
    0.263151    -0.506206    -0.164008
    0.310121    -0.498766    -0.164008
    0.405794    -0.469646    -0.075825
    0.721425    -0.336682    -0.057151
    0.719807    -0.327218     0.027884
    0.679374    -0.356326    -0.075825
    0.716275    -0.339700    -0.064572
    0.729411    -0.315230     0.064570
    0.736242    -0.311587     0.051884
    0.745150    -0.318478    -0.057151
    0.737960    -0.311287     0.043786
    0.742076    -0.307990     0.031191
    0.753658    -0.309970    -0.072875
    0.749795    -0.278433     0.069154
    0.779593    -0.253429    -0.093982
    0.758281    -0.304105    -0.091284
    0.766111    -0.290741    -0.110540
    0.777560    -0.263100    -0.110540
    0.780603    -0.253105    -0.101327
    0.781432    -0.247335    -0.101859
    0.800771    -0.100443    -0.101859
    0.788110    -0.100443    -0.198030
    0.787199    -0.097031    -0.201533
    0.785992    -0.090995    -0.204671
    0.777622    -0.043588    -0.220841
    0.777622     0.223687     0.046434
    0.772883    -0.021789    -0.228959
    0.762110     0.046232    -0.228959
    0.747366     0.153531    -0.214747
    0.736156     0.239218    -0.199837
    0.736444     0.244688    -0.192549
    0.745254     0.250846    -0.130766
    0.735892     0.286698    -0.084719
    0.709866     0.296850    -0.192549
    0.716217     0.302460    -0.144927
    0.714891     0.304946    -0.140311
    0.708661     0.297550    -0.194560
    0.695547     0.307996    -0.205184
    0.689827     0.313002    -0.208029
    0.678431     0.324397    -0.208029
    0.671866     0.328942    -0.211944
    0.542428     0.384330    -0.266569
    0.513176     0.399235    -0.266569
    0.667254     0.329936    -0.218955
    0.636335     0.342914    -0.233312
    0.619992     0.349935    -0.240063
    0.133806     0.556213    -0.267929
    0.508857     0.400862    -0.267929
   -0.005239     0.574404    -0.292123
   -0.015930     0.575839    -0.293751
   -0.026696     0.577318    -0.295177
   -0.118860     0.590519    -0.303998
   -0.126765     0.591771    -0.303998
   -0.148612     0.594375    -0.306064
   -0.155115     0.604520    -0.235510
   -0.178092     0.604520    -0.212533
   -0.163884     0.590859    -0.312994
   -0.170718     0.589776    -0.312994
   -0.179691     0.602614    -0.222965
   -0.150047     0.593866    -0.307841
   -0.187222     0.600647    -0.213292
   -0.182735     0.581517    -0.324038
   -0.182871     0.581434    -0.324111
   -0.190583     0.577504    -0.324111
   -0.198544     0.586516    -0.256538
   -0.171606     0.589050    -0.314406
   -0.175724     0.586039    -0.319126
   -0.303138     0.530714    -0.062272
   -0.381694     0.355568    -0.446840
   -0.413602     0.323660    -0.446840
   -0.193763     0.572031    -0.333242
   -0.209074     0.552810    -0.348813
   -0.293230     0.453946    -0.407371
   -0.306149     0.439183    -0.414713
   -0.451777     0.268857    -0.477633
   -0.476957     0.237183    -0.470678
   -0.486052     0.226812    -0.461648
   -0.637423     0.105542     0.001582
   -0.448182     0.273708    -0.476629
   -0.668711    -0.083243    -0.334035
   -0.684223    -0.104458    -0.309718
   -0.687551    -0.108530    -0.303242
   -0.692436    -0.105116    -0.268983
   -0.544882     0.111353    -0.461648
   -0.550141     0.102250    -0.458435
   -0.571504     0.067467    -0.439611
   -0.706613    -0.117011    -0.191371
   -0.706613    -0.162358    -0.236718
   -0.690704    -0.128441    -0.303242
   -0.696876    -0.153000    -0.288832
   -0.700727    -0.163862    -0.275383
   -0.704267    -0.163862    -0.253034
   -0.704267    -0.194374    -0.222522
   -0.698902    -0.175387    -0.275383
   -0.697455    -0.185915    -0.273988
   -0.697029    -0.196819    -0.265773
   -0.697212    -0.200294    -0.261144
   -0.656283    -0.309852    -0.223795
   -0.679309    -0.247819    -0.246184
   -0.660491    -0.298414    -0.228234
   -0.643804    -0.337992    -0.214178
   -0.618005    -0.398041    -0.189372
   -0.603736    -0.432035    -0.173588
   -0.523519    -0.540253    -0.151182
   -0.520258    -0.544963    -0.148373
   -0.489177    -0.576044    -0.148373
   -0.489163    -0.576062    -0.148359
   -0.486184    -0.578430    -0.147705
   -0.482206    -0.583395    -0.132512
   -0.475378    -0.583073    -0.152169
   -0.466902    -0.587391    -0.152169
   -0.465315    -0.587989    -0.152669
   -0.459343    -0.587675    -0.160624
   -0.441041    -0.588390    -0.174414
   -0.422516    -0.590877    -0.177235
   -0.396992    -0.593623    -0.181898
   -0.018973    -0.540358    -0.230501
   -0.375460    -0.592816    -0.188531
   -0.195516    -0.561046    -0.249907
   -0.192074    -0.560635    -0.249581
   -0.091584    -0.548806    -0.238948
    0.205457    -0.508214    -0.209023
    0.210113    -0.507574    -0.208406
    0.314489    -0.493560    -0.192510
    0.338327    -0.483138    -0.197106
    0.557322    -0.392428    -0.197106
    0.593914    -0.378644    -0.185587
    0.611018    -0.369929    -0.185587
    0.641906    -0.355668    -0.177950
    0.677034    -0.340090    -0.165945
    0.736394    -0.314587    -0.141424
    0.736974    -0.314126    -0.141551
    0.738622    -0.312904    -0.141210
    0.743547    -0.309495    -0.138273
    0.756670    -0.302494    -0.113899
    0.760411    -0.292631    -0.138273
    0.760864    -0.292270    -0.137906
    0.761721    -0.293027    -0.131482
    0.764844    -0.290524    -0.121923
    0.765973    -0.280379    -0.142819
    0.769093    -0.274255    -0.142819
    0.771324    -0.268333    -0.144683
    0.770880    -0.259892    -0.155928
    0.771271    -0.249870    -0.163479
    0.773377    -0.218778    -0.181277
    0.775690    -0.201091    -0.184354
    0.781432    -0.159304    -0.189889
    0.783945    -0.135386    -0.194724
    0.767736    -0.007371    -0.235873
    0.761916     0.045133    -0.229847
    0.760937     0.050053    -0.229847
    0.756587     0.077123    -0.227619
    0.748080     0.147221    -0.215914
    0.709371     0.288560    -0.203734
    0.704526     0.294558    -0.205184
    0.667577     0.329612    -0.218955
    0.683304     0.317246    -0.212444
    0.627385     0.346343    -0.237729
    0.534166     0.387123    -0.269928
   -0.022306     0.576613    -0.294816
   -0.169827     0.588737    -0.315844
   -0.192556     0.572882    -0.332683
   -0.193711     0.572035    -0.333295
   -0.184454     0.580026    -0.325535
   -0.202733     0.559066    -0.345316
   -0.438272     0.283618    -0.476629
   -0.464136     0.242036    -0.487267
   -0.478240     0.220927    -0.487267
   -0.454291     0.262297    -0.480872
   -0.528614     0.133541    -0.473407
   -0.480825     0.213489    -0.490124
   -0.495288     0.186846    -0.488020
   -0.682607    -0.113625    -0.317126
   -0.684098    -0.117002    -0.314816
   -0.683253    -0.115435    -0.316258
   -0.696135    -0.159693    -0.288064
   -0.696866    -0.184402    -0.275904
   -0.696111    -0.159812    -0.288064
   -0.695002    -0.168947    -0.286538
   -0.630604    -0.365158    -0.205603
   -0.489696    -0.574075    -0.151182
   -0.480237    -0.577699    -0.155851
   -0.471769    -0.583357    -0.155851
   -0.195399    -0.561004    -0.249963
    0.207356    -0.507909    -0.208866
    0.576986    -0.381753    -0.198659
    0.706215    -0.325911    -0.156734
    0.758352    -0.293174    -0.141210
    0.766124    -0.272890    -0.151222
    0.766623    -0.272144    -0.151222
    0.778053    -0.180194    -0.188219
    0.783676    -0.133862    -0.195956
    0.784347    -0.122761    -0.198579
    0.766546    -0.005999    -0.237068
    0.753905     0.087133    -0.227619
    0.631971     0.341757    -0.237729
   -0.019062     0.575744    -0.294816
   -0.202585     0.559105    -0.345316
   -0.299228     0.445656    -0.412499
   -0.441017     0.275571    -0.480872
   -0.469319     0.225789    -0.494060
   -0.547989     0.094578    -0.463229
   -0.536889     0.102658    -0.473407
   -0.677082    -0.138465    -0.316258
   -0.442021    -0.577290    -0.186760
   -0.442301    -0.577699    -0.186208
   -0.443399    -0.552363    -0.205603
   -0.389212    -0.591440    -0.186760
   -0.193040    -0.558957    -0.252018
    0.277957    -0.488991    -0.208866
    0.585704    -0.373599    -0.201449
    0.766124    -0.266002    -0.156734
    0.783807    -0.120836    -0.199782
    0.783869    -0.112211    -0.201938
    0.726776     0.001779    -0.265985
    0.750111    -0.005999    -0.249679
    0.722217     0.001779    -0.268784
    0.581394     0.341757    -0.268784
    0.534166     0.363085    -0.284687
    0.394053     0.312453    -0.351411
   -0.144972     0.535725    -0.351411
   -0.202585     0.541277    -0.358996
   -0.293739     0.443911    -0.414966
   -0.359412     0.303920    -0.484220
   -0.441017     0.270119    -0.484220
   -0.461035     0.225789    -0.499147
   -0.473636     0.118724    -0.518640
   -0.434359     0.151967    -0.534302
   -0.448129     0.118724    -0.534302
   -0.521834     0.102658    -0.484960
   -0.587822    -0.104958    -0.391639
   -0.416991    -0.104958    -0.496531
   -0.389040     0.091004    -0.563533
   -0.385429     0.088044    -0.564998
   -0.344011    -0.011949    -0.564998
   -0.355343    -0.043310    -0.550063
   -0.416991    -0.482016    -0.265012
   -0.171476    -0.346145    -0.410882
   -0.193040    -0.410836    -0.365676
   -0.233849    -0.093634    -0.550063
   -0.171476    -0.226591    -0.484289
    0.149386    -0.093686    -0.484289
    0.202935    -0.089376    -0.473316
    0.585704    -0.227693    -0.291037
    0.605445    -0.218778    -0.284389
    0.690673    -0.013019    -0.284389
    0.222338    -0.013019    -0.478380
    0.278617     0.197018    -0.419032
    0.187061    -0.030135    -0.490056
   -0.087791    -0.030135    -0.551306
   -0.200526    -0.021061    -0.574407
   -0.229908    -0.013502    -0.579270
   -0.288475     0.045066    -0.579270
   -0.324256     0.050121    -0.583315
   -0.344175     0.071496    -0.577879
   -0.359412     0.102901    -0.567485
   -0.394766     0.112374    -0.557495
   -0.346510     0.069161    -0.577879
   -0.324256     0.048424    -0.583539
   -0.317167     0.035662    -0.584285
   -0.317140     0.035471    -0.584264
   -0.324661     0.007400    -0.576332
   -0.296591     0.014922    -0.584264
   -0.296400     0.014895    -0.584285
   -0.245280    -0.013502    -0.581294
   -0.233849    -0.025769    -0.578174
     1      2      3
     4      5      6
     4      6      7
     6      5      8
     6      8      9
    10     11     12
    10     12     13
    10     13     14
    10     14     15
    12      9      8
    12      8     13
    16      7      6
    16      6      9
    16      9     12
    16     12     11
    17     18     19
    17     19     20
    21     22     23
    20     19     24
    20     24     25
    20     25     22
    20     22     21
    23     22     25
    23     25     26
    23     26     27
    23     27     28
    23     28     29
    23     29     30
    23     30      2
    23      2      1
     3      2     30
     3     30     31
     3     31     32
     3     32      4
     3      4      7
     3      7     16
    33     34     35
    33     35     36
    33     36     37
    33     37     38
    33     38     31
    33     31     30
    33     30     29
    33     29     39
    33     39     40
    33     40     41
    42     32     31
    42     31     38
    42     38     43
    42     43     44
    13      8      5
    13      5      4
    13      4     32
    13     32     42
    13     42     14
    15     14     42
    15     42     44
    15     44     45
    46     47     48
    46     48     49
    46     49     50
    46     50     51
    46     51     52
    46     52     53
    46     53     54
    50     55     10
    50     10     15
    50     15     45
    50     45     56
    50     56     51
    49     57     58
    49     58     55
    49     55     50
    58     59     60
    58     60     17
    58     17     20
    58     20     21
    58     21     23
    58     23      1
    58      1      3
    58      3     16
    58     16     11
    58     11     10
    58     10     55
    60     61     62
    60     62     63
    60     63     64
    60     64     65
    60     65     66
    60     66     18
    60     18     17
    65     67     68
    65     68     69
    65     69     70
    65     70     66
    66     70     71
    66     71     72
    66     72     73
    66     73     74
    66     74     24
    66     24     19
    66     19     18
    73     75     76
    73     76     74
    24     74     76
    24     76     77
    24     77     78
    24     78     79
    24     79     26
    24     26     25
    26     79     80
    26     80     81
    26     81     82
    26     82     83
    26     83     27
    27     83     84
    27     84     85
    27     85     86
    27     86     87
    27     87     88
    27     88     89
    27     89     90
    27     90     91
    27     91     92
    27     92     28
    28     92     93
    28     93     94
    28     94     95
    28     95     96
    28     96     97
    28     97     98
    28     98     39
    28     39     29
    97     99    100
    97    100    101
    97    101     98
    39     98    101
    39    101    102
    39    102    103
    39    103    104
    39    104    105
    39    105    106
    39    106    107
    39    107    108
    39    108    109
    39    109     40
    41     40    109
    41    109    110
   111    112    113
   111    113     37
   111     37     36
   111     36    114
   111    114    115
    43     38     37
    43     37    113
    43    113    116
    43    116    117
    43    117    118
    43    118    119
   120    121    122
   120    122    123
   120    123    119
   120    119    118
   120    118    124
   120    124    125
   120    125    126
    45     44     43
    45     43    119
    45    119    123
    45    123    127
    45    127     56
    51     56    127
    51    127    128
    51    128    129
    51    129    130
    51    130    131
    51    131     52
   132    133    134
   132    134     47
   132     47     46
   134    135    136
   134    136     48
   134     48     47
   137    136    135
   137    135    138
    48    136    137
    48    137    139
    48    139    140
    48    140    141
    48    141    142
    48    142    143
    48    143     57
    48     57     49
   143    144    145
   143    145    146
   143    146     59
   143     59     58
   143     58     57
   146    147    148
   146    148    149
   146    149     61
   146     61     60
   146     60     59
   149    150    151
   149    151    152
   149    152    153
   149    153    154
   149    154    155
   149    155    156
   149    156     62
   149     62     61
    62    156     63
    64    157    158
    64    158     67
    64     67     65
    69    159     71
    69     71     70
    72    160    161
    72    161     75
    72     75     73
    76     75    161
    76    161    162
    76    162     77
    82    163     84
    82     84     83
    84    163     85
    89    164    165
    89    165     90
    91    166     93
    91     93     92
    96    167     99
    96     99     97
   101    100    168
   101    168    169
   101    169    102
   102    169    170
   102    170    171
   102    171    103
   108    107    172
    36     35    114
   113    112    116
   124    173    125
   127    123    122
   127    122    174
   127    174    128
   129    175    176
   129    176    177
   129    177    130
   178    131    130
   178    130    177
   178    177    179
   178    179    180
    52    131    178
    52    178    181
    52    181     53
   182    183    133
   182    133    132
   184    138    135
   184    135    134
   184    134    133
   184    133    183
   185    140    139
   185    139    186
   187    188    141
   187    141    140
   187    140    185
   141    188    189
   141    189    190
   141    190    191
   141    191    192
   141    192    142
   142    192    193
   142    193    144
   142    144    143
   145    194    147
   145    147    146
   148    195    196
   148    196    150
   148    150    149
   196    197    198
   196    198    151
   196    151    150
   151    198    199
   151    199    152
   153    200    154
    63    156    155
    63    155    201
    63    201    157
    63    157     64
   158     68     67
    71    159    202
    71    202    160
    71    160     72
    77    162     78
    80    203     81
    86    204    205
    86    205     87
    87    205    206
    87    206     88
   207    208    165
   207    165    164
    90    165    208
    90    208    209
    90    209    166
    90    166     91
    95    210    167
    95    167     96
   211    168    100
   211    100     99
   211     99    167
   211    167    210
   212    213    170
   212    170    169
   212    169    168
   212    168    211
   170    213    214
   170    214    171
   103    171    214
   103    214    215
   103    215    216
   103    216    104
   105    217    106
   172    107    106
   172    106    217
   172    217    218
   115    114     35
   115     35     34
   115     34    219
   117    116    112
   117    112    111
   126    125    173
   126    173    220
   122    121    174
   221    176    175
   221    175    222
   221    222    223
   179    177    176
   179    176    221
   224    180    179
   224    179    221
   224    221    223
   224    223    225
   224    225    226
   227    181    178
   227    178    180
   227    180    224
    54     53    181
    54    181    227
    54    227    228
   229    230    184
   229    184    183
   229    183    182
   231    186    139
   231    139    137
   231    137    138
   231    138    184
   231    184    230
   232    233    187
   232    187    185
   232    185    186
   232    186    231
   234    189    188
   234    188    187
   234    187    233
   235    236    190
   235    190    189
   235    189    234
   191    190    236
   237    238    239
   237    239    193
   237    193    192
   237    192    191
   237    191    236
   237    236    235
   239    240    241
   239    241    194
   239    194    145
   239    145    144
   239    144    193
   241    242    243
   241    243    244
   241    244    245
   241    245    246
   241    246    195
   241    195    148
   241    148    147
   241    147    194
   246    247    197
   246    197    196
   246    196    195
   245    248    249
   245    249    250
   245    250    251
   245    251    252
   245    252    247
   245    247    246
   251    253    254
   251    254    252
   252    254    255
   252    255    199
   252    199    198
   252    198    197
   252    197    247
   255    254    253
   255    253    256
   255    256    257
   152    199    255
   152    255    257
   152    257    200
   152    200    153
   154    200    257
   154    257    256
   154    256    258
   154    258    259
   154    259    260
   154    260    201
   154    201    155
   201    260    202
   201    202    159
   201    159     69
   201     69     68
   201     68    158
   201    158    157
    78    162    161
    78    161    160
    78    160    202
    78    202    260
    78    260    259
    78    259    261
    78    261    262
    78    262    203
    78    203     80
    78     80     79
    81    203    262
    81    262    204
    81    204     86
    81     86     85
    81     85    163
    81    163     82
   261    263    264
   261    264    265
   261    265    206
   261    206    205
   261    205    204
   261    204    262
    88    206    265
    88    265    266
    88    266    207
    88    207    164
    88    164     89
   265    264    267
   265    267    268
   265    268    266
   269    268    267
   269    267    270
   266    268    269
   266    269    209
   266    209    208
   266    208    207
    93    166    209
    93    209    269
    93    269    270
    93    270    271
    93    271    272
    93    272    273
    93    273    274
    93    274    275
    93    275    276
    93    276    277
    93    277     94
    94    277    278
    94    278    212
    94    212    211
    94    211    210
    94    210     95
   279    280    278
   279    278    277
   279    277    276
   279    276    281
   279    281    282
   279    282    283
   279    283    284
   279    284    285
   278    280    215
   278    215    214
   278    214    213
   278    213    212
   284    283    286
   284    286    287
   216    215    280
   216    280    279
   287    286    288
   287    288    289
   218    217    105
   218    105    104
   218    104    216
   218    216    279
   218    279    285
   218    285    290
   290    285    284
   290    284    287
   290    287    289
   290    289    291
   290    291    292
   290    292    293
   110    109    108
   110    108    172
   110    172    218
   110    218    290
   110    290    293
   110    293    294
   110    294    295
   110    295    296
   110    296    297
   220    173    124
   220    124    118
   220    118    117
   220    117    111
   220    111    115
   220    115    219
   220    219     33
   220     33     41
   220     41    110
   220    110    297
   220    297    298
   220    298    299
   300    301    120
   300    120    126
   300    126    220
   300    220    299
   300    299    302
   300    302    303
   128    174    121
   128    121    120
   128    120    301
   128    301    304
   128    304    222
   128    222    175
   128    175    129
   305    304    301
   305    301    300
   305    300    306
   305    306    307
   223    222    304
   223    304    305
   223    305    225
   308    307    306
   308    306    309
   226    225    305
   226    305    307
   226    307    308
   226    308    310
   311    310    308
   311    308    309
   311    309    312
   311    312    313
   311    313    314
   311    314    315
   228    227    224
   228    224    226
   228    226    310
   228    310    311
   311    315    316
   311    316    317
   311    317    229
   311    229    182
   311    182    132
   311    132     46
   311     46     54
   311     54    228
   317    318    319
   317    319    320
   317    320    321
   317    321    322
   317    322    232
   317    232    231
   317    231    230
   317    230    229
   321    323    324
   321    324    325
   321    325    326
   321    326    327
   321    327    328
   321    328    322
   322    328    329
   322    329    237
   322    237    235
   322    235    234
   322    234    233
   322    233    232
   327    330    331
   327    331    329
   327    329    328
   329    331    332
   329    332    238
   329    238    237
   333    334    335
   333    335    336
   333    336    332
   333    332    331
   333    331    330
   332    336    337
   332    337    240
   332    240    239
   332    239    238
   338    339    242
   338    242    241
   338    241    240
   338    240    337
   338    337    340
   338    340    341
   338    341    342
   343    243    242
   343    242    339
   343    339    344
   345    346    347
   345    347    348
   345    348    349
   345    349    244
   345    244    243
   345    243    343
   349    350    351
   349    351    248
   349    248    245
   349    245    244
   352    249    248
   352    248    351
   353    354    355
   353    355    352
   353    352    351
   353    351    350
   353    350    356
   357    250    249
   357    249    352
   357    352    355
   358    359    360
   358    360    361
   358    361    357
   358    357    355
   358    355    354
   358    354    362
   358    362    363
   364    258    256
   364    256    253
   364    253    251
   364    251    250
   364    250    357
   364    357    361
   365    366    364
   365    364    361
   365    361    360
   365    360    367
   365    367    368
   365    368    369
   365    369    370
   371    372    373
   371    373    374
   371    374    263
   371    263    261
   371    261    259
   371    259    258
   371    258    364
   371    364    366
   371    366    375
   376    377    378
   376    378    379
   376    379    374
   376    374    373
   376    373    380
   376    380    381
   376    381    382
   270    267    264
   270    264    263
   270    263    374
   270    374    379
   270    379    383
   270    383    271
   384    383    379
   384    379    378
   384    378    385
   384    385    386
   384    386    387
   384    387    388
   271    383    384
   271    384    272
   273    272    384
   273    384    388
   273    388    389
   389    388    387
   389    387    390
   389    390    391
   389    391    392
   389    392    393
   394    274    273
   394    273    389
   394    389    393
   394    393    395
   394    395    396
   397    398    399
   397    399    275
   397    275    274
   397    274    394
   400    401    281
   400    281    276
   400    276    275
   400    275    399
   281    401    402
   281    402    403
   281    403    282
   282    403    404
   282    404    405
   282    405    288
   282    288    286
   282    286    283
   405    404    406
   405    406    407
   289    288    405
   289    405    407
   289    407    408
   289    408    291
   291    408    409
   291    409    410
   291    410    411
   291    411    292
   293    292    411
   293    411    412
   293    412    294
   413    296    295
   413    295    414
   413    414    415
   413    415    416
   413    416    417
   297    296    413
   297    413    418
   297    418    419
   297    419    420
   297    420    298
   299    298    420
   299    420    421
   299    421    422
   299    422    423
   299    423    302
   303    302    423
   303    423    424
   303    424    425
   303    425    426
   303    426    427
   309    306    300
   309    300    303
   309    303    427
   309    427    428
   309    428    429
   309    429    430
   309    430    431
   309    431    312
   430    432    433
   430    433    434
   430    434    431
   312    431    434
   312    434    435
   312    435    313
   434    433    436
   434    436    437
   434    437    435
   313    435    437
   313    437    438
   313    438    314
   315    314    438
   315    438    439
   315    439    440
   315    440    441
   315    441    442
   315    442    443
   315    443    316
   316    443    444
   316    444    318
   316    318    317
   445    446    324
   445    324    323
   324    446    447
   324    447    448
   324    448    449
   324    449    325
   326    450    333
   326    333    330
   326    330    327
   451    334    333
   451    333    450
   452    340    337
   452    337    336
   452    336    335
   452    335    453
   342    341    454
   344    339    338
   344    338    455
   347    346    456
   356    350    349
   356    349    348
   457    362    354
   457    354    353
   363    362    457
   458    459    367
   458    367    360
   458    360    359
   458    359    460
   368    367    459
   368    459    461
   462    375    366
   462    366    365
   463    464    372
   463    372    371
   463    371    465
   466    380    373
   466    373    372
   466    372    464
   466    464    467
   466    467    468
   469    377    376
   470    385    378
   470    378    377
   470    377    469
   470    469    471
   390    387    386
   390    386    472
   473    391    390
   473    390    472
   473    472    474
   473    474    475
   393    392    395
   476    398    397
   477    402    401
   477    401    400
   478    479    406
   478    406    404
   478    404    403
   478    403    402
   478    402    477
   407    406    479
   407    479    409
   407    409    408
   415    480    416
   419    418    481
   423    422    482
   423    482    424
   427    426    483
   427    483    428
   429    484    432
   429    432    430
   436    433    432
   436    432    484
   436    484    485
   436    485    486
   438    437    436
   438    436    486
   438    486    439
   442    487    488
   442    488    444
   442    444    443
   444    488    489
   444    489    319
   444    319    318
   490    447    446
   490    446    445
   449    448    491
   453    335    334
   453    334    451
   492    454    341
   492    341    340
   492    340    452
   493    456    346
   493    346    345
   460    359    358
   461    459    458
   461    458    494
   370    369    495
   496    465    371
   496    371    375
   496    375    462
   467    464    463
   467    463    497
   498    381    380
   498    380    466
   498    466    499
   382    381    498
   472    386    385
   472    385    470
   472    470    474
   475    474    470
   475    470    471
   475    471    500
   396    395    392
   396    392    391
   396    391    473
   501    502    478
   501    478    477
   501    477    400
   501    400    399
   501    399    398
   501    398    476
   501    476    503
   410    409    479
   410    479    478
   410    478    502
   504    412    411
   504    411    410
   504    410    502
   504    502    501
   294    412    504
   294    504    414
   294    414    295
   417    416    480
   417    480    505
   421    420    419
   421    419    481
   421    481    506
   425    424    482
   425    482    507
   428    483    508
   428    508    485
   428    485    484
   428    484    429
   439    486    485
   439    485    508
   439    508    440
   509    489    488
   509    488    487
   319    489    509
   319    509    510
   319    510    320
   511    491    448
   511    448    447
   511    447    490
   511    490    512
   513    514    492
   513    492    452
   513    452    453
   513    453    451
   513    451    450
   513    450    326
   513    326    325
   513    325    449
   513    449    491
   513    491    511
   515    455    338
   515    338    342
   515    342    454
   515    454    492
   515    492    514
   516    517    493
   516    493    345
   516    345    343
   516    343    344
   516    344    455
   516    455    515
   518    494    458
   518    458    460
   518    460    358
   518    358    363
   518    363    457
   518    457    353
   518    353    356
   518    356    348
   518    348    347
   518    347    456
   518    456    493
   518    493    517
   519    495    369
   519    369    368
   519    368    461
   519    461    494
   519    494    518
   520    521    496
   520    496    462
   520    462    365
   520    365    370
   520    370    495
   520    495    519
   522    497    463
   522    463    465
   522    465    496
   522    496    521
   523    468    467
   523    467    497
   523    497    522
   523    522    524
   523    524    525
   526    499    466
   526    466    468
   526    468    523
   500    471    469
   500    469    376
   500    376    382
   500    382    498
   500    498    499
   500    499    526
   500    526    527
   528    527    526
   528    526    523
   528    523    525
   528    525    529
   528    529    530
   528    530    531
   528    531    532
   533    503    476
   533    476    397
   533    397    394
   533    394    396
   533    396    473
   533    473    475
   533    475    500
   533    500    527
   533    527    528
   534    535    533
   534    533    528
   534    528    532
   534    532    536
   534    536    537
   505    480    415
   505    415    414
   505    414    504
   505    504    501
   505    501    503
   505    503    533
   505    533    535
   506    481    418
   506    418    413
   506    413    417
   506    417    505
   506    505    535
   506    535    534
   507    482    422
   507    422    421
   507    421    506
   507    506    534
   507    534    537
   507    537    538
   507    538    539
   507    539    540
   440    508    483
   440    483    426
   440    426    425
   440    425    507
   440    507    540
   440    540    541
   440    541    441
   441    541    542
   441    542    513
   441    513    511
   441    511    512
   441    512    510
   441    510    509
   441    509    487
   441    487    442
   320    510    512
   320    512    490
   320    490    445
   320    445    323
   320    323    321
   542    543    544
   542    544    516
   542    516    515
   542    515    514
   542    514    513
   545    546    547
   545    547    548
   545    548    549
   545    549    544
   545    544    543
   544    549    550
   544    550    551
   544    551    552
   544    552    520
   544    520    519
   544    519    518
   544    518    517
   544    517    516
   552    553    524
   552    524    522
   552    522    521
   552    521    520
   551    554    530
   551    530    529
   551    529    553
   551    553    552
   525    524    553
   525    553    529
   530    554    555
   530    555    556
   530    556    557
   530    557    558
   530    558    531
   558    557    559
   532    531    558
   532    558    559
   532    559    560
   532    560    561
   532    561    562
   532    562    536
   537    536    562
   537    562    547
   537    547    546
   537    546    538
   538    546    545
   538    545    539
   540    539    545
   540    545    543
   540    543    542
   540    542    541
   548    561    560
   548    560    556
   548    556    555
   548    555    550
   548    550    549
   550    555    554
   550    554    551
   559    557    556
   559    556    560
   562    561    548
   562    548    547
   219     34     33
