564 1124
   -0.006628     0.262325     0.708747
   -0.021831     0.264473     0.710466
   -0.023997     0.263323     0.710902
   -0.025517     0.262107     0.711262
   -0.027184     0.260319     0.711717
   -0.008937     0.260319     0.709315
   -0.005504     0.261202     0.708747
   -0.044830     0.250516     0.712750
   -0.046674     0.250256     0.712541
   -0.072144     0.224785     0.712541
   -0.070561     0.224785     0.712750
   -0.074188     0.224259     0.712203
   -0.079237     0.220993     0.711108
   -0.070561     0.212317     0.711108
   -0.070047     0.210319     0.710778
   -0.064688     0.204568     0.709315
    0.150637     0.272016     0.649525
    0.148749     0.276575     0.649525
    0.108263     0.272016     0.667077
    0.018023     0.263493     0.702993
    0.002418     0.264749     0.706191
    0.013300     0.261202     0.704556
    0.000971     0.265348     0.706191
   -0.019192     0.267291     0.708845
   -0.046609     0.253371     0.711262
   -0.047871     0.250577     0.712203
   -0.143064     0.190754     0.690146
   -0.120231     0.201832     0.697703
   -0.161705     0.183103     0.683737
   -0.161740     0.183018     0.683737
   -0.170551     0.177187     0.679810
   -0.180549     0.172497     0.674864
   -0.195188     0.158791     0.666449
   -0.193360     0.154378     0.666449
   -0.220518     0.079224     0.630659
    0.044684    -0.030627     0.630659
    0.044684    -0.020857     0.634706
    0.092296    -0.033615     0.621252
    0.158669    -0.273605     0.510458
    0.228563    -0.348261     0.467542
    0.127632    -0.068951     0.600553
    0.205305     0.228092     0.619344
    0.166173     0.264727     0.641839
    0.026506     0.265219     0.699775
    0.191549     0.085360     0.600553
    0.247791     0.228092     0.586744
    0.226415     0.307871     0.586744
    0.223076     0.308055     0.589268
    0.207794     0.302319     0.602173
    0.172582     0.284891     0.632776
    0.221031     0.310100     0.589268
    0.006628     0.267147     0.703648
    0.003061     0.268102     0.703648
   -0.019192     0.270329     0.706514
   -0.055682     0.301980     0.674725
   -0.056034     0.295617     0.679535
   -0.046609     0.270510     0.700738
   -0.168548     0.183103     0.679535
   -0.182416     0.178373     0.672223
   -0.207866     0.170009     0.654415
   -0.212410     0.153051     0.654415
   -0.197456     0.177542     0.660854
   -0.255928     0.043814     0.599911
   -0.224949     0.141282     0.643722
   -0.296623     0.089106     0.577998
   -0.277295     0.016975     0.577998
   -0.349651    -0.435168     0.281973
   -0.349651    -0.190387     0.432272
   -0.470218    -0.395468     0.232319
   -0.452549    -0.450847     0.209164
   -0.397540    -0.505856     0.209164
   -0.370139    -0.489747     0.235880
   -0.130914    -0.553847     0.235880
    0.081282    -0.575080     0.263216
    0.138177    -0.562713     0.284404
    0.276799    -0.513221     0.350881
    0.286564    -0.508755     0.356316
    0.295383    -0.501106     0.363999
    0.295383    -0.477808     0.381876
    0.279133    -0.429058     0.415942
    0.324618    -0.498180     0.360233
    0.340305    -0.493977     0.360233
    0.339499    -0.491830     0.362046
    0.339499    -0.489424     0.363523
    0.342868    -0.495484     0.357734
    0.345767    -0.494559     0.356522
    0.350902    -0.489424     0.356522
    0.352995    -0.488710     0.355418
    0.357907    -0.438045     0.365288
    0.465026     0.019835     0.377235
    0.347080     0.155813     0.495696
    0.455746    -0.072903     0.365288
    0.524611     0.313395     0.223484
    0.520866     0.317607     0.227272
    0.477185     0.338455     0.278794
    0.437577     0.334526     0.331430
    0.394889     0.326190     0.389224
    0.583004     0.019835     0.223484
    0.354705     0.330929     0.433556
    0.283857     0.331819     0.513994
    0.233382     0.312643     0.577349
    0.222772     0.312643     0.585839
    0.264080     0.345034     0.513994
    0.220932     0.328249     0.568623
    0.218470     0.328547     0.569034
   -0.082518     0.388418     0.569034
   -0.060117     0.311320     0.663703
   -0.176641     0.463990     0.446611
   -0.175814     0.459755     0.452345
   -0.122555     0.402478     0.540795
   -0.088902     0.393035     0.561826
   -0.225306     0.526537     0.332763
   -0.235722     0.519578     0.332763
   -0.240202     0.512692     0.337424
   -0.239740     0.502038     0.350554
   -0.197456     0.459755     0.435027
   -0.467374     0.161359     0.350554
   -0.397279     0.147671     0.445452
   -0.380861     0.089161     0.482015
   -0.380672     0.089106     0.482247
   -0.552456     0.120750     0.250200
   -0.567150     0.104223     0.235335
   -0.570146     0.089161     0.235335
   -0.588950     0.065909     0.204801
   -0.505253    -0.354865     0.204801
   -0.502558    -0.377073     0.201093
   -0.490856    -0.393034     0.209551
   -0.462648    -0.474219     0.178368
   -0.459212    -0.481662     0.176528
   -0.452549    -0.491633     0.176528
   -0.439093    -0.526753     0.159192
   -0.431893    -0.539268     0.154939
   -0.429444    -0.541718     0.154939
   -0.422104    -0.541718     0.160812
   -0.421279    -0.554267     0.146444
   -0.420568    -0.554742     0.146444
   -0.409424    -0.570762     0.131596
   -0.405516    -0.573627     0.129525
   -0.263032    -0.590920     0.153318
   -0.252869    -0.592941     0.153318
   -0.071232    -0.613075     0.174165
   -0.064701    -0.611768     0.177561
    0.330886    -0.499939     0.356316
    0.342509    -0.498528     0.354375
    0.345883    -0.499841     0.350104
    0.345983    -0.499806     0.350065
    0.353837    -0.494559     0.350065
    0.354979    -0.494121     0.349501
    0.354979    -0.490069     0.352743
    0.356944    -0.494206     0.347080
    0.365145    -0.488870     0.341529
    0.368084    -0.487432     0.338619
    0.390213    -0.472039     0.318108
    0.435030    -0.437390     0.277629
    0.520178    -0.337325     0.211172
    0.527241    -0.327691     0.206066
    0.617850    -0.023254     0.166901
    0.579264    -0.269175     0.153437
    0.603521    -0.233878     0.130975
    0.624988    -0.198926     0.112060
    0.649150    -0.077453     0.112060
    0.658015    -0.080305     0.091748
    0.700731    -0.080305    -0.011376
    0.702230    -0.076074    -0.016614
    0.699271    -0.051244    -0.018963
    0.675639     0.097962    -0.018963
    0.651259     0.166243     0.013786
    0.646662     0.178659     0.018367
    0.592430     0.289666     0.087603
    0.587942     0.295805     0.094639
    0.543747     0.382541     0.094639
    0.516991     0.366710     0.177163
    0.507852     0.369122     0.190199
    0.538033     0.409050     0.054345
    0.537667     0.409578     0.054030
    0.532992     0.414253     0.054030
    0.507370     0.370948     0.187594
    0.289042     0.388179     0.410391
    0.519028     0.438288     0.013931
    0.494225     0.460039    -0.007666
    0.401266     0.537508    -0.079008
    0.388610     0.547848    -0.088230
    0.297899     0.616669    -0.141793
    0.289170     0.622850    -0.145900
    0.220272     0.657955    -0.145900
    0.219273     0.639375    -0.100662
   -0.230136     0.560143     0.262465
   -0.230136     0.548468     0.287605
   -0.229613     0.542730     0.299738
    0.187540     0.684698    -0.197948
    0.143555     0.707463    -0.236087
    0.031632     0.725190    -0.236087
    0.014387     0.727245    -0.234455
   -0.010367     0.720641    -0.209046
   -0.028125     0.714346    -0.187059
   -0.207976     0.615148     0.121196
   -0.216839     0.609427     0.138398
   -0.224136     0.601442     0.160465
   -0.229493     0.595165     0.177667
   -0.233090     0.585150     0.203221
   -0.233090     0.569328     0.241420
   -0.234782     0.581265     0.211955
   -0.234359     0.573387     0.231135
   -0.233117     0.569333     0.241398
   -0.236882     0.577651     0.217984
   -0.323935     0.490597     0.217984
   -0.351818     0.468388     0.195396
   -0.544110     0.226502     0.142284
   -0.620074     0.139878     0.066858
   -0.645430     0.090113     0.066858
   -0.622406     0.088876     0.122917
   -0.619868     0.074478     0.134551
   -0.593226     0.065909     0.195593
   -0.658205     0.074478     0.041996
   -0.663627     0.069523     0.027011
   -0.663628     0.069522     0.027010
   -0.663371     0.067365     0.026805
   -0.651325    -0.008690     0.026805
   -0.621235    -0.092962     0.067225
   -0.552622    -0.278280     0.135598
   -0.504640    -0.376495     0.196856
   -0.482516    -0.435227     0.178368
   -0.442516    -0.520521     0.160475
   -0.428322    -0.544821     0.151100
   -0.420968    -0.555444     0.144765
   -0.416566    -0.562291     0.138002
   -0.409845    -0.570728     0.131166
   -0.406556    -0.576389     0.121723
   -0.403759    -0.579954     0.116652
   -0.402889    -0.580972     0.114833
   -0.394246    -0.589431     0.100318
   -0.386872    -0.594822     0.091867
   -0.317559    -0.604347     0.101047
   -0.142465    -0.632079     0.101047
    0.292078    -0.538337     0.284404
    0.317988    -0.524927     0.306871
    0.322463    -0.521272     0.313985
    0.344382    -0.505245     0.339109
    0.347266    -0.503775     0.339109
    0.352367    -0.499302     0.343551
    0.356457    -0.496050     0.344449
    0.369413    -0.487082     0.336723
    0.379348    -0.480694     0.326910
    0.576422    -0.273189     0.155326
    0.645076    -0.171453     0.080570
    0.667866    -0.136179     0.046601
    0.693301    -0.095509     0.000748
    0.700537    -0.081527    -0.011376
    0.702338    -0.076143    -0.017365
    0.703517    -0.076143    -0.026315
    0.703517    -0.071725    -0.030733
    0.701936    -0.059721    -0.030733
    0.699271    -0.041184    -0.029024
    0.695769    -0.019073    -0.029024
    0.676507     0.095109    -0.021593
    0.611519     0.263500     0.018367
    0.582365     0.328209     0.038100
    0.543341     0.404797     0.038100
    0.527610     0.428429     0.019018
    0.527308     0.428847     0.018557
    0.519577     0.437995     0.012912
    0.517865     0.439707     0.009747
    0.197031     0.682220    -0.210138
    0.280929     0.628336    -0.152555
    0.254336     0.645442    -0.170940
    0.153535     0.704335    -0.244531
    0.143647     0.708790    -0.247546
    0.141799     0.709556    -0.247546
    0.118562     0.716629    -0.268964
    0.093330     0.723043    -0.284230
    0.079776     0.725190    -0.284230
    0.076867     0.725608    -0.284499
    0.054106     0.728604    -0.284499
    0.020367     0.728604    -0.250759
    0.014387     0.727678    -0.237745
   -0.010749     0.720641    -0.209428
   -0.016302     0.718951    -0.204310
   -0.023361     0.716717    -0.197264
   -0.218001     0.609274     0.135641
   -0.217976     0.609130     0.136938
   -0.252120     0.583094     0.135641
   -0.261686     0.575010     0.129738
   -0.332958     0.503739     0.129738
   -0.454458     0.359954     0.041012
   -0.628520     0.133112     0.041012
   -0.662018     0.082789     0.000378
   -0.665196     0.070620     0.016009
   -0.666121     0.075787    -0.009712
   -0.667223     0.073126    -0.009712
   -0.667686     0.070136    -0.003205
   -0.665258     0.070568     0.015669
   -0.664300     0.044411    -0.003205
   -0.663371     0.037950    -0.002610
   -0.661038     0.023223    -0.002610
   -0.515633    -0.367581     0.135598
   -0.478877    -0.449158     0.160475
   -0.416054    -0.563251     0.136218
   -0.398134    -0.586036     0.103588
   -0.392259    -0.591911     0.092730
   -0.389630    -0.594379     0.086892
   -0.387036    -0.595057     0.090224
   -0.383648    -0.599095     0.068115
   -0.365577    -0.612119     0.003956
   -0.348977    -0.623566    -0.051720
   -0.336408    -0.629822    -0.078645
   -0.331508    -0.632192    -0.088714
   -0.142537    -0.632192     0.100257
   -0.330980    -0.632420    -0.089912
   -0.259698    -0.659706    -0.225892
   -0.243660    -0.664196    -0.243958
   -0.142537    -0.677509    -0.243958
    0.162001    -0.611768    -0.049142
   -0.141433    -0.677509    -0.245063
   -0.008168    -0.659965    -0.245063
   -0.003672    -0.659318    -0.244648
    0.155388    -0.614787    -0.065464
    0.279548    -0.553270     0.202654
    0.333582    -0.520855     0.286842
    0.333700    -0.521541     0.280680
    0.404238    -0.467415     0.280680
    0.431138    -0.444684     0.264081
    0.439320    -0.436502     0.248959
    0.567539    -0.284766     0.155326
    0.702388    -0.080000    -0.021599
    0.702338    -0.080016    -0.021238
    0.702560    -0.079623    -0.022530
    0.703501    -0.076263    -0.026315
    0.703300    -0.071725    -0.032381
    0.701936    -0.060287    -0.031299
    0.698129    -0.036247    -0.031299
    0.667552     0.113439    -0.033026
    0.612639     0.259213     0.012861
    0.525447     0.430338     0.012861
    0.524024     0.431960     0.011448
    0.391906     0.544964    -0.086591
    0.285697     0.625035    -0.149711
    0.137000     0.709772    -0.259982
    0.132526     0.711695    -0.261830
    0.121090     0.715676    -0.268168
    0.079542     0.723724    -0.293718
    0.067648     0.725608    -0.293718
    0.091447     0.722944    -0.286738
    0.082747     0.723284    -0.293294
    0.060536     0.726456    -0.294391
    0.054106     0.728171    -0.287791
    0.053766     0.728130    -0.287759
    0.021139     0.728130    -0.255133
    0.020904     0.728140    -0.254827
    0.020340     0.728520    -0.251373
    0.045630     0.726842    -0.287759
   -0.038430     0.697907    -0.254827
   -0.049462     0.688233    -0.264433
   -0.084478     0.637601    -0.326606
   -0.510494     0.211585    -0.326606
   -0.544611     0.184410    -0.298969
   -0.549683     0.181463    -0.290506
   -0.063784     0.663581    -0.305559
   -0.563554     0.165646    -0.276733
   -0.586824     0.141330    -0.240104
   -0.587960     0.140168    -0.238154
   -0.613042     0.117908    -0.174607
   -0.628403     0.104796    -0.132509
   -0.664877     0.075574    -0.020888
   -0.663736     0.072510    -0.034861
   -0.664300     0.072687    -0.031482
   -0.665434     0.073444    -0.023624
   -0.655147     0.018280    -0.034861
   -0.636842    -0.017088    -0.065529
   -0.605976    -0.080268    -0.104935
   -0.556058    -0.212782    -0.063223
   -0.346978    -0.623125    -0.063223
   -0.347724    -0.623785    -0.057628
   -0.243930    -0.663358    -0.250053
   -0.255353    -0.660375    -0.235382
   -0.250396    -0.660706    -0.246727
   -0.242516    -0.662405    -0.258705
   -0.237079    -0.661504    -0.270988
   -0.226806    -0.659303    -0.295160
   -0.172616    -0.651612    -0.397906
   -0.156976    -0.650789    -0.418741
   -0.141809    -0.653191    -0.418741
   -0.140446    -0.653675    -0.417053
   -0.140446    -0.659965    -0.377340
   -0.141433    -0.661504    -0.366634
   -0.119071    -0.650289    -0.417053
   -0.001296    -0.656486    -0.260154
    0.029370    -0.644934    -0.250501
    0.154936    -0.612143    -0.089227
    0.069340    -0.624568    -0.250501
    0.177739    -0.577996    -0.205721
    0.183243    -0.576809    -0.197355
    0.206483    -0.560721    -0.183496
    0.598063    -0.169142    -0.183496
    0.621851    -0.150193    -0.164225
    0.636768    -0.140772    -0.142343
    0.647770    -0.134381    -0.123989
    0.651664    -0.129940    -0.120122
    0.693522    -0.086200    -0.054233
    0.701877    -0.079506    -0.028664
    0.699207    -0.078602    -0.044855
    0.699245    -0.078555    -0.044780
    0.701793    -0.076227    -0.037738
    0.702589    -0.076783    -0.032161
    0.703027    -0.076415    -0.029759
    0.703027    -0.072746    -0.033428
    0.699234    -0.078555    -0.044807
    0.695928    -0.048729    -0.041384
    0.663444     0.114580    -0.041384
    0.661161     0.117147    -0.043694
    0.559365     0.255994    -0.117278
    0.531606     0.335887    -0.086591
    0.132401     0.709573    -0.265649
    0.115273     0.716135    -0.274103
    0.098564     0.720471    -0.284005
    0.059899     0.716180    -0.318378
    0.059899     0.718393    -0.313611
    0.060536     0.720373    -0.309075
    0.075517     0.720471    -0.302447
    0.045952     0.720852    -0.302342
    0.055460     0.712149    -0.325156
    0.040080     0.699712    -0.345351
    0.035442     0.693334    -0.354866
    0.025032     0.680537    -0.372622
    0.012754     0.669622    -0.383664
   -0.012603     0.626510    -0.428983
   -0.035384     0.593760    -0.459338
   -0.043872     0.583042    -0.468078
   -0.046507     0.580442    -0.469531
   -0.110918     0.537404    -0.469531
    0.007011     0.657589    -0.397857
   -0.115720     0.530024    -0.474527
   -0.219790     0.425954    -0.474527
   -0.298737     0.357853    -0.453511
   -0.432790     0.252441    -0.398010
   -0.485406     0.218205    -0.362393
   -0.490027     0.211288    -0.362393
   -0.514906     0.193983    -0.339334
   -0.544988     0.179625    -0.303852
   -0.546190     0.178273    -0.302636
   -0.587763     0.140168    -0.238579
   -0.540286    -0.098513    -0.238579
   -0.494393    -0.150135    -0.285007
   -0.272834    -0.452334    -0.445162
   -0.254901    -0.485369    -0.447772
   -0.241480    -0.655431    -0.274229
   -0.234909    -0.510121    -0.453752
   -0.156044    -0.628152    -0.453752
   -0.156567    -0.640218    -0.438883
   -0.164417    -0.648068    -0.416205
   -0.153379    -0.642348    -0.438883
   -0.157026    -0.648651    -0.423747
   -0.156888    -0.649150    -0.422733
   -0.141809    -0.646492    -0.434916
   -0.152466    -0.641993    -0.440040
   -0.141619    -0.644150    -0.440040
   -0.141593    -0.644171    -0.440005
   -0.141593    -0.645817    -0.436461
   -0.119098    -0.649783    -0.418285
   -0.128634    -0.641594    -0.440005
   -0.117975    -0.645740    -0.426511
   -0.094184    -0.637474    -0.417372
    0.209592    -0.434497    -0.417372
    0.216281    -0.431934    -0.414070
    0.389561    -0.258655    -0.414070
    0.470411    -0.206047    -0.359342
    0.471438    -0.205545    -0.358326
    0.471537    -0.205507    -0.358206
    0.503862    -0.193999    -0.317868
    0.582831    -0.162000    -0.218138
    0.471436    -0.205537    -0.358331
    0.468992    -0.205537    -0.361115
    0.348627     0.243672    -0.361115
    0.345251     0.278491    -0.354332
    0.346550     0.281093    -0.352058
    0.335395     0.291526    -0.357069
    0.169153     0.469250    -0.413942
    0.132401     0.584441    -0.365779
    0.032227     0.684616    -0.365779
    0.038854     0.694291    -0.352734
    0.024979     0.680355    -0.372846
   -0.019622     0.614225    -0.440836
   -0.031531     0.597866    -0.455837
   -0.050202     0.575336    -0.472690
   -0.058670     0.567415    -0.475399
   -0.079159     0.550973    -0.478694
   -0.114137     0.530255    -0.475517
   -0.114863     0.530024    -0.475213
   -0.217570     0.427317    -0.475213
   -0.434361     0.250761    -0.397472
   -0.488693     0.211446    -0.363865
   -0.498515     0.174791    -0.363865
   -0.510498     0.178273    -0.349151
   -0.426511     0.091779    -0.436184
   -0.412565     0.081627    -0.448972
   -0.274730    -0.432777    -0.448972
   -0.160759    -0.589393    -0.479120
   -0.157927    -0.594174    -0.478685
   -0.153357    -0.608498    -0.472696
   -0.153357    -0.625466    -0.459119
   -0.152067    -0.625466    -0.460151
   -0.150481    -0.611374    -0.472696
   -0.149640    -0.613839    -0.471396
   -0.149227    -0.621319    -0.465742
   -0.151002    -0.634496    -0.450189
   -0.141971    -0.631962    -0.455832
   -0.141971    -0.623264    -0.465742
   -0.141619    -0.633173    -0.454345
   -0.129621    -0.636540    -0.446847
   -0.140079    -0.620665    -0.468125
   -0.127346    -0.617253    -0.468125
   -0.114448    -0.599428    -0.479150
    0.010308    -0.482733    -0.519074
    0.040987    -0.458114    -0.524007
    0.115009    -0.434497    -0.493058
    0.294445    -0.255061    -0.493058
    0.324694    -0.244744    -0.477109
    0.389561    -0.241158    -0.428072
    0.393985    -0.237956    -0.425335
    0.467881    -0.206346    -0.362134
    0.322536    -0.237956    -0.480159
    0.269436    -0.220256    -0.517265
    0.223948    -0.177670    -0.543414
    0.221798    -0.155365    -0.540478
    0.062903     0.228242    -0.540478
    0.043504     0.469250    -0.491092
   -0.000564     0.513318    -0.491092
   -0.024982     0.567389    -0.472885
   -0.024982     0.599947    -0.452893
   -0.046165     0.576163    -0.472885
   -0.047687     0.574536    -0.473820
   -0.049185     0.571344    -0.475399
   -0.216668     0.427724    -0.475517
   -0.394736     0.126090    -0.453511
   -0.399021     0.081627    -0.459364
   -0.242207    -0.330450    -0.494967
   -0.270308    -0.038875    -0.533354
   -0.166984    -0.512055    -0.494967
   -0.151522    -0.600579    -0.478685
   -0.150481    -0.602884    -0.477909
   -0.140079    -0.610800    -0.475694
   -0.139022    -0.607630    -0.477909
   -0.127469    -0.595289    -0.485003
   -0.126849    -0.593967    -0.485657
   -0.059300    -0.511565    -0.519074
    0.053282    -0.430888    -0.533175
    0.207773    -0.276397    -0.533175
    0.255020    -0.255061    -0.517265
    0.184879    -0.177670    -0.559597
    0.093612    -0.092623    -0.582809
    0.053328     0.192510    -0.550574
    0.003830     0.242009    -0.550574
   -0.030872     0.376904    -0.528246
   -0.030872     0.505197    -0.499656
   -0.049185     0.542942    -0.487164
   -0.166665     0.241112    -0.528246
   -0.206221    -0.038875    -0.559899
   -0.170737    -0.071941    -0.568924
   -0.128728    -0.369283    -0.535309
   -0.035500    -0.462511    -0.535309
    0.005819    -0.418170    -0.546586
    0.024512    -0.345507    -0.558614
    0.183650    -0.186368    -0.558614
    0.024512    -0.092623    -0.591906
    0.003830    -0.071941    -0.591906
     1      2      3
     1      3      4
     1      4      5
     1      5      6
     1      6      7
     8      9     10
     8     10     11
    11     10     12
    11     12     13
    11     13     14
     6      5      8
     6      8     11
     6     11     14
     6     14     15
     6     15     16
    17     18     19
    20     21      1
    20      1      7
    20      7     22
    23     24      2
    23      2      1
    23      1     21
     4     25     26
     4     26      9
     4      9      8
     4      8      5
    26     12     10
    26     10      9
    27     28     29
    27     29     30
    31     32     33
    31     33     34
    14     13     28
    14     28     27
    14     27     15
    16     15     27
    16     27     30
    16     30     31
    16     31     34
    16     34     35
    16     35     36
    16     36     37
    38     37     36
    38     36     39
    38     39     40
    38     40     41
    22      7      6
    22      6     16
    22     16     37
    22     37     38
    42     43     17
    42     17     19
    42     19     44
    42     44     20
    42     20     22
    42     22     38
    42     38     41
    42     41     45
    46     47     48
    46     48     49
    46     49     50
    46     50     43
    46     43     42
    50     18     17
    50     17     43
    48     51     49
    44     52     23
    44     23     21
    44     21     20
    53     54     24
    53     24     23
    53     23     52
    55     56     57
    55     57      3
    55      3      2
    55      2     24
    55     24     54
     3     57     25
     3     25      4
    58     29     28
    58     28     13
    58     13     12
    58     12     26
    58     26     25
    58     25     57
    58     57     56
    30     29     58
    30     58     59
    30     59     32
    30     32     31
    60     61     33
    60     33     32
    60     32     59
    60     59     62
    63     64     65
    63     65     66
    34     33     61
    34     61     64
    34     64     63
    34     63     35
    67     68     69
    67     69     70
    67     70     71
    67     71     72
    36     35     63
    36     63     66
    36     66     68
    36     68     67
    36     67     39
    40     39     67
    40     67     72
    40     72     73
    40     73     74
    40     74     75
    40     75     76
    40     76     77
    40     77     78
    40     78     79
    40     79     80
    78     81     82
    78     82     83
    78     83     79
    80     79     83
    80     83     84
    84     83     82
    84     82     85
    84     85     86
    84     86     87
    45     41     40
    45     40     80
    45     80     84
    45     84     87
    45     87     88
    45     88     89
    90     91     46
    90     46     42
    90     42     45
    90     45     89
    90     89     92
    93     94     95
    93     95     96
    93     96     97
    93     97     91
    93     91     90
    93     90     98
    97     99    100
    97    100    101
    97    101     47
    97     47     46
    97     46     91
    96     99     97
   101    102     51
   101     51     48
   101     48     47
   103    104    102
   103    102    101
   103    101    100
    49     51    102
    49    102    104
    49    104    105
    49    105     53
    49     53     52
    49     52     44
    49     44     19
    49     19     18
    49     18     50
   106    107     55
   106     55     54
   106     54     53
   106     53    105
   108    109    110
   108    110    111
   111    110    107
   111    107    106
   112    113    114
   112    114    115
   112    115    116
   112    116    109
   112    109    108
   116     62     59
   116     59     58
   116     58     56
   116     56     55
   116     55    107
   116    107    110
   116    110    109
   115    117    118
   115    118     60
   115     60     62
   115     62    116
   118    119    120
   118    120     65
   118     65     64
   118     64     61
   118     61     60
   121    122    123
   121    123    119
   121    119    118
   121    118    117
   120    119    123
   120    123    124
   120    124    125
    66     65    120
    66    120    125
    66    125    126
    66    126    127
    66    127     69
    66     69     68
    69    127    128
    69    128    129
    69    129    130
    69    130     70
    70    130    131
    70    131    132
    70    132    133
    70    133    134
    70    134     71
   134    133    135
   134    135    136
    72     71    134
    72    134    136
    72    136    137
    72    137    138
    72    138    139
    72    139     73
    73    139    140
    73    140    141
    73    141    142
    73    142     74
    77    143     81
    77     81     78
    82     81    143
    82    143    144
    82    144     85
    86     85    144
    86    144    145
    86    145    146
    86    146    147
    88     87     86
    88     86    147
    88    147    148
    88    148    149
   149    148    150
   149    150    151
    92     89     88
    92     88    149
    92    149    151
    92    151    152
    92    152    153
    92    153    154
    92    154    155
    92    155    156
   157     98     90
   157     90     92
   157     92    156
   157    156    158
   157    158    159
   157    159    160
   157    160    161
   157    161    162
   157    162    163
   157    163    164
   157    164    165
   157    165    166
   157    166    167
   167    168    169
   167    169    170
   167    170     93
   167     93     98
   167     98    157
   170    171    172
   170    172     94
   170     94     93
   172    173     95
   172     95     94
   174    175    176
   174    176    177
   174    177    173
   174    173    172
   174    172    171
    95    173    177
    95    177    178
    95    178    103
    95    103    100
    95    100     99
    95     99     96
   176    179    180
   176    180    181
   176    181    182
   176    182    183
   176    183    184
   176    184    185
   176    185    186
   176    186    178
   176    178    177
   178    186    187
   178    187    188
   178    188    189
   178    189    112
   178    112    108
   178    108    111
   178    111    106
   178    106    105
   178    105    104
   178    104    103
   185    190    191
   185    191    192
   185    192    193
   185    193    194
   185    194    195
   185    195    196
   185    196    197
   185    197    198
   185    198    199
   185    199    200
   185    200    201
   185    201    187
   185    187    186
   200    202    203
   200    203    204
   200    204    201
   187    201    204
   187    204    188
   203    202    205
   189    113    112
   188    204    203
   188    203    205
   188    205    206
   188    206    114
   188    114    113
   188    113    189
   206    207    208
   206    208    121
   206    121    117
   206    117    115
   206    115    114
   208    209    210
   208    210    211
   208    211    122
   208    122    121
   211    212    213
   211    213    124
   211    124    123
   211    123    122
   210    214    212
   210    212    211
   213    212    214
   213    214    215
   213    215    216
   213    216    217
   213    217    218
   213    218    219
   125    124    213
   125    213    219
   125    219    220
   125    220    221
   125    221    126
   126    221    222
   126    222    128
   126    128    127
   129    223    131
   129    131    130
   132    224    225
   132    225    135
   132    135    133
   136    135    225
   136    225    226
   136    226    227
   136    227    137
   137    227    228
   137    228    229
   137    229    138
   138    229    230
   138    230    231
   138    231    232
   138    232    233
   138    233    140
   138    140    139
   140    233    234
   140    234    141
    75    235    236
    75    236    237
    75    237     76
    76    237    238
    76    238    145
    76    145    144
    76    144    143
    76    143     77
   145    238    239
   145    239    240
   145    240    146
   147    146    240
   147    240    241
   147    241    150
   147    150    148
   151    150    241
   151    241    242
   151    242    152
   152    242    243
   152    243    153
   156    155    244
   156    244    158
   161    160    245
   161    245    246
   161    246    162
   162    246    247
   162    247    248
   162    248    163
   164    249    250
   164    250    251
   164    251    252
   164    252    253
   164    253    165
   165    253    254
   165    254    255
   165    255    166
   168    256    257
   168    257    169
   169    257    258
   169    258    174
   169    174    171
   169    171    170
   258    259    175
   258    175    174
   260    261    179
   260    179    176
   260    176    175
   260    175    259
   180    179    261
   180    261    262
   263    190    185
   263    185    184
   263    184    264
   263    264    265
   266    267    268
   266    268    191
   266    191    190
   266    190    263
   268    269    270
   268    270    271
   268    271    192
   268    192    191
   192    271    272
   192    272    273
   192    273    274
   192    274    275
   192    275    193
   193    275    276
   193    276    194
   194    276    277
   194    277    278
   194    278    195
   196    279    280
   196    280    197
   197    280    198
   198    280    279
   198    279    281
   198    281    199
   199    281    282
   199    282    283
   199    283    207
   199    207    206
   199    206    205
   199    205    202
   199    202    200
   283    284    285
   283    285    209
   283    209    208
   283    208    207
   285    286    287
   285    287    215
   285    215    214
   285    214    210
   285    210    209
   288    289    290
   288    290    291
   288    291    287
   288    287    286
   287    291    216
   287    216    215
   216    291    290
   216    290    292
   216    292    293
   216    293    217
   217    293    294
   217    294    218
   220    295    296
   220    296    222
   220    222    221
   128    222    296
   128    296    223
   128    223    129
   225    224    297
   225    297    226
   226    297    228
   226    228    227
   230    298    299
   230    299    231
   231    299    300
   231    300    301
   231    301    232
   301    300    302
   234    233    232
   234    232    301
   234    301    302
   234    302    303
   234    303    304
   234    304    305
   234    305    306
   234    306    307
   307    306    308
   307    308    309
   307    309    310
   307    310    311
   312    142    141
   312    141    234
   312    234    307
   312    307    311
   312    311    313
   312    313    314
   312    314    315
   312    315    316
    74    142    312
    74    312    317
    74    317    235
    74    235     75
   318    236    235
   318    235    317
   318    317    319
   239    238    237
   239    237    236
   239    236    318
   241    240    239
   241    239    318
   241    318    319
   241    319    320
   241    320    243
   241    243    242
   153    243    320
   153    320    321
   153    321    154
   154    321    322
   154    322    323
   154    323    244
   154    244    155
   159    245    160
   247    324    325
   247    325    248
   163    248    325
   163    325    249
   163    249    164
   325    324    326
   325    326    327
   325    327    250
   325    250    249
   251    328    329
   251    329    252
   252    329    330
   252    330    254
   252    254    253
   166    255    331
   166    331    332
   166    332    256
   166    256    168
   166    168    167
   332    333    260
   332    260    259
   332    259    258
   332    258    257
   332    257    256
   334    262    261
   334    261    260
   334    260    333
   182    181    335
   336    264    184
   336    184    183
   337    338    267
   337    267    266
   339    269    268
   339    268    267
   339    267    338
   340    341    272
   340    272    271
   340    271    270
   340    270    342
   340    342    343
   272    341    344
   272    344    345
   272    345    273
   273    345    346
   273    346    347
   273    347    348
   273    348    349
   273    349    274
   347    346    350
   274    349    277
   274    277    276
   274    276    275
   277    349    348
   277    348    351
   277    351    278
   195    278    351
   195    351    352
   195    352    282
   195    282    281
   195    281    279
   195    279    196
   353    354    355
   353    355    356
   353    356    284
   353    284    283
   353    283    282
   353    282    352
   353    352    357
   356    358    359
   356    359    360
   356    360    361
   356    361    362
   356    362    363
   356    363    288
   356    288    286
   356    286    285
   356    285    284
   362    364    365
   362    365    366
   362    366    363
   363    366    289
   363    289    288
   365    292    290
   365    290    289
   365    289    366
   294    293    292
   294    292    365
   294    365    364
   294    364    367
   219    218    294
   219    294    367
   219    367    368
   219    368    369
   219    369    370
   219    370    295
   219    295    220
   131    223    296
   131    296    295
   131    295    370
   131    370    371
   131    371    372
   131    372    304
   131    304    303
   131    303    298
   131    298    230
   131    230    229
   131    229    228
   131    228    297
   131    297    224
   131    224    132
   302    300    299
   302    299    298
   302    298    303
   305    372    371
   305    371    308
   305    308    306
   304    372    305
   373    374    375
   373    375    376
   309    374    373
   309    373    310
   377    378    379
   377    379    380
   377    380    381
   377    381    382
   377    382    383
   377    383    384
   311    310    373
   311    373    376
   311    376    377
   311    377    384
   311    384    313
   313    384    383
   313    383    314
   314    383    382
   314    382    385
   314    385    386
   314    386    315
   316    315    386
   316    386    387
   316    387    388
   388    387    389
   388    389    390
   388    390    391
   320    319    317
   320    317    312
   320    312    316
   320    316    388
   320    388    391
   320    391    392
   320    392    322
   320    322    321
   323    322    392
   323    392    393
   323    393    394
   323    394    395
   323    395    396
   158    244    323
   158    323    396
   158    396    397
   158    397    398
   158    398    399
   158    399    326
   158    326    324
   158    324    247
   158    247    246
   158    246    245
   158    245    159
   398    400    401
   398    401    402
   398    402    403
   398    403    399
   399    403    404
   399    404    327
   399    327    326
   404    403    402
   404    402    405
   250    327    404
   250    404    405
   250    405    328
   250    328    251
   405    402    401
   405    401    406
   405    406    407
   405    407    330
   405    330    329
   405    329    328
   254    330    407
   254    407    408
   254    408    331
   254    331    255
   331    408    409
   331    409    410
   331    410    411
   331    411    334
   331    334    333
   331    333    332
   411    335    181
   411    181    180
   411    180    262
   411    262    334
   265    264    336
   412    413    339
   412    339    338
   412    338    337
   414    342    270
   414    270    269
   414    269    339
   414    339    413
   415    416    417
   415    417    340
   415    340    343
   415    343    418
   417    344    341
   417    341    340
   419    350    346
   419    346    345
   419    345    344
   419    344    417
   419    417    416
   420    421    419
   420    419    416
   420    416    415
   357    352    351
   357    351    348
   357    348    347
   357    347    350
   357    350    419
   357    419    421
   357    421    422
   357    422    423
   357    423    424
   425    426    427
   425    427    428
   425    428    429
   425    429    353
   425    353    357
   425    357    424
   425    424    430
   429    431    432
   429    432    433
   429    433    434
   429    434    435
   429    435    354
   429    354    353
   435    436    437
   435    437    438
   435    438    355
   435    355    354
   355    438    439
   355    439    358
   355    358    356
   359    440    360
   361    368    367
   361    367    364
   361    364    362
   369    368    361
   369    361    360
   369    360    440
   369    440    441
   308    371    370
   308    370    369
   308    369    441
   308    441    442
   308    442    443
   308    443    444
   308    444    445
   308    445    375
   308    375    374
   308    374    309
   444    446    447
   444    447    448
   444    448    449
   444    449    379
   444    379    378
   444    378    445
   376    375    445
   376    445    378
   376    378    377
   448    450    451
   448    451    449
   379    449    451
   379    451    452
   379    452    380
   453    452    451
   453    451    450
   453    450    454
   453    454    455
   453    455    456
   453    456    457
   380    452    453
   380    453    381
   382    381    453
   382    453    457
   382    457    458
   382    458    385
   458    457    456
   458    456    459
   458    459    460
   386    385    458
   386    458    460
   386    460    461
   386    461    389
   386    389    387
   390    389    461
   390    461    462
   390    462    463
   392    391    390
   392    390    463
   392    463    464
   392    464    465
   392    465    466
   392    466    467
   392    467    468
   392    468    393
   393    468    469
   393    469    394
   396    395    397
   406    401    400
   397    395    394
   397    394    469
   397    469    409
   397    409    408
   397    408    407
   397    407    406
   397    406    400
   397    400    398
   409    469    468
   409    468    467
   409    467    470
   409    470    471
   409    471    472
   409    472    473
   409    473    474
   409    474    410
   410    474    475
   410    475    476
   410    476    477
   410    477    412
   410    412    337
   410    337    266
   410    266    263
   410    263    265
   410    265    336
   410    336    183
   410    183    182
   410    182    335
   410    335    411
   477    478    479
   477    479    420
   477    420    415
   477    415    418
   477    418    414
   477    414    413
   477    413    412
   418    343    342
   418    342    414
   480    423    422
   480    422    479
   480    479    478
   479    422    421
   479    421    420
   430    424    423
   430    423    480
   481    482    426
   481    426    425
   428    483    484
   428    484    485
   428    485    486
   428    486    487
   428    487    431
   428    431    429
   487    488    432
   487    432    431
   434    489    490
   434    490    436
   434    436    435
   490    491    492
   490    492    437
   490    437    436
   437    492    439
   437    439    438
   441    440    359
   441    359    358
   441    358    439
   441    439    492
   441    492    491
   441    491    493
   441    493    442
   442    493    494
   442    494    495
   442    495    443
   496    497    498
   496    498    499
   496    499    447
   496    447    446
   500    499    498
   500    498    501
   500    501    502
   500    502    503
   447    499    500
   447    500    504
   447    504    454
   447    454    450
   447    450    448
   505    504    500
   505    500    503
   505    503    506
   455    454    504
   455    504    505
   455    505    507
   459    456    455
   459    455    507
   459    507    508
   508    507    505
   508    505    506
   508    506    509
   508    509    510
   461    460    459
   461    459    508
   461    508    510
   461    510    511
   461    511    512
   461    512    513
   461    513    514
   461    514    462
   463    462    514
   463    514    515
   463    515    516
   463    516    517
   463    517    464
   464    517    518
   464    518    519
   464    519    465
   470    466    465
   470    465    519
   470    519    471
   467    466    470
   471    519    518
   471    518    520
   471    520    521
   471    521    522
   471    522    523
   471    523    472
   472    523    524
   472    524    525
   472    525    476
   472    476    475
   472    475    473
   476    525    526
   476    526    527
   476    527    528
   476    528    481
   476    481    425
   476    425    430
   476    430    480
   476    480    478
   476    478    477
   527    529    427
   527    427    426
   527    426    482
   527    482    528
   528    482    481
   530    483    428
   530    428    427
   530    427    529
   531    484    483
   531    483    530
   532    488    487
   532    487    486
   433    533    489
   433    489    434
   534    494    493
   534    493    491
   534    491    490
   534    490    489
   534    489    533
   535    495    494
   535    494    534
   535    534    536
   443    495    535
   443    535    537
   443    537    496
   443    496    446
   443    446    444
   501    498    497
   501    497    538
   501    538    539
   540    502    501
   540    501    539
   540    539    541
   506    503    502
   506    502    540
   506    540    509
   510    509    540
   510    540    541
   510    541    542
   510    542    511
   511    542    543
   511    543    544
   511    544    512
   514    513    545
   514    545    546
   514    546    547
   514    547    515
   520    516    515
   520    515    547
   520    547    521
   518    517    516
   518    516    520
   522    548    549
   522    549    550
   522    550    524
   522    524    523
   524    550    551
   524    551    552
   524    552    553
   524    553    526
   524    526    525
   526    553    554
   526    554    531
   526    531    530
   526    530    529
   526    529    527
   554    485    484
   554    484    531
   552    555    532
   552    532    486
   552    486    485
   552    485    554
   552    554    553
   556    536    534
   556    534    533
   556    533    433
   556    433    432
   556    432    488
   556    488    532
   556    532    555
   557    558    537
   557    537    535
   557    535    536
   557    536    556
   543    538    497
   543    497    496
   543    496    537
   543    537    558
   543    558    559
   543    559    544
   541    539    538
   541    538    543
   541    543    542
   512    544    559
   512    559    560
   512    560    545
   512    545    513
   546    545    560
   546    560    561
   546    561    562
   521    547    546
   521    546    562
   521    562    548
   521    548    522
   549    563    564
   549    564    551
   549    551    550
   551    564    557
   551    557    556
   551    556    555
   551    555    552
   560    559    558
   560    558    557
   560    557    564
   560    564    563
   560    563    561
   562    561    563
   562    563    549
   562    549    548
   473    475    474
