0 -90 43.250000000000
5 -90 43.250000000000
10 -90 43.250000000000
15 -90 43.250000000000
20 -90 43.250000000000
25 -90 43.250000000000
30 -90 43.250000000000
35 -90 43.250000000000
40 -90 43.250000000000
45 -90 43.250000000000
50 -90 43.250000000000
55 -90 43.250000000000
60 -90 43.250000000000
65 -90 43.250000000000
70 -90 43.250000000000
75 -90 43.250000000000
80 -90 43.250000000000
85 -90 43.250000000000
90 -90 43.250000000000
95 -90 43.250000000000
100 -90 43.250000000000
105 -90 43.250000000000
110 -90 43.250000000000
115 -90 43.250000000000
120 -90 43.250000000000
125 -90 43.250000000000
130 -90 43.250000000000
135 -90 43.250000000000
140 -90 43.250000000000
145 -90 43.250000000000
150 -90 43.250000000000
155 -90 43.250000000000
160 -90 43.250000000000
165 -90 43.250000000000
170 -90 43.250000000000
175 -90 43.250000000000
180 -90 43.250000000000
185 -90 43.250000000000
190 -90 43.250000000000
195 -90 43.250000000000
200 -90 43.250000000000
205 -90 43.250000000000
210 -90 43.250000000000
215 -90 43.250000000000
220 -90 43.250000000000
225 -90 43.250000000000
230 -90 43.250000000000
235 -90 43.250000000000
240 -90 43.250000000000
245 -90 43.250000000000
250 -90 43.250000000000
255 -90 43.250000000000
260 -90 43.250000000000
265 -90 43.250000000000
270 -90 43.250000000000
275 -90 43.250000000000
280 -90 43.250000000000
285 -90 43.250000000000
290 -90 43.250000000000
295 -90 43.250000000000
300 -90 43.250000000000
305 -90 43.250000000000
310 -90 43.250000000000
315 -90 43.250000000000
320 -90 43.250000000000
325 -90 43.250000000000
330 -90 43.250000000000
335 -90 43.250000000000
340 -90 43.250000000000
345 -90 43.250000000000
350 -90 43.250000000000
355 -90 43.250000000000
360 -90 43.250000000000
0 -85 43.250000000000
5 -85 43.250000000000
10 -85 43.250000000000
15 -85 43.250000000000
20 -85 43.250000000000
25 -85 43.250000000000
30 -85 43.250000000000
35 -85 43.250000000000
40 -85 43.250000000000
45 -85 43.250000000000
50 -85 43.250000000000
55 -85 43.250000000000
60 -85 43.250000000000
65 -85 43.250000000000
70 -85 43.250000000000
75 -85 43.250000000000
80 -85 43.250000000000
85 -85 43.250000000000
90 -85 43.250000000000
95 -85 43.250000000000
100 -85 43.250000000000
105 -85 43.250000000000
110 -85 43.250000000000
115 -85 43.250000000000
120 -85 43.250000000000
125 -85 43.250000000000
130 -85 43.250000000000
135 -85 43.250000000000
140 -85 43.250000000000
145 -85 43.250000000000
150 -85 43.250000000000
155 -85 43.250000000000
160 -85 43.250000000000
165 -85 43.250000000000
170 -85 43.250000000000
175 -85 43.250000000000
180 -85 43.250000000000
185 -85 43.250000000000
190 -85 43.250000000000
195 -85 43.250000000000
200 -85 43.250000000000
205 -85 43.250000000000
210 -85 43.250000000000
215 -85 43.250000000000
220 -85 43.250000000000
225 -85 43.250000000000
230 -85 43.250000000000
235 -85 43.250000000000
240 -85 43.250000000000
245 -85 43.250000000000
250 -85 43.250000000000
255 -85 43.250000000000
260 -85 43.250000000000
265 -85 43.250000000000
270 -85 43.250000000000
275 -85 43.250000000000
280 -85 43.250000000000
285 -85 43.250000000000
290 -85 43.250000000000
295 -85 43.250000000000
300 -85 43.250000000000
305 -85 43.250000000000
310 -85 43.250000000000
315 -85 43.250000000000
320 -85 43.250000000000
325 -85 43.250000000000
330 -85 43.250000000000
335 -85 43.250000000000
340 -85 43.250000000000
345 -85 43.250000000000
350 -85 43.250000000000
355 -85 43.250000000000
360 -85 43.250000000000
0 -80 43.250000000000
5 -80 43.250000000000
10 -80 43.250000000000
15 -80 43.250000000000
20 -80 43.250000000000
25 -80 43.250000000000
30 -80 43.250000000000
35 -80 43.250000000000
40 -80 43.250000000000
45 -80 43.250000000000
50 -80 43.250000000000
55 -80 43.250000000000
60 -80 43.250000000000
65 -80 43.250000000000
70 -80 43.250000000000
75 -80 43.250000000000
80 -80 43.250000000000
85 -80 43.250000000000
90 -80 43.250000000000
95 -80 43.250000000000
100 -80 43.250000000000
105 -80 43.250000000000
110 -80 43.250000000000
115 -80 43.250000000000
120 -80 43.250000000000
125 -80 43.250000000000
130 -80 43.250000000000
135 -80 43.250000000000
140 -80 43.250000000000
145 -80 43.250000000000
150 -80 43.250000000000
155 -80 43.250000000000
160 -80 43.250000000000
165 -80 43.250000000000
170 -80 43.250000000000
175 -80 43.250000000000
180 -80 43.250000000000
185 -80 43.250000000000
190 -80 43.250000000000
195 -80 43.250000000000
200 -80 43.250000000000
205 -80 43.250000000000
210 -80 43.250000000000
215 -80 43.250000000000
220 -80 43.250000000000
225 -80 43.250000000000
230 -80 43.250000000000
235 -80 43.250000000000
240 -80 43.250000000000
245 -80 43.250000000000
250 -80 43.250000000000
255 -80 43.250000000000
260 -80 43.250000000000
265 -80 43.250000000000
270 -80 43.250000000000
275 -80 43.250000000000
280 -80 43.250000000000
285 -80 43.250000000000
290 -80 43.250000000000
295 -80 43.250000000000
300 -80 43.250000000000
305 -80 43.250000000000
310 -80 43.250000000000
315 -80 43.250000000000
320 -80 43.250000000000
325 -80 43.250000000000
330 -80 43.250000000000
335 -80 43.250000000000
340 -80 43.250000000000
345 -80 43.250000000000
350 -80 43.250000000000
355 -80 43.250000000000
360 -80 43.250000000000
0 -75 43.250000000000
5 -75 43.250000000000
10 -75 43.250000000000
15 -75 43.250000000000
20 -75 43.250000000000
25 -75 43.250000000000
30 -75 43.250000000000
35 -75 43.250000000000
40 -75 43.250000000000
45 -75 43.250000000000
50 -75 43.250000000000
55 -75 43.250000000000
60 -75 43.250000000000
65 -75 43.250000000000
70 -75 43.250000000000
75 -75 43.250000000000
80 -75 43.250000000000
85 -75 43.250000000000
90 -75 43.250000000000
95 -75 43.250000000000
100 -75 43.250000000000
105 -75 43.250000000000
110 -75 43.250000000000
115 -75 43.250000000000
120 -75 43.250000000000
125 -75 43.250000000000
130 -75 43.250000000000
135 -75 43.250000000000
140 -75 43.250000000000
145 -75 43.250000000000
150 -75 43.250000000000
155 -75 43.250000000000
160 -75 43.250000000000
165 -75 43.250000000000
170 -75 43.250000000000
175 -75 43.250000000000
180 -75 43.250000000000
185 -75 43.250000000000
190 -75 43.250000000000
195 -75 43.250000000000
200 -75 43.250000000000
205 -75 43.250000000000
210 -75 43.250000000000
215 -75 43.250000000000
220 -75 43.250000000000
225 -75 43.250000000000
230 -75 43.250000000000
235 -75 43.250000000000
240 -75 43.250000000000
245 -75 43.250000000000
250 -75 43.250000000000
255 -75 43.250000000000
260 -75 43.250000000000
265 -75 43.250000000000
270 -75 43.250000000000
275 -75 43.250000000000
280 -75 43.250000000000
285 -75 43.250000000000
290 -75 43.250000000000
295 -75 43.250000000000
300 -75 43.250000000000
305 -75 43.250000000000
310 -75 43.250000000000
315 -75 43.250000000000
320 -75 43.250000000000
325 -75 43.250000000000
330 -75 43.250000000000
335 -75 43.250000000000
340 -75 43.250000000000
345 -75 43.250000000000
350 -75 43.250000000000
355 -75 43.250000000000
360 -75 43.250000000000
0 -70 43.250000000000
5 -70 43.250000000000
10 -70 43.250000000000
15 -70 43.250000000000
20 -70 43.250000000000
25 -70 43.250000000000
30 -70 43.250000000000
35 -70 43.250000000000
40 -70 43.250000000000
45 -70 43.250000000000
50 -70 43.250000000000
55 -70 43.250000000000
60 -70 43.250000000000
65 -70 43.250000000000
70 -70 43.250000000000
75 -70 43.250000000000
80 -70 43.250000000000
85 -70 43.250000000000
90 -70 43.250000000000
95 -70 43.250000000000
100 -70 43.250000000000
105 -70 43.250000000000
110 -70 43.250000000000
115 -70 43.250000000000
120 -70 43.250000000000
125 -70 43.250000000000
130 -70 43.250000000000
135 -70 43.250000000000
140 -70 43.250000000000
145 -70 43.250000000000
150 -70 43.250000000000
155 -70 43.250000000000
160 -70 43.250000000000
165 -70 43.250000000000
170 -70 43.250000000000
175 -70 43.250000000000
180 -70 43.250000000000
185 -70 43.250000000000
190 -70 43.250000000000
195 -70 43.250000000000
200 -70 43.250000000000
205 -70 43.250000000000
210 -70 43.250000000000
215 -70 43.250000000000
220 -70 43.250000000000
225 -70 43.250000000000
230 -70 43.250000000000
235 -70 43.250000000000
240 -70 43.250000000000
245 -70 43.250000000000
250 -70 43.250000000000
255 -70 43.250000000000
260 -70 43.250000000000
265 -70 43.250000000000
270 -70 43.250000000000
275 -70 43.250000000000
280 -70 43.250000000000
285 -70 43.250000000000
290 -70 43.250000000000
295 -70 43.250000000000
300 -70 43.250000000000
305 -70 43.250000000000
310 -70 43.250000000000
315 -70 43.250000000000
320 -70 43.250000000000
325 -70 43.250000000000
330 -70 43.250000000000
335 -70 43.250000000000
340 -70 43.250000000000
345 -70 43.250000000000
350 -70 43.250000000000
355 -70 43.250000000000
360 -70 43.250000000000
0 -65 43.250000000000
5 -65 43.250000000000
10 -65 43.250000000000
15 -65 43.250000000000
20 -65 43.250000000000
25 -65 43.250000000000
30 -65 43.250000000000
35 -65 43.250000000000
40 -65 43.250000000000
45 -65 43.250000000000
50 -65 43.250000000000
55 -65 43.250000000000
60 -65 43.250000000000
65 -65 43.250000000000
70 -65 43.250000000000
75 -65 43.250000000000
80 -65 43.250000000000
85 -65 43.250000000000
90 -65 43.250000000000
95 -65 43.250000000000
100 -65 43.250000000000
105 -65 43.250000000000
110 -65 43.250000000000
115 -65 43.250000000000
120 -65 43.250000000000
125 -65 43.250000000000
130 -65 43.250000000000
135 -65 43.250000000000
140 -65 43.250000000000
145 -65 43.250000000000
150 -65 43.250000000000
155 -65 43.250000000000
160 -65 43.250000000000
165 -65 43.250000000000
170 -65 43.250000000000
175 -65 43.250000000000
180 -65 43.250000000000
185 -65 43.250000000000
190 -65 43.250000000000
195 -65 43.250000000000
200 -65 43.250000000000
205 -65 43.250000000000
210 -65 43.250000000000
215 -65 43.250000000000
220 -65 43.250000000000
225 -65 43.250000000000
230 -65 43.250000000000
235 -65 43.250000000000
240 -65 43.250000000000
245 -65 43.250000000000
250 -65 43.250000000000
255 -65 43.250000000000
260 -65 43.250000000000
265 -65 43.250000000000
270 -65 43.250000000000
275 -65 43.250000000000
280 -65 43.250000000000
285 -65 43.250000000000
290 -65 43.250000000000
295 -65 43.250000000000
300 -65 43.250000000000
305 -65 43.250000000000
310 -65 43.250000000000
315 -65 43.250000000000
320 -65 43.250000000000
325 -65 43.250000000000
330 -65 43.250000000000
335 -65 43.250000000000
340 -65 43.250000000000
345 -65 43.250000000000
350 -65 43.250000000000
355 -65 43.250000000000
360 -65 43.250000000000
0 -60 43.250000000000
5 -60 43.250000000000
10 -60 43.250000000000
15 -60 43.250000000000
20 -60 43.250000000000
25 -60 43.250000000000
30 -60 43.250000000000
35 -60 43.250000000000
40 -60 43.250000000000
45 -60 43.250000000000
50 -60 43.250000000000
55 -60 43.250000000000
60 -60 43.250000000000
65 -60 43.250000000000
70 -60 43.250000000000
75 -60 43.250000000000
80 -60 43.250000000000
85 -60 43.250000000000
90 -60 43.250000000000
95 -60 43.250000000000
100 -60 43.250000000000
105 -60 43.250000000000
110 -60 43.250000000000
115 -60 43.250000000000
120 -60 43.250000000000
125 -60 43.250000000000
130 -60 43.250000000000
135 -60 43.250000000000
140 -60 43.250000000000
145 -60 43.250000000000
150 -60 43.250000000000
155 -60 43.250000000000
160 -60 43.250000000000
165 -60 43.250000000000
170 -60 43.250000000000
175 -60 43.250000000000
180 -60 43.250000000000
185 -60 43.250000000000
190 -60 43.250000000000
195 -60 43.250000000000
200 -60 43.250000000000
205 -60 43.250000000000
210 -60 43.250000000000
215 -60 43.250000000000
220 -60 43.250000000000
225 -60 43.250000000000
230 -60 43.250000000000
235 -60 43.250000000000
240 -60 43.250000000000
245 -60 43.250000000000
250 -60 43.250000000000
255 -60 43.250000000000
260 -60 43.250000000000
265 -60 43.250000000000
270 -60 43.250000000000
275 -60 43.250000000000
280 -60 43.250000000000
285 -60 43.250000000000
290 -60 43.250000000000
295 -60 43.250000000000
300 -60 43.250000000000
305 -60 43.250000000000
310 -60 43.250000000000
315 -60 43.250000000000
320 -60 43.250000000000
325 -60 43.250000000000
330 -60 43.250000000000
335 -60 43.250000000000
340 -60 43.250000000000
345 -60 43.250000000000
350 -60 43.250000000000
355 -60 43.250000000000
360 -60 43.250000000000
0 -55 43.250000000000
5 -55 43.250000000000
10 -55 43.250000000000
15 -55 43.250000000000
20 -55 43.250000000000
25 -55 43.250000000000
30 -55 43.250000000000
35 -55 43.250000000000
40 -55 43.250000000000
45 -55 43.250000000000
50 -55 43.250000000000
55 -55 43.250000000000
60 -55 43.250000000000
65 -55 43.250000000000
70 -55 43.250000000000
75 -55 43.250000000000
80 -55 43.250000000000
85 -55 43.250000000000
90 -55 43.250000000000
95 -55 43.250000000000
100 -55 43.250000000000
105 -55 43.250000000000
110 -55 43.250000000000
115 -55 43.250000000000
120 -55 43.250000000000
125 -55 43.250000000000
130 -55 43.250000000000
135 -55 43.250000000000
140 -55 43.250000000000
145 -55 43.250000000000
150 -55 43.250000000000
155 -55 43.250000000000
160 -55 43.250000000000
165 -55 43.250000000000
170 -55 43.250000000000
175 -55 43.250000000000
180 -55 43.250000000000
185 -55 43.250000000000
190 -55 43.250000000000
195 -55 43.250000000000
200 -55 43.250000000000
205 -55 43.250000000000
210 -55 43.250000000000
215 -55 43.250000000000
220 -55 43.250000000000
225 -55 43.250000000000
230 -55 43.250000000000
235 -55 43.250000000000
240 -55 43.250000000000
245 -55 43.250000000000
250 -55 43.250000000000
255 -55 43.250000000000
260 -55 43.250000000000
265 -55 43.250000000000
270 -55 43.250000000000
275 -55 43.250000000000
280 -55 43.250000000000
285 -55 43.250000000000
290 -55 43.250000000000
295 -55 43.250000000000
300 -55 43.250000000000
305 -55 43.250000000000
310 -55 43.250000000000
315 -55 43.250000000000
320 -55 43.250000000000
325 -55 43.250000000000
330 -55 43.250000000000
335 -55 43.250000000000
340 -55 43.250000000000
345 -55 43.250000000000
350 -55 43.250000000000
355 -55 43.250000000000
360 -55 43.250000000000
0 -50 43.250000000000
5 -50 43.250000000000
10 -50 43.250000000000
15 -50 43.250000000000
20 -50 43.250000000000
25 -50 43.250000000000
30 -50 43.250000000000
35 -50 43.250000000000
40 -50 43.250000000000
45 -50 43.250000000000
50 -50 43.250000000000
55 -50 43.250000000000
60 -50 43.250000000000
65 -50 43.250000000000
70 -50 43.250000000000
75 -50 43.250000000000
80 -50 43.250000000000
85 -50 43.250000000000
90 -50 43.250000000000
95 -50 43.250000000000
100 -50 43.250000000000
105 -50 43.250000000000
110 -50 43.250000000000
115 -50 43.250000000000
120 -50 43.250000000000
125 -50 43.250000000000
130 -50 43.250000000000
135 -50 43.250000000000
140 -50 43.250000000000
145 -50 43.250000000000
150 -50 43.250000000000
155 -50 43.250000000000
160 -50 43.250000000000
165 -50 43.250000000000
170 -50 43.250000000000
175 -50 43.250000000000
180 -50 43.250000000000
185 -50 43.250000000000
190 -50 43.250000000000
195 -50 43.250000000000
200 -50 43.250000000000
205 -50 43.250000000000
210 -50 43.250000000000
215 -50 43.250000000000
220 -50 43.250000000000
225 -50 43.250000000000
230 -50 43.250000000000
235 -50 43.250000000000
240 -50 43.250000000000
245 -50 43.250000000000
250 -50 43.250000000000
255 -50 43.250000000000
260 -50 43.250000000000
265 -50 43.250000000000
270 -50 43.250000000000
275 -50 43.250000000000
280 -50 43.250000000000
285 -50 43.250000000000
290 -50 43.250000000000
295 -50 43.250000000000
300 -50 43.250000000000
305 -50 43.250000000000
310 -50 43.250000000000
315 -50 43.250000000000
320 -50 43.250000000000
325 -50 43.250000000000
330 -50 43.250000000000
335 -50 43.250000000000
340 -50 43.250000000000
345 -50 43.250000000000
350 -50 43.250000000000
355 -50 43.250000000000
360 -50 43.250000000000
0 -45 43.250000000000
5 -45 43.250000000000
10 -45 43.250000000000
15 -45 43.250000000000
20 -45 43.250000000000
25 -45 43.250000000000
30 -45 43.250000000000
35 -45 43.250000000000
40 -45 43.250000000000
45 -45 43.250000000000
50 -45 43.250000000000
55 -45 43.250000000000
60 -45 43.250000000000
65 -45 43.250000000000
70 -45 43.250000000000
75 -45 43.250000000000
80 -45 43.250000000000
85 -45 43.250000000000
90 -45 43.250000000000
95 -45 43.250000000000
100 -45 43.250000000000
105 -45 43.250000000000
110 -45 43.250000000000
115 -45 43.250000000000
120 -45 43.250000000000
125 -45 43.250000000000
130 -45 43.250000000000
135 -45 43.250000000000
140 -45 43.250000000000
145 -45 43.250000000000
150 -45 43.250000000000
155 -45 43.250000000000
160 -45 43.250000000000
165 -45 43.250000000000
170 -45 43.250000000000
175 -45 43.250000000000
180 -45 43.250000000000
185 -45 43.250000000000
190 -45 43.250000000000
195 -45 43.250000000000
200 -45 43.250000000000
205 -45 43.250000000000
210 -45 43.250000000000
215 -45 43.250000000000
220 -45 43.250000000000
225 -45 43.250000000000
230 -45 43.250000000000
235 -45 43.250000000000
240 -45 43.250000000000
245 -45 43.250000000000
250 -45 43.250000000000
255 -45 43.250000000000
260 -45 43.250000000000
265 -45 43.250000000000
270 -45 43.250000000000
275 -45 43.250000000000
280 -45 43.250000000000
285 -45 43.250000000000
290 -45 43.250000000000
295 -45 43.250000000000
300 -45 43.250000000000
305 -45 43.250000000000
310 -45 43.250000000000
315 -45 43.250000000000
320 -45 43.250000000000
325 -45 43.250000000000
330 -45 43.250000000000
335 -45 43.250000000000
340 -45 43.250000000000
345 -45 43.250000000000
350 -45 43.250000000000
355 -45 43.250000000000
360 -45 43.250000000000
0 -40 43.250000000000
5 -40 43.250000000000
10 -40 43.250000000000
15 -40 43.250000000000
20 -40 43.250000000000
25 -40 43.250000000000
30 -40 43.250000000000
35 -40 43.250000000000
40 -40 43.250000000000
45 -40 43.250000000000
50 -40 43.250000000000
55 -40 43.250000000000
60 -40 43.250000000000
65 -40 43.250000000000
70 -40 43.250000000000
75 -40 43.250000000000
80 -40 43.250000000000
85 -40 43.250000000000
90 -40 43.250000000000
95 -40 43.250000000000
100 -40 43.250000000000
105 -40 43.250000000000
110 -40 43.250000000000
115 -40 43.250000000000
120 -40 43.250000000000
125 -40 43.250000000000
130 -40 43.250000000000
135 -40 43.250000000000
140 -40 43.250000000000
145 -40 43.250000000000
150 -40 43.250000000000
155 -40 43.250000000000
160 -40 43.250000000000
165 -40 43.250000000000
170 -40 43.250000000000
175 -40 43.250000000000
180 -40 43.250000000000
185 -40 43.250000000000
190 -40 43.250000000000
195 -40 43.250000000000
200 -40 43.250000000000
205 -40 43.250000000000
210 -40 43.250000000000
215 -40 43.250000000000
220 -40 43.250000000000
225 -40 43.250000000000
230 -40 43.250000000000
235 -40 43.250000000000
240 -40 43.250000000000
245 -40 43.250000000000
250 -40 43.250000000000
255 -40 43.250000000000
260 -40 43.250000000000
265 -40 43.250000000000
270 -40 43.250000000000
275 -40 43.250000000000
280 -40 43.250000000000
285 -40 43.250000000000
290 -40 43.250000000000
295 -40 43.250000000000
300 -40 43.250000000000
305 -40 43.250000000000
310 -40 43.250000000000
315 -40 43.250000000000
320 -40 43.250000000000
325 -40 43.250000000000
330 -40 43.250000000000
335 -40 43.250000000000
340 -40 43.250000000000
345 -40 43.250000000000
350 -40 43.250000000000
355 -40 43.250000000000
360 -40 43.250000000000
0 -35 43.250000000000
5 -35 43.250000000000
10 -35 43.250000000000
15 -35 43.250000000000
20 -35 43.250000000000
25 -35 43.250000000000
30 -35 43.250000000000
35 -35 43.250000000000
40 -35 43.250000000000
45 -35 43.250000000000
50 -35 43.250000000000
55 -35 43.250000000000
60 -35 43.250000000000
65 -35 43.250000000000
70 -35 43.250000000000
75 -35 43.250000000000
80 -35 43.250000000000
85 -35 43.250000000000
90 -35 43.250000000000
95 -35 43.250000000000
100 -35 43.250000000000
105 -35 43.250000000000
110 -35 43.250000000000
115 -35 43.250000000000
120 -35 43.250000000000
125 -35 43.250000000000
130 -35 43.250000000000
135 -35 43.250000000000
140 -35 43.250000000000
145 -35 43.250000000000
150 -35 43.250000000000
155 -35 43.250000000000
160 -35 43.250000000000
165 -35 43.250000000000
170 -35 43.250000000000
175 -35 43.250000000000
180 -35 43.250000000000
185 -35 43.250000000000
190 -35 43.250000000000
195 -35 43.250000000000
200 -35 43.250000000000
205 -35 43.250000000000
210 -35 43.250000000000
215 -35 43.250000000000
220 -35 43.250000000000
225 -35 43.250000000000
230 -35 43.250000000000
235 -35 43.250000000000
240 -35 43.250000000000
245 -35 43.250000000000
250 -35 43.250000000000
255 -35 43.250000000000
260 -35 43.250000000000
265 -35 43.250000000000
270 -35 43.250000000000
275 -35 43.250000000000
280 -35 43.250000000000
285 -35 43.250000000000
290 -35 43.250000000000
295 -35 43.250000000000
300 -35 43.250000000000
305 -35 43.250000000000
310 -35 43.250000000000
315 -35 43.250000000000
320 -35 43.250000000000
325 -35 43.250000000000
330 -35 43.250000000000
335 -35 43.250000000000
340 -35 43.250000000000
345 -35 43.250000000000
350 -35 43.250000000000
355 -35 43.250000000000
360 -35 43.250000000000
0 -30 43.250000000000
5 -30 43.250000000000
10 -30 43.250000000000
15 -30 43.250000000000
20 -30 43.250000000000
25 -30 43.250000000000
30 -30 43.250000000000
35 -30 43.250000000000
40 -30 43.250000000000
45 -30 43.250000000000
50 -30 43.250000000000
55 -30 43.250000000000
60 -30 43.250000000000
65 -30 43.250000000000
70 -30 43.250000000000
75 -30 43.250000000000
80 -30 43.250000000000
85 -30 43.250000000000
90 -30 43.250000000000
95 -30 43.250000000000
100 -30 43.250000000000
105 -30 43.250000000000
110 -30 43.250000000000
115 -30 43.250000000000
120 -30 43.250000000000
125 -30 43.250000000000
130 -30 43.250000000000
135 -30 43.250000000000
140 -30 43.250000000000
145 -30 43.250000000000
150 -30 43.250000000000
155 -30 43.250000000000
160 -30 43.250000000000
165 -30 43.250000000000
170 -30 43.250000000000
175 -30 43.250000000000
180 -30 43.250000000000
185 -30 43.250000000000
190 -30 43.250000000000
195 -30 43.250000000000
200 -30 43.250000000000
205 -30 43.250000000000
210 -30 43.250000000000
215 -30 43.250000000000
220 -30 43.250000000000
225 -30 43.250000000000
230 -30 43.250000000000
235 -30 43.250000000000
240 -30 43.250000000000
245 -30 43.250000000000
250 -30 43.250000000000
255 -30 43.250000000000
260 -30 43.250000000000
265 -30 43.250000000000
270 -30 43.250000000000
275 -30 43.250000000000
280 -30 43.250000000000
285 -30 43.250000000000
290 -30 43.250000000000
295 -30 43.250000000000
300 -30 43.250000000000
305 -30 43.250000000000
310 -30 43.250000000000
315 -30 43.250000000000
320 -30 43.250000000000
325 -30 43.250000000000
330 -30 43.250000000000
335 -30 43.250000000000
340 -30 43.250000000000
345 -30 43.250000000000
350 -30 43.250000000000
355 -30 43.250000000000
360 -30 43.250000000000
0 -25 43.250000000000
5 -25 43.250000000000
10 -25 43.250000000000
15 -25 43.250000000000
20 -25 43.250000000000
25 -25 43.250000000000
30 -25 43.250000000000
35 -25 43.250000000000
40 -25 43.250000000000
45 -25 43.250000000000
50 -25 43.250000000000
55 -25 43.250000000000
60 -25 43.250000000000
65 -25 43.250000000000
70 -25 43.250000000000
75 -25 43.250000000000
80 -25 43.250000000000
85 -25 43.250000000000
90 -25 43.250000000000
95 -25 43.250000000000
100 -25 43.250000000000
105 -25 43.250000000000
110 -25 43.250000000000
115 -25 43.250000000000
120 -25 43.250000000000
125 -25 43.250000000000
130 -25 43.250000000000
135 -25 43.250000000000
140 -25 43.250000000000
145 -25 43.250000000000
150 -25 43.250000000000
155 -25 43.250000000000
160 -25 43.250000000000
165 -25 43.250000000000
170 -25 43.250000000000
175 -25 43.250000000000
180 -25 43.250000000000
185 -25 43.250000000000
190 -25 43.250000000000
195 -25 43.250000000000
200 -25 43.250000000000
205 -25 43.250000000000
210 -25 43.250000000000
215 -25 43.250000000000
220 -25 43.250000000000
225 -25 43.250000000000
230 -25 43.250000000000
235 -25 43.250000000000
240 -25 43.250000000000
245 -25 43.250000000000
250 -25 43.250000000000
255 -25 43.250000000000
260 -25 43.250000000000
265 -25 43.250000000000
270 -25 43.250000000000
275 -25 43.250000000000
280 -25 43.250000000000
285 -25 43.250000000000
290 -25 43.250000000000
295 -25 43.250000000000
300 -25 43.250000000000
305 -25 43.250000000000
310 -25 43.250000000000
315 -25 43.250000000000
320 -25 43.250000000000
325 -25 43.250000000000
330 -25 43.250000000000
335 -25 43.250000000000
340 -25 43.250000000000
345 -25 43.250000000000
350 -25 43.250000000000
355 -25 43.250000000000
360 -25 43.250000000000
0 -20 43.250000000000
5 -20 43.250000000000
10 -20 43.250000000000
15 -20 43.250000000000
20 -20 43.250000000000
25 -20 43.250000000000
30 -20 43.250000000000
35 -20 43.250000000000
40 -20 43.250000000000
45 -20 43.250000000000
50 -20 43.250000000000
55 -20 43.250000000000
60 -20 43.250000000000
65 -20 43.250000000000
70 -20 43.250000000000
75 -20 43.250000000000
80 -20 43.250000000000
85 -20 43.250000000000
90 -20 43.250000000000
95 -20 43.250000000000
100 -20 43.250000000000
105 -20 43.250000000000
110 -20 43.250000000000
115 -20 43.250000000000
120 -20 43.250000000000
125 -20 43.250000000000
130 -20 43.250000000000
135 -20 43.250000000000
140 -20 43.250000000000
145 -20 43.250000000000
150 -20 43.250000000000
155 -20 43.250000000000
160 -20 43.250000000000
165 -20 43.250000000000
170 -20 43.250000000000
175 -20 43.250000000000
180 -20 43.250000000000
185 -20 43.250000000000
190 -20 43.250000000000
195 -20 43.250000000000
200 -20 43.250000000000
205 -20 43.250000000000
210 -20 43.250000000000
215 -20 43.250000000000
220 -20 43.250000000000
225 -20 43.250000000000
230 -20 43.250000000000
235 -20 43.250000000000
240 -20 43.250000000000
245 -20 43.250000000000
250 -20 43.250000000000
255 -20 43.250000000000
260 -20 43.250000000000
265 -20 43.250000000000
270 -20 43.250000000000
275 -20 43.250000000000
280 -20 43.250000000000
285 -20 43.250000000000
290 -20 43.250000000000
295 -20 43.250000000000
300 -20 43.250000000000
305 -20 43.250000000000
310 -20 43.250000000000
315 -20 43.250000000000
320 -20 43.250000000000
325 -20 43.250000000000
330 -20 43.250000000000
335 -20 43.250000000000
340 -20 43.250000000000
345 -20 43.250000000000
350 -20 43.250000000000
355 -20 43.250000000000
360 -20 43.250000000000
0 -15 43.250000000000
5 -15 43.250000000000
10 -15 43.250000000000
15 -15 43.250000000000
20 -15 43.250000000000
25 -15 43.250000000000
30 -15 43.250000000000
35 -15 43.250000000000
40 -15 43.250000000000
45 -15 43.250000000000
50 -15 43.250000000000
55 -15 43.250000000000
60 -15 43.250000000000
65 -15 43.250000000000
70 -15 43.250000000000
75 -15 43.250000000000
80 -15 43.250000000000
85 -15 43.250000000000
90 -15 43.250000000000
95 -15 43.250000000000
100 -15 43.250000000000
105 -15 43.250000000000
110 -15 43.250000000000
115 -15 43.250000000000
120 -15 43.250000000000
125 -15 43.250000000000
130 -15 43.250000000000
135 -15 43.250000000000
140 -15 43.250000000000
145 -15 43.250000000000
150 -15 43.250000000000
155 -15 43.250000000000
160 -15 43.250000000000
165 -15 43.250000000000
170 -15 43.250000000000
175 -15 43.250000000000
180 -15 43.250000000000
185 -15 43.250000000000
190 -15 43.250000000000
195 -15 43.250000000000
200 -15 43.250000000000
205 -15 43.250000000000
210 -15 43.250000000000
215 -15 43.250000000000
220 -15 43.250000000000
225 -15 43.250000000000
230 -15 43.250000000000
235 -15 43.250000000000
240 -15 43.250000000000
245 -15 43.250000000000
250 -15 43.250000000000
255 -15 43.250000000000
260 -15 43.250000000000
265 -15 43.250000000000
270 -15 43.250000000000
275 -15 43.250000000000
280 -15 43.250000000000
285 -15 43.250000000000
290 -15 43.250000000000
295 -15 43.250000000000
300 -15 43.250000000000
305 -15 43.250000000000
310 -15 43.250000000000
315 -15 43.250000000000
320 -15 43.250000000000
325 -15 43.250000000000
330 -15 43.250000000000
335 -15 43.250000000000
340 -15 43.250000000000
345 -15 43.250000000000
350 -15 43.250000000000
355 -15 43.250000000000
360 -15 43.250000000000
0 -10 43.250000000000
5 -10 43.250000000000
10 -10 43.250000000000
15 -10 43.250000000000
20 -10 43.250000000000
25 -10 43.250000000000
30 -10 43.250000000000
35 -10 43.250000000000
40 -10 43.250000000000
45 -10 43.250000000000
50 -10 43.250000000000
55 -10 43.250000000000
60 -10 43.250000000000
65 -10 43.250000000000
70 -10 43.250000000000
75 -10 43.250000000000
80 -10 43.250000000000
85 -10 43.250000000000
90 -10 43.250000000000
95 -10 43.250000000000
100 -10 43.250000000000
105 -10 43.250000000000
110 -10 43.250000000000
115 -10 43.250000000000
120 -10 43.250000000000
125 -10 43.250000000000
130 -10 43.250000000000
135 -10 43.250000000000
140 -10 43.250000000000
145 -10 43.250000000000
150 -10 43.250000000000
155 -10 43.250000000000
160 -10 43.250000000000
165 -10 43.250000000000
170 -10 43.250000000000
175 -10 43.250000000000
180 -10 43.250000000000
185 -10 43.250000000000
190 -10 43.250000000000
195 -10 43.250000000000
200 -10 43.250000000000
205 -10 43.250000000000
210 -10 43.250000000000
215 -10 43.250000000000
220 -10 43.250000000000
225 -10 43.250000000000
230 -10 43.250000000000
235 -10 43.250000000000
240 -10 43.250000000000
245 -10 43.250000000000
250 -10 43.250000000000
255 -10 43.250000000000
260 -10 43.250000000000
265 -10 43.250000000000
270 -10 43.250000000000
275 -10 43.250000000000
280 -10 43.250000000000
285 -10 43.250000000000
290 -10 43.250000000000
295 -10 43.250000000000
300 -10 43.250000000000
305 -10 43.250000000000
310 -10 43.250000000000
315 -10 43.250000000000
320 -10 43.250000000000
325 -10 43.250000000000
330 -10 43.250000000000
335 -10 43.250000000000
340 -10 43.250000000000
345 -10 43.250000000000
350 -10 43.250000000000
355 -10 43.250000000000
360 -10 43.250000000000
0 -5 43.250000000000
5 -5 43.250000000000
10 -5 43.250000000000
15 -5 43.250000000000
20 -5 43.250000000000
25 -5 43.250000000000
30 -5 43.250000000000
35 -5 43.250000000000
40 -5 43.250000000000
45 -5 43.250000000000
50 -5 43.250000000000
55 -5 43.250000000000
60 -5 43.250000000000
65 -5 43.250000000000
70 -5 43.250000000000
75 -5 43.250000000000
80 -5 43.250000000000
85 -5 43.250000000000
90 -5 43.250000000000
95 -5 43.250000000000
100 -5 43.250000000000
105 -5 43.250000000000
110 -5 43.250000000000
115 -5 43.250000000000
120 -5 43.250000000000
125 -5 43.250000000000
130 -5 43.250000000000
135 -5 43.250000000000
140 -5 43.250000000000
145 -5 43.250000000000
150 -5 43.250000000000
155 -5 43.250000000000
160 -5 43.250000000000
165 -5 43.250000000000
170 -5 43.250000000000
175 -5 43.250000000000
180 -5 43.250000000000
185 -5 43.250000000000
190 -5 43.250000000000
195 -5 43.250000000000
200 -5 43.250000000000
205 -5 43.250000000000
210 -5 43.250000000000
215 -5 43.250000000000
220 -5 43.250000000000
225 -5 43.250000000000
230 -5 43.250000000000
235 -5 43.250000000000
240 -5 43.250000000000
245 -5 43.250000000000
250 -5 43.250000000000
255 -5 43.250000000000
260 -5 43.250000000000
265 -5 43.250000000000
270 -5 43.250000000000
275 -5 43.250000000000
280 -5 43.250000000000
285 -5 43.250000000000
290 -5 43.250000000000
295 -5 43.250000000000
300 -5 43.250000000000
305 -5 43.250000000000
310 -5 43.250000000000
315 -5 43.250000000000
320 -5 43.250000000000
325 -5 43.250000000000
330 -5 43.250000000000
335 -5 43.250000000000
340 -5 43.250000000000
345 -5 43.250000000000
350 -5 43.250000000000
355 -5 43.250000000000
360 -5 43.250000000000
0 0 43.250000000000
5 0 43.250000000000
10 0 43.250000000000
15 0 43.250000000000
20 0 43.250000000000
25 0 43.250000000000
30 0 43.250000000000
35 0 43.250000000000
40 0 43.250000000000
45 0 43.250000000000
50 0 43.250000000000
55 0 43.250000000000
60 0 43.250000000000
65 0 43.250000000000
70 0 43.250000000000
75 0 43.250000000000
80 0 43.250000000000
85 0 43.250000000000
90 0 43.250000000000
95 0 43.250000000000
100 0 43.250000000000
105 0 43.250000000000
110 0 43.250000000000
115 0 43.250000000000
120 0 43.250000000000
125 0 43.250000000000
130 0 43.250000000000
135 0 43.250000000000
140 0 43.250000000000
145 0 43.250000000000
150 0 43.250000000000
155 0 43.250000000000
160 0 43.250000000000
165 0 43.250000000000
170 0 43.250000000000
175 0 43.250000000000
180 0 43.250000000000
185 0 43.250000000000
190 0 43.250000000000
195 0 43.250000000000
200 0 43.250000000000
205 0 43.250000000000
210 0 43.250000000000
215 0 43.250000000000
220 0 43.250000000000
225 0 43.250000000000
230 0 43.250000000000
235 0 43.250000000000
240 0 43.250000000000
245 0 43.250000000000
250 0 43.250000000000
255 0 43.250000000000
260 0 43.250000000000
265 0 43.250000000000
270 0 43.250000000000
275 0 43.250000000000
280 0 43.250000000000
285 0 43.250000000000
290 0 43.250000000000
295 0 43.250000000000
300 0 43.250000000000
305 0 43.250000000000
310 0 43.250000000000
315 0 43.250000000000
320 0 43.250000000000
325 0 43.250000000000
330 0 43.250000000000
335 0 43.250000000000
340 0 43.250000000000
345 0 43.250000000000
350 0 43.250000000000
355 0 43.250000000000
360 0 43.250000000000
0 5 43.250000000000
5 5 43.250000000000
10 5 43.250000000000
15 5 43.250000000000
20 5 43.250000000000
25 5 43.250000000000
30 5 43.250000000000
35 5 43.250000000000
40 5 43.250000000000
45 5 43.250000000000
50 5 43.250000000000
55 5 43.250000000000
60 5 43.250000000000
65 5 43.250000000000
70 5 43.250000000000
75 5 43.250000000000
80 5 43.250000000000
85 5 43.250000000000
90 5 43.250000000000
95 5 43.250000000000
100 5 43.250000000000
105 5 43.250000000000
110 5 43.250000000000
115 5 43.250000000000
120 5 43.250000000000
125 5 43.250000000000
130 5 43.250000000000
135 5 43.250000000000
140 5 43.250000000000
145 5 43.250000000000
150 5 43.250000000000
155 5 43.250000000000
160 5 43.250000000000
165 5 43.250000000000
170 5 43.250000000000
175 5 43.250000000000
180 5 43.250000000000
185 5 43.250000000000
190 5 43.250000000000
195 5 43.250000000000
200 5 43.250000000000
205 5 43.250000000000
210 5 43.250000000000
215 5 43.250000000000
220 5 43.250000000000
225 5 43.250000000000
230 5 43.250000000000
235 5 43.250000000000
240 5 43.250000000000
245 5 43.250000000000
250 5 43.250000000000
255 5 43.250000000000
260 5 43.250000000000
265 5 43.250000000000
270 5 43.250000000000
275 5 43.250000000000
280 5 43.250000000000
285 5 43.250000000000
290 5 43.250000000000
295 5 43.250000000000
300 5 43.250000000000
305 5 43.250000000000
310 5 43.250000000000
315 5 43.250000000000
320 5 43.250000000000
325 5 43.250000000000
330 5 43.250000000000
335 5 43.250000000000
340 5 43.250000000000
345 5 43.250000000000
350 5 43.250000000000
355 5 43.250000000000
360 5 43.250000000000
0 10 43.250000000000
5 10 43.250000000000
10 10 43.250000000000
15 10 43.250000000000
20 10 43.250000000000
25 10 43.250000000000
30 10 43.250000000000
35 10 43.250000000000
40 10 43.250000000000
45 10 43.250000000000
50 10 43.250000000000
55 10 43.250000000000
60 10 43.250000000000
65 10 43.250000000000
70 10 43.250000000000
75 10 43.250000000000
80 10 43.250000000000
85 10 43.250000000000
90 10 43.250000000000
95 10 43.250000000000
100 10 43.250000000000
105 10 43.250000000000
110 10 43.250000000000
115 10 43.250000000000
120 10 43.250000000000
125 10 43.250000000000
130 10 43.250000000000
135 10 43.250000000000
140 10 43.250000000000
145 10 43.250000000000
150 10 43.250000000000
155 10 43.250000000000
160 10 43.250000000000
165 10 43.250000000000
170 10 43.250000000000
175 10 43.250000000000
180 10 43.250000000000
185 10 43.250000000000
190 10 43.250000000000
195 10 43.250000000000
200 10 43.250000000000
205 10 43.250000000000
210 10 43.250000000000
215 10 43.250000000000
220 10 43.250000000000
225 10 43.250000000000
230 10 43.250000000000
235 10 43.250000000000
240 10 43.250000000000
245 10 43.250000000000
250 10 43.250000000000
255 10 43.250000000000
260 10 43.250000000000
265 10 43.250000000000
270 10 43.250000000000
275 10 43.250000000000
280 10 43.250000000000
285 10 43.250000000000
290 10 43.250000000000
295 10 43.250000000000
300 10 43.250000000000
305 10 43.250000000000
310 10 43.250000000000
315 10 43.250000000000
320 10 43.250000000000
325 10 43.250000000000
330 10 43.250000000000
335 10 43.250000000000
340 10 43.250000000000
345 10 43.250000000000
350 10 43.250000000000
355 10 43.250000000000
360 10 43.250000000000
0 15 43.250000000000
5 15 43.250000000000
10 15 43.250000000000
15 15 43.250000000000
20 15 43.250000000000
25 15 43.250000000000
30 15 43.250000000000
35 15 43.250000000000
40 15 43.250000000000
45 15 43.250000000000
50 15 43.250000000000
55 15 43.250000000000
60 15 43.250000000000
65 15 43.250000000000
70 15 43.250000000000
75 15 43.250000000000
80 15 43.250000000000
85 15 43.250000000000
90 15 43.250000000000
95 15 43.250000000000
100 15 43.250000000000
105 15 43.250000000000
110 15 43.250000000000
115 15 43.250000000000
120 15 43.250000000000
125 15 43.250000000000
130 15 43.250000000000
135 15 43.250000000000
140 15 43.250000000000
145 15 43.250000000000
150 15 43.250000000000
155 15 43.250000000000
160 15 43.250000000000
165 15 43.250000000000
170 15 43.250000000000
175 15 43.250000000000
180 15 43.250000000000
185 15 43.250000000000
190 15 43.250000000000
195 15 43.250000000000
200 15 43.250000000000
205 15 43.250000000000
210 15 43.250000000000
215 15 43.250000000000
220 15 43.250000000000
225 15 43.250000000000
230 15 43.250000000000
235 15 43.250000000000
240 15 43.250000000000
245 15 43.250000000000
250 15 43.250000000000
255 15 43.250000000000
260 15 43.250000000000
265 15 43.250000000000
270 15 43.250000000000
275 15 43.250000000000
280 15 43.250000000000
285 15 43.250000000000
290 15 43.250000000000
295 15 43.250000000000
300 15 43.250000000000
305 15 43.250000000000
310 15 43.250000000000
315 15 43.250000000000
320 15 43.250000000000
325 15 43.250000000000
330 15 43.250000000000
335 15 43.250000000000
340 15 43.250000000000
345 15 43.250000000000
350 15 43.250000000000
355 15 43.250000000000
360 15 43.250000000000
0 20 43.250000000000
5 20 43.250000000000
10 20 43.250000000000
15 20 43.250000000000
20 20 43.250000000000
25 20 43.250000000000
30 20 43.250000000000
35 20 43.250000000000
40 20 43.250000000000
45 20 43.250000000000
50 20 43.250000000000
55 20 43.250000000000
60 20 43.250000000000
65 20 43.250000000000
70 20 43.250000000000
75 20 43.250000000000
80 20 43.250000000000
85 20 43.250000000000
90 20 43.250000000000
95 20 43.250000000000
100 20 43.250000000000
105 20 43.250000000000
110 20 43.250000000000
115 20 43.250000000000
120 20 43.250000000000
125 20 43.250000000000
130 20 43.250000000000
135 20 43.250000000000
140 20 43.250000000000
145 20 43.250000000000
150 20 43.250000000000
155 20 43.250000000000
160 20 43.250000000000
165 20 43.250000000000
170 20 43.250000000000
175 20 43.250000000000
180 20 43.250000000000
185 20 43.250000000000
190 20 43.250000000000
195 20 43.250000000000
200 20 43.250000000000
205 20 43.250000000000
210 20 43.250000000000
215 20 43.250000000000
220 20 43.250000000000
225 20 43.250000000000
230 20 43.250000000000
235 20 43.250000000000
240 20 43.250000000000
245 20 43.250000000000
250 20 43.250000000000
255 20 43.250000000000
260 20 43.250000000000
265 20 43.250000000000
270 20 43.250000000000
275 20 43.250000000000
280 20 43.250000000000
285 20 43.250000000000
290 20 43.250000000000
295 20 43.250000000000
300 20 43.250000000000
305 20 43.250000000000
310 20 43.250000000000
315 20 43.250000000000
320 20 43.250000000000
325 20 43.250000000000
330 20 43.250000000000
335 20 43.250000000000
340 20 43.250000000000
345 20 43.250000000000
350 20 43.250000000000
355 20 43.250000000000
360 20 43.250000000000
0 25 43.250000000000
5 25 43.250000000000
10 25 43.250000000000
15 25 43.250000000000
20 25 43.250000000000
25 25 43.250000000000
30 25 43.250000000000
35 25 43.250000000000
40 25 43.250000000000
45 25 43.250000000000
50 25 43.250000000000
55 25 43.250000000000
60 25 43.250000000000
65 25 43.250000000000
70 25 43.250000000000
75 25 43.250000000000
80 25 43.250000000000
85 25 43.250000000000
90 25 43.250000000000
95 25 43.250000000000
100 25 43.250000000000
105 25 43.250000000000
110 25 43.250000000000
115 25 43.250000000000
120 25 43.250000000000
125 25 43.250000000000
130 25 43.250000000000
135 25 43.250000000000
140 25 43.250000000000
145 25 43.250000000000
150 25 43.250000000000
155 25 43.250000000000
160 25 43.250000000000
165 25 43.250000000000
170 25 43.250000000000
175 25 43.250000000000
180 25 43.250000000000
185 25 43.250000000000
190 25 43.250000000000
195 25 43.250000000000
200 25 43.250000000000
205 25 43.250000000000
210 25 43.250000000000
215 25 43.250000000000
220 25 43.250000000000
225 25 43.250000000000
230 25 43.250000000000
235 25 43.250000000000
240 25 43.250000000000
245 25 43.250000000000
250 25 43.250000000000
255 25 43.250000000000
260 25 43.250000000000
265 25 43.250000000000
270 25 43.250000000000
275 25 43.250000000000
280 25 43.250000000000
285 25 43.250000000000
290 25 43.250000000000
295 25 43.250000000000
300 25 43.250000000000
305 25 43.250000000000
310 25 43.250000000000
315 25 43.250000000000
320 25 43.250000000000
325 25 43.250000000000
330 25 43.250000000000
335 25 43.250000000000
340 25 43.250000000000
345 25 43.250000000000
350 25 43.250000000000
355 25 43.250000000000
360 25 43.250000000000
0 30 43.250000000000
5 30 43.250000000000
10 30 43.250000000000
15 30 43.250000000000
20 30 43.250000000000
25 30 43.250000000000
30 30 43.250000000000
35 30 43.250000000000
40 30 43.250000000000
45 30 43.250000000000
50 30 43.250000000000
55 30 43.250000000000
60 30 43.250000000000
65 30 43.250000000000
70 30 43.250000000000
75 30 43.250000000000
80 30 43.250000000000
85 30 43.250000000000
90 30 43.250000000000
95 30 43.250000000000
100 30 43.250000000000
105 30 43.250000000000
110 30 43.250000000000
115 30 43.250000000000
120 30 43.250000000000
125 30 43.250000000000
130 30 43.250000000000
135 30 43.250000000000
140 30 43.250000000000
145 30 43.250000000000
150 30 43.250000000000
155 30 43.250000000000
160 30 43.250000000000
165 30 43.250000000000
170 30 43.250000000000
175 30 43.250000000000
180 30 43.250000000000
185 30 43.250000000000
190 30 43.250000000000
195 30 43.250000000000
200 30 43.250000000000
205 30 43.250000000000
210 30 43.250000000000
215 30 43.250000000000
220 30 43.250000000000
225 30 43.250000000000
230 30 43.250000000000
235 30 43.250000000000
240 30 43.250000000000
245 30 43.250000000000
250 30 43.250000000000
255 30 43.250000000000
260 30 43.250000000000
265 30 43.250000000000
270 30 43.250000000000
275 30 43.250000000000
280 30 43.250000000000
285 30 43.250000000000
290 30 43.250000000000
295 30 43.250000000000
300 30 43.250000000000
305 30 43.250000000000
310 30 43.250000000000
315 30 43.250000000000
320 30 43.250000000000
325 30 43.250000000000
330 30 43.250000000000
335 30 43.250000000000
340 30 43.250000000000
345 30 43.250000000000
350 30 43.250000000000
355 30 43.250000000000
360 30 43.250000000000
0 35 43.250000000000
5 35 43.250000000000
10 35 43.250000000000
15 35 43.250000000000
20 35 43.250000000000
25 35 43.250000000000
30 35 43.250000000000
35 35 43.250000000000
40 35 43.250000000000
45 35 43.250000000000
50 35 43.250000000000
55 35 43.250000000000
60 35 43.250000000000
65 35 43.250000000000
70 35 43.250000000000
75 35 43.250000000000
80 35 43.250000000000
85 35 43.250000000000
90 35 43.250000000000
95 35 43.250000000000
100 35 43.250000000000
105 35 43.250000000000
110 35 43.250000000000
115 35 43.250000000000
120 35 43.250000000000
125 35 43.250000000000
130 35 43.250000000000
135 35 43.250000000000
140 35 43.250000000000
145 35 43.250000000000
150 35 43.250000000000
155 35 43.250000000000
160 35 43.250000000000
165 35 43.250000000000
170 35 43.250000000000
175 35 43.250000000000
180 35 43.250000000000
185 35 43.250000000000
190 35 43.250000000000
195 35 43.250000000000
200 35 43.250000000000
205 35 43.250000000000
210 35 43.250000000000
215 35 43.250000000000
220 35 43.250000000000
225 35 43.250000000000
230 35 43.250000000000
235 35 43.250000000000
240 35 43.250000000000
245 35 43.250000000000
250 35 43.250000000000
255 35 43.250000000000
260 35 43.250000000000
265 35 43.250000000000
270 35 43.250000000000
275 35 43.250000000000
280 35 43.250000000000
285 35 43.250000000000
290 35 43.250000000000
295 35 43.250000000000
300 35 43.250000000000
305 35 43.250000000000
310 35 43.250000000000
315 35 43.250000000000
320 35 43.250000000000
325 35 43.250000000000
330 35 43.250000000000
335 35 43.250000000000
340 35 43.250000000000
345 35 43.250000000000
350 35 43.250000000000
355 35 43.250000000000
360 35 43.250000000000
0 40 43.250000000000
5 40 43.250000000000
10 40 43.250000000000
15 40 43.250000000000
20 40 43.250000000000
25 40 43.250000000000
30 40 43.250000000000
35 40 43.250000000000
40 40 43.250000000000
45 40 43.250000000000
50 40 43.250000000000
55 40 43.250000000000
60 40 43.250000000000
65 40 43.250000000000
70 40 43.250000000000
75 40 43.250000000000
80 40 43.250000000000
85 40 43.250000000000
90 40 43.250000000000
95 40 43.250000000000
100 40 43.250000000000
105 40 43.250000000000
110 40 43.250000000000
115 40 43.250000000000
120 40 43.250000000000
125 40 43.250000000000
130 40 43.250000000000
135 40 43.250000000000
140 40 43.250000000000
145 40 43.250000000000
150 40 43.250000000000
155 40 43.250000000000
160 40 43.250000000000
165 40 43.250000000000
170 40 43.250000000000
175 40 43.250000000000
180 40 43.250000000000
185 40 43.250000000000
190 40 43.250000000000
195 40 43.250000000000
200 40 43.250000000000
205 40 43.250000000000
210 40 43.250000000000
215 40 43.250000000000
220 40 43.250000000000
225 40 43.250000000000
230 40 43.250000000000
235 40 43.250000000000
240 40 43.250000000000
245 40 43.250000000000
250 40 43.250000000000
255 40 43.250000000000
260 40 43.250000000000
265 40 43.250000000000
270 40 43.250000000000
275 40 43.250000000000
280 40 43.250000000000
285 40 43.250000000000
290 40 43.250000000000
295 40 43.250000000000
300 40 43.250000000000
305 40 43.250000000000
310 40 43.250000000000
315 40 43.250000000000
320 40 43.250000000000
325 40 43.250000000000
330 40 43.250000000000
335 40 43.250000000000
340 40 43.250000000000
345 40 43.250000000000
350 40 43.250000000000
355 40 43.250000000000
360 40 43.250000000000
0 45 43.250000000000
5 45 43.250000000000
10 45 43.250000000000
15 45 43.250000000000
20 45 43.250000000000
25 45 43.250000000000
30 45 43.250000000000
35 45 43.250000000000
40 45 43.250000000000
45 45 43.250000000000
50 45 43.250000000000
55 45 43.250000000000
60 45 43.250000000000
65 45 43.250000000000
70 45 43.250000000000
75 45 43.250000000000
80 45 43.250000000000
85 45 43.250000000000
90 45 43.250000000000
95 45 43.250000000000
100 45 43.250000000000
105 45 43.250000000000
110 45 43.250000000000
115 45 43.250000000000
120 45 43.250000000000
125 45 43.250000000000
130 45 43.250000000000
135 45 43.250000000000
140 45 43.250000000000
145 45 43.250000000000
150 45 43.250000000000
155 45 43.250000000000
160 45 43.250000000000
165 45 43.250000000000
170 45 43.250000000000
175 45 43.250000000000
180 45 43.250000000000
185 45 43.250000000000
190 45 43.250000000000
195 45 43.250000000000
200 45 43.250000000000
205 45 43.250000000000
210 45 43.250000000000
215 45 43.250000000000
220 45 43.250000000000
225 45 43.250000000000
230 45 43.250000000000
235 45 43.250000000000
240 45 43.250000000000
245 45 43.250000000000
250 45 43.250000000000
255 45 43.250000000000
260 45 43.250000000000
265 45 43.250000000000
270 45 43.250000000000
275 45 43.250000000000
280 45 43.250000000000
285 45 43.250000000000
290 45 43.250000000000
295 45 43.250000000000
300 45 43.250000000000
305 45 43.250000000000
310 45 43.250000000000
315 45 43.250000000000
320 45 43.250000000000
325 45 43.250000000000
330 45 43.250000000000
335 45 43.250000000000
340 45 43.250000000000
345 45 43.250000000000
350 45 43.250000000000
355 45 43.250000000000
360 45 43.250000000000
0 50 43.250000000000
5 50 43.250000000000
10 50 43.250000000000
15 50 43.250000000000
20 50 43.250000000000
25 50 43.250000000000
30 50 43.250000000000
35 50 43.250000000000
40 50 43.250000000000
45 50 43.250000000000
50 50 43.250000000000
55 50 43.250000000000
60 50 43.250000000000
65 50 43.250000000000
70 50 43.250000000000
75 50 43.250000000000
80 50 43.250000000000
85 50 43.250000000000
90 50 43.250000000000
95 50 43.250000000000
100 50 43.250000000000
105 50 43.250000000000
110 50 43.250000000000
115 50 43.250000000000
120 50 43.250000000000
125 50 43.250000000000
130 50 43.250000000000
135 50 43.250000000000
140 50 43.250000000000
145 50 43.250000000000
150 50 43.250000000000
155 50 43.250000000000
160 50 43.250000000000
165 50 43.250000000000
170 50 43.250000000000
175 50 43.250000000000
180 50 43.250000000000
185 50 43.250000000000
190 50 43.250000000000
195 50 43.250000000000
200 50 43.250000000000
205 50 43.250000000000
210 50 43.250000000000
215 50 43.250000000000
220 50 43.250000000000
225 50 43.250000000000
230 50 43.250000000000
235 50 43.250000000000
240 50 43.250000000000
245 50 43.250000000000
250 50 43.250000000000
255 50 43.250000000000
260 50 43.250000000000
265 50 43.250000000000
270 50 43.250000000000
275 50 43.250000000000
280 50 43.250000000000
285 50 43.250000000000
290 50 43.250000000000
295 50 43.250000000000
300 50 43.250000000000
305 50 43.250000000000
310 50 43.250000000000
315 50 43.250000000000
320 50 43.250000000000
325 50 43.250000000000
330 50 43.250000000000
335 50 43.250000000000
340 50 43.250000000000
345 50 43.250000000000
350 50 43.250000000000
355 50 43.250000000000
360 50 43.250000000000
0 55 43.250000000000
5 55 43.250000000000
10 55 43.250000000000
15 55 43.250000000000
20 55 43.250000000000
25 55 43.250000000000
30 55 43.250000000000
35 55 43.250000000000
40 55 43.250000000000
45 55 43.250000000000
50 55 43.250000000000
55 55 43.250000000000
60 55 43.250000000000
65 55 43.250000000000
70 55 43.250000000000
75 55 43.250000000000
80 55 43.250000000000
85 55 43.250000000000
90 55 43.250000000000
95 55 43.250000000000
100 55 43.250000000000
105 55 43.250000000000
110 55 43.250000000000
115 55 43.250000000000
120 55 43.250000000000
125 55 43.250000000000
130 55 43.250000000000
135 55 43.250000000000
140 55 43.250000000000
145 55 43.250000000000
150 55 43.250000000000
155 55 43.250000000000
160 55 43.250000000000
165 55 43.250000000000
170 55 43.250000000000
175 55 43.250000000000
180 55 43.250000000000
185 55 43.250000000000
190 55 43.250000000000
195 55 43.250000000000
200 55 43.250000000000
205 55 43.250000000000
210 55 43.250000000000
215 55 43.250000000000
220 55 43.250000000000
225 55 43.250000000000
230 55 43.250000000000
235 55 43.250000000000
240 55 43.250000000000
245 55 43.250000000000
250 55 43.250000000000
255 55 43.250000000000
260 55 43.250000000000
265 55 43.250000000000
270 55 43.250000000000
275 55 43.250000000000
280 55 43.250000000000
285 55 43.250000000000
290 55 43.250000000000
295 55 43.250000000000
300 55 43.250000000000
305 55 43.250000000000
310 55 43.250000000000
315 55 43.250000000000
320 55 43.250000000000
325 55 43.250000000000
330 55 43.250000000000
335 55 43.250000000000
340 55 43.250000000000
345 55 43.250000000000
350 55 43.250000000000
355 55 43.250000000000
360 55 43.250000000000
0 60 43.250000000000
5 60 43.250000000000
10 60 43.250000000000
15 60 43.250000000000
20 60 43.250000000000
25 60 43.250000000000
30 60 43.250000000000
35 60 43.250000000000
40 60 43.250000000000
45 60 43.250000000000
50 60 43.250000000000
55 60 43.250000000000
60 60 43.250000000000
65 60 43.250000000000
70 60 43.250000000000
75 60 43.250000000000
80 60 43.250000000000
85 60 43.250000000000
90 60 43.250000000000
95 60 43.250000000000
100 60 43.250000000000
105 60 43.250000000000
110 60 43.250000000000
115 60 43.250000000000
120 60 43.250000000000
125 60 43.250000000000
130 60 43.250000000000
135 60 43.250000000000
140 60 43.250000000000
145 60 43.250000000000
150 60 43.250000000000
155 60 43.250000000000
160 60 43.250000000000
165 60 43.250000000000
170 60 43.250000000000
175 60 43.250000000000
180 60 43.250000000000
185 60 43.250000000000
190 60 43.250000000000
195 60 43.250000000000
200 60 43.250000000000
205 60 43.250000000000
210 60 43.250000000000
215 60 43.250000000000
220 60 43.250000000000
225 60 43.250000000000
230 60 43.250000000000
235 60 43.250000000000
240 60 43.250000000000
245 60 43.250000000000
250 60 43.250000000000
255 60 43.250000000000
260 60 43.250000000000
265 60 43.250000000000
270 60 43.250000000000
275 60 43.250000000000
280 60 43.250000000000
285 60 43.250000000000
290 60 43.250000000000
295 60 43.250000000000
300 60 43.250000000000
305 60 43.250000000000
310 60 43.250000000000
315 60 43.250000000000
320 60 43.250000000000
325 60 43.250000000000
330 60 43.250000000000
335 60 43.250000000000
340 60 43.250000000000
345 60 43.250000000000
350 60 43.250000000000
355 60 43.250000000000
360 60 43.250000000000
0 65 43.250000000000
5 65 43.250000000000
10 65 43.250000000000
15 65 43.250000000000
20 65 43.250000000000
25 65 43.250000000000
30 65 43.250000000000
35 65 43.250000000000
40 65 43.250000000000
45 65 43.250000000000
50 65 43.250000000000
55 65 43.250000000000
60 65 43.250000000000
65 65 43.250000000000
70 65 43.250000000000
75 65 43.250000000000
80 65 43.250000000000
85 65 43.250000000000
90 65 43.250000000000
95 65 43.250000000000
100 65 43.250000000000
105 65 43.250000000000
110 65 43.250000000000
115 65 43.250000000000
120 65 43.250000000000
125 65 43.250000000000
130 65 43.250000000000
135 65 43.250000000000
140 65 43.250000000000
145 65 43.250000000000
150 65 43.250000000000
155 65 43.250000000000
160 65 43.250000000000
165 65 43.250000000000
170 65 43.250000000000
175 65 43.250000000000
180 65 43.250000000000
185 65 43.250000000000
190 65 43.250000000000
195 65 43.250000000000
200 65 43.250000000000
205 65 43.250000000000
210 65 43.250000000000
215 65 43.250000000000
220 65 43.250000000000
225 65 43.250000000000
230 65 43.250000000000
235 65 43.250000000000
240 65 43.250000000000
245 65 43.250000000000
250 65 43.250000000000
255 65 43.250000000000
260 65 43.250000000000
265 65 43.250000000000
270 65 43.250000000000
275 65 43.250000000000
280 65 43.250000000000
285 65 43.250000000000
290 65 43.250000000000
295 65 43.250000000000
300 65 43.250000000000
305 65 43.250000000000
310 65 43.250000000000
315 65 43.250000000000
320 65 43.250000000000
325 65 43.250000000000
330 65 43.250000000000
335 65 43.250000000000
340 65 43.250000000000
345 65 43.250000000000
350 65 43.250000000000
355 65 43.250000000000
360 65 43.250000000000
0 70 43.250000000000
5 70 43.250000000000
10 70 43.250000000000
15 70 43.250000000000
20 70 43.250000000000
25 70 43.250000000000
30 70 43.250000000000
35 70 43.250000000000
40 70 43.250000000000
45 70 43.250000000000
50 70 43.250000000000
55 70 43.250000000000
60 70 43.250000000000
65 70 43.250000000000
70 70 43.250000000000
75 70 43.250000000000
80 70 43.250000000000
85 70 43.250000000000
90 70 43.250000000000
95 70 43.250000000000
100 70 43.250000000000
105 70 43.250000000000
110 70 43.250000000000
115 70 43.250000000000
120 70 43.250000000000
125 70 43.250000000000
130 70 43.250000000000
135 70 43.250000000000
140 70 43.250000000000
145 70 43.250000000000
150 70 43.250000000000
155 70 43.250000000000
160 70 43.250000000000
165 70 43.250000000000
170 70 43.250000000000
175 70 43.250000000000
180 70 43.250000000000
185 70 43.250000000000
190 70 43.250000000000
195 70 43.250000000000
200 70 43.250000000000
205 70 43.250000000000
210 70 43.250000000000
215 70 43.250000000000
220 70 43.250000000000
225 70 43.250000000000
230 70 43.250000000000
235 70 43.250000000000
240 70 43.250000000000
245 70 43.250000000000
250 70 43.250000000000
255 70 43.250000000000
260 70 43.250000000000
265 70 43.250000000000
270 70 43.250000000000
275 70 43.250000000000
280 70 43.250000000000
285 70 43.250000000000
290 70 43.250000000000
295 70 43.250000000000
300 70 43.250000000000
305 70 43.250000000000
310 70 43.250000000000
315 70 43.250000000000
320 70 43.250000000000
325 70 43.250000000000
330 70 43.250000000000
335 70 43.250000000000
340 70 43.250000000000
345 70 43.250000000000
350 70 43.250000000000
355 70 43.250000000000
360 70 43.250000000000
0 75 43.250000000000
5 75 43.250000000000
10 75 43.250000000000
15 75 43.250000000000
20 75 43.250000000000
25 75 43.250000000000
30 75 43.250000000000
35 75 43.250000000000
40 75 43.250000000000
45 75 43.250000000000
50 75 43.250000000000
55 75 43.250000000000
60 75 43.250000000000
65 75 43.250000000000
70 75 43.250000000000
75 75 43.250000000000
80 75 43.250000000000
85 75 43.250000000000
90 75 43.250000000000
95 75 43.250000000000
100 75 43.250000000000
105 75 43.250000000000
110 75 43.250000000000
115 75 43.250000000000
120 75 43.250000000000
125 75 43.250000000000
130 75 43.250000000000
135 75 43.250000000000
140 75 43.250000000000
145 75 43.250000000000
150 75 43.250000000000
155 75 43.250000000000
160 75 43.250000000000
165 75 43.250000000000
170 75 43.250000000000
175 75 43.250000000000
180 75 43.250000000000
185 75 43.250000000000
190 75 43.250000000000
195 75 43.250000000000
200 75 43.250000000000
205 75 43.250000000000
210 75 43.250000000000
215 75 43.250000000000
220 75 43.250000000000
225 75 43.250000000000
230 75 43.250000000000
235 75 43.250000000000
240 75 43.250000000000
245 75 43.250000000000
250 75 43.250000000000
255 75 43.250000000000
260 75 43.250000000000
265 75 43.250000000000
270 75 43.250000000000
275 75 43.250000000000
280 75 43.250000000000
285 75 43.250000000000
290 75 43.250000000000
295 75 43.250000000000
300 75 43.250000000000
305 75 43.250000000000
310 75 43.250000000000
315 75 43.250000000000
320 75 43.250000000000
325 75 43.250000000000
330 75 43.250000000000
335 75 43.250000000000
340 75 43.250000000000
345 75 43.250000000000
350 75 43.250000000000
355 75 43.250000000000
360 75 43.250000000000
0 80 43.250000000000
5 80 43.250000000000
10 80 43.250000000000
15 80 43.250000000000
20 80 43.250000000000
25 80 43.250000000000
30 80 43.250000000000
35 80 43.250000000000
40 80 43.250000000000
45 80 43.250000000000
50 80 43.250000000000
55 80 43.250000000000
60 80 43.250000000000
65 80 43.250000000000
70 80 43.250000000000
75 80 43.250000000000
80 80 43.250000000000
85 80 43.250000000000
90 80 43.250000000000
95 80 43.250000000000
100 80 43.250000000000
105 80 43.250000000000
110 80 43.250000000000
115 80 43.250000000000
120 80 43.250000000000
125 80 43.250000000000
130 80 43.250000000000
135 80 43.250000000000
140 80 43.250000000000
145 80 43.250000000000
150 80 43.250000000000
155 80 43.250000000000
160 80 43.250000000000
165 80 43.250000000000
170 80 43.250000000000
175 80 43.250000000000
180 80 43.250000000000
185 80 43.250000000000
190 80 43.250000000000
195 80 43.250000000000
200 80 43.250000000000
205 80 43.250000000000
210 80 43.250000000000
215 80 43.250000000000
220 80 43.250000000000
225 80 43.250000000000
230 80 43.250000000000
235 80 43.250000000000
240 80 43.250000000000
245 80 43.250000000000
250 80 43.250000000000
255 80 43.250000000000
260 80 43.250000000000
265 80 43.250000000000
270 80 43.250000000000
275 80 43.250000000000
280 80 43.250000000000
285 80 43.250000000000
290 80 43.250000000000
295 80 43.250000000000
300 80 43.250000000000
305 80 43.250000000000
310 80 43.250000000000
315 80 43.250000000000
320 80 43.250000000000
325 80 43.250000000000
330 80 43.250000000000
335 80 43.250000000000
340 80 43.250000000000
345 80 43.250000000000
350 80 43.250000000000
355 80 43.250000000000
360 80 43.250000000000
0 85 43.250000000000
5 85 43.250000000000
10 85 43.250000000000
15 85 43.250000000000
20 85 43.250000000000
25 85 43.250000000000
30 85 43.250000000000
35 85 43.250000000000
40 85 43.250000000000
45 85 43.250000000000
50 85 43.250000000000
55 85 43.250000000000
60 85 43.250000000000
65 85 43.250000000000
70 85 43.250000000000
75 85 43.250000000000
80 85 43.250000000000
85 85 43.250000000000
90 85 43.250000000000
95 85 43.250000000000
100 85 43.250000000000
105 85 43.250000000000
110 85 43.250000000000
115 85 43.250000000000
120 85 43.250000000000
125 85 43.250000000000
130 85 43.250000000000
135 85 43.250000000000
140 85 43.250000000000
145 85 43.250000000000
150 85 43.250000000000
155 85 43.250000000000
160 85 43.250000000000
165 85 43.250000000000
170 85 43.250000000000
175 85 43.250000000000
180 85 43.250000000000
185 85 43.250000000000
190 85 43.250000000000
195 85 43.250000000000
200 85 43.250000000000
205 85 43.250000000000
210 85 43.250000000000
215 85 43.250000000000
220 85 43.250000000000
225 85 43.250000000000
230 85 43.250000000000
235 85 43.250000000000
240 85 43.250000000000
245 85 43.250000000000
250 85 43.250000000000
255 85 43.250000000000
260 85 43.250000000000
265 85 43.250000000000
270 85 43.250000000000
275 85 43.250000000000
280 85 43.250000000000
285 85 43.250000000000
290 85 43.250000000000
295 85 43.250000000000
300 85 43.250000000000
305 85 43.250000000000
310 85 43.250000000000
315 85 43.250000000000
320 85 43.250000000000
325 85 43.250000000000
330 85 43.250000000000
335 85 43.250000000000
340 85 43.250000000000
345 85 43.250000000000
350 85 43.250000000000
355 85 43.250000000000
360 85 43.250000000000
0 90 43.250000000000
5 90 43.250000000000
10 90 43.250000000000
15 90 43.250000000000
20 90 43.250000000000
25 90 43.250000000000
30 90 43.250000000000
35 90 43.250000000000
40 90 43.250000000000
45 90 43.250000000000
50 90 43.250000000000
55 90 43.250000000000
60 90 43.250000000000
65 90 43.250000000000
70 90 43.250000000000
75 90 43.250000000000
80 90 43.250000000000
85 90 43.250000000000
90 90 43.250000000000
95 90 43.250000000000
100 90 43.250000000000
105 90 43.250000000000
110 90 43.250000000000
115 90 43.250000000000
120 90 43.250000000000
125 90 43.250000000000
130 90 43.250000000000
135 90 43.250000000000
140 90 43.250000000000
145 90 43.250000000000
150 90 43.250000000000
155 90 43.250000000000
160 90 43.250000000000
165 90 43.250000000000
170 90 43.250000000000
175 90 43.250000000000
180 90 43.250000000000
185 90 43.250000000000
190 90 43.250000000000
195 90 43.250000000000
200 90 43.250000000000
205 90 43.250000000000
210 90 43.250000000000
215 90 43.250000000000
220 90 43.250000000000
225 90 43.250000000000
230 90 43.250000000000
235 90 43.250000000000
240 90 43.250000000000
245 90 43.250000000000
250 90 43.250000000000
255 90 43.250000000000
260 90 43.250000000000
265 90 43.250000000000
270 90 43.250000000000
275 90 43.250000000000
280 90 43.250000000000
285 90 43.250000000000
290 90 43.250000000000
295 90 43.250000000000
300 90 43.250000000000
305 90 43.250000000000
310 90 43.250000000000
315 90 43.250000000000
320 90 43.250000000000
325 90 43.250000000000
330 90 43.250000000000
335 90 43.250000000000
340 90 43.250000000000
345 90 43.250000000000
350 90 43.250000000000
355 90 43.250000000000
360 90 43.250000000000
