402 800
   -0.846966    -1.870711    50.225667
   10.530134    -1.870711    53.565167
   -0.846966     8.955589    50.129967
  -11.549366    -1.870711    46.887067
   -0.846966   -13.113411    50.243067
   21.848234    -1.870711    54.886467
   15.188534    13.486589    53.124567
   -0.846966    18.928289    49.554767
  -15.404866    12.629189    46.257767
  -21.708066    -1.870711    44.720467
  -15.870866   -16.751111    46.011967
   -0.846966   -24.125811    50.234467
   14.996134   -18.198311    53.969767
   31.925234    -1.870711    52.597767
   27.939334    13.961989    52.107467
   15.686234    25.730289    49.663267
   -0.846966    27.882089    47.956067
  -15.757966    22.981089    46.510767
  -27.004466    13.164489    44.271467
  -31.912966    -1.870711    43.639767
  -27.733866   -16.860111    44.166667
  -16.560266   -27.695411    45.691267
   -0.846966   -34.196311    49.762267
   15.467234   -31.962911    52.681467
   27.412734   -18.693011    52.488967
   40.097434    -1.870711    46.822167
   37.366534    13.331789    47.515667
   29.102034    27.958689    46.062167
   15.293134    36.627189    44.362767
   -0.846966    35.894989    44.851967
  -15.583566    31.024189    45.780067
  -28.238566    24.447289    44.354667
  -38.320466    13.413589    42.416367
  -42.440866    -1.870711    42.450367
  -38.449366   -16.654911    42.894467
  -29.122566   -27.719411    42.542767
  -16.515066   -36.109111    43.976667
   -0.846966   -42.741311    47.936467
   15.209334   -43.421111    50.150467
   28.497834   -33.857711    48.334267
   37.221434   -17.927411    46.363867
   46.729534    -1.870711    39.175167
   44.120234    12.347989    40.704367
   38.317834    27.419089    40.285667
   28.460434    40.978189    38.463767
   14.565334    46.336389    37.909667
   -0.846966    43.178089    39.982067
  -15.307866    37.946989    42.828467
  -28.334766    33.132289    43.050567
  -40.205766    25.797289    40.652667
  -49.504666    13.457189    38.976967
  -52.643766    -1.870711    39.436467
  -48.163366   -16.289111    40.037867
  -39.280766   -27.416611    39.007767
  -28.825866   -35.576711    38.132867
  -16.163966   -42.827011    39.963667
   -0.846966   -49.483211    43.781667
   14.638734   -51.902011    45.537067
   28.032934   -45.988111    43.079267
   38.683634   -32.723211    39.417167
   45.269134   -16.858811    38.003367
   52.787734    -1.870711    31.293267
   49.606234    11.416689    33.070667
   44.622434    25.477889    33.392567
   37.468734    40.583089    32.053367
   27.050434    52.108089    30.595367
   13.691834    54.524489    30.834767
   -0.846966    49.917589    33.401467
  -14.981766    44.570889    36.954167
  -28.090866    40.761489    38.607867
  -40.207666    35.938689    37.010767
  -51.115066    26.671189    34.253667
  -59.058166    13.049189    32.965267
  -61.009866    -1.870711    33.528767
  -56.066466   -15.572311    34.189467
  -47.260666   -26.761011    33.279767
  -37.848666   -35.146611    31.586267
  -27.906766   -41.876011    31.327667
  -15.599566   -48.457711    33.541867
   -0.846966   -54.524611    36.885567
   13.828834   -57.195611    38.260667
   26.711834   -53.684811    36.104767
   38.032534   -44.116711    32.391067
   47.337934   -30.712611    29.891767
   52.568334   -15.978711    29.706167
   58.987934    -1.870711    23.804567
   55.055534    10.697889    25.250267
   49.909534    23.202689    25.797967
   43.809334    37.077889    25.135767
   35.812834    51.074389    23.827967
   25.302034    60.182689    22.949967
   12.740834    60.877689    23.414467
   -0.846966    56.117589    25.496767
  -14.533066    51.216889    28.456067
  -27.566566    48.177489    30.497367
  -39.434466    45.000589    30.121367
  -50.005366    38.123489    27.875467
  -59.024966    26.333089    25.687567
  -65.134866    12.058789    24.853467
  -66.134866    -1.870711    25.268467
  -61.344066   -14.425311    25.773767
  -53.046266   -25.355511    25.240267
  -44.277666   -34.284411    23.840567
  -35.972066   -41.335911    22.857967
  -26.722666   -47.476511    23.366267
  -14.840166   -53.404911    25.424267
   -0.846966   -58.270111    27.848867
   12.820234   -59.974111    28.761367
   24.837134   -57.193611    27.336667
   35.896634   -50.485411    24.694867
   46.557034   -40.933811    22.528067
   55.352234   -29.008811    21.734767
   59.720834   -15.441011    22.339167
   65.136234    -1.870711    16.397067
   60.746534    10.151389    17.168667
   55.229734    21.125489    17.510267
   49.243534    32.638889    17.294267
   42.287834    45.476489    16.627867
   33.703534    57.621289    15.856967
   23.389334    64.897389    15.437967
   11.725534    65.307489    15.743067
   -0.846966    61.505789    16.890667
  -13.864366    57.571989    18.577567
  -26.572366    55.247689    20.008467
  -38.046966    53.154989    20.300867
  -47.795566    48.118589    19.289367
  -55.975066    38.112689    17.717867
  -62.703966    24.554989    16.505667
  -67.181666    10.630989    16.084167
  -67.859166    -1.870711    16.288767
  -64.002466   -13.009211    16.546867
  -56.920366   -23.223711    16.303267
  -48.977066   -32.393711    15.531167
  -41.557566   -40.184511    14.761867
  -34.212266   -46.764411    14.597967
  -25.344766   -52.661211    15.308867
  -13.906366   -57.847611    16.677567
   -0.846966   -61.225411    17.991767
   11.689034   -61.409411    18.407767
   22.690434   -58.201411    17.664467
   32.931034   -52.777011    16.309767
   43.512334   -46.198411    15.128767
   54.137534   -38.226311    14.591067
   62.595334   -27.861411    14.770667
   66.382334   -15.135211    15.480167
   69.996934    -1.870711     8.479067
   65.772234     9.621089     8.634367
   60.289134    19.334989     8.669467
   54.323334    28.603089     8.600267
   47.736434    38.885989     8.433667
   40.103834    50.255789     8.190467
   31.261334    60.621689     7.939867
   21.374634    66.901489     7.796467
   10.646934    67.915589     7.873067
   -0.846966    65.565889     8.219667
  -12.929966    62.764889     8.768467
  -24.959966    60.988889     9.310767
  -35.896366    59.467589     9.569367
  -44.941366    55.779089     9.386767
  -52.097666    47.723789     8.864567
  -57.951266    35.531589     8.279267
  -62.875366    21.811489     7.876867
  -66.400966     9.089189     7.746367
  -67.365966    -1.870711     7.811167
  -64.924866   -11.616511     7.886267
  -59.539566   -20.835611     7.797267
  -52.759966   -29.676411     7.516367
  -45.985566   -37.840211     7.188167
  -39.513966   -45.105011     7.015867
  -32.509866   -51.574811     7.133367
  -23.756566   -57.305511     7.541367
  -12.843966   -61.746411     8.087867
   -0.846966   -63.762411     8.509167
   10.534534   -62.542211     8.581467
   20.543334   -58.558811     8.294867
   29.799834   -53.316911     7.852267
   39.430334   -48.066111     7.500967
   49.886934   -42.802811     7.388667
   60.146834   -36.256111     7.531767
   67.926634   -26.926511     7.845967
   71.242734   -14.790111     8.199567
   71.932934    -1.870711    -0.131133
   68.517934     8.940989    -0.131133
   63.751034    17.702089    -0.131133
   58.281534    25.371789    -0.131133
   52.155334    33.379089    -0.131133
   45.171434    42.580489    -0.131133
   37.253134    52.551689    -0.131133
   28.556134    61.467389    -0.131133
   19.293334    67.155389    -0.131133
    9.521834    68.839989    -0.131133
   -0.846966    67.718089    -0.131133
  -11.773966    65.754489    -0.131133
  -22.781466    64.148689    -0.131133
  -32.963366    62.640289    -0.131133
  -41.461766    59.704289    -0.131133
  -48.034866    53.557189    -0.131133
  -53.146566    43.645189    -0.131133
  -57.505466    31.331389    -0.131133
  -61.462066    18.855089    -0.131133
  -64.665666     7.718289    -0.131133
  -66.194166    -1.870711    -0.131133
  -65.181766   -10.477611    -0.131133
  -61.543466   -18.720611    -0.131133
  -56.112566   -26.857011    -0.131133
  -50.020766   -34.770911    -0.131133
  -43.929666   -42.241611    -0.131133
  -37.702666   -49.181611    -0.131133
  -30.613466   -55.559711    -0.131133
  -21.948266   -61.060811    -0.131133
  -11.713166   -64.861311    -0.131133
   -0.846966   -65.933611    -0.131133
    9.435734   -63.850111    -0.131133
   18.576434   -59.348311    -0.131133
   26.954634   -53.944611    -0.131133
   35.427334   -48.935111    -0.131133
   44.625434   -44.660811    -0.131133
   54.361134   -40.349111    -0.131133
   63.404134   -34.458611    -0.131133
   69.963634   -25.650911    -0.131133
   72.784034   -14.123411    -0.131133
   70.101234    -1.870711    -8.944133
   67.101734     9.974089    -8.413233
   62.382834    19.168489    -8.019833
   56.455034    27.159389    -7.893233
   49.258634    35.849589    -8.006933
   40.735134    46.022289    -8.223233
   31.171334    56.474489    -8.377333
   20.996734    64.463989    -8.381733
   10.375234    67.972789    -8.276433
   -0.846966    67.574689    -8.174133
  -12.687466    65.478989    -8.162033
  -24.484066    63.210689    -8.243633
  -34.968066    60.411489    -8.348033
  -43.158866    55.286289    -8.391533
  -49.170166    46.326289    -8.347733
  -53.980166    34.064189    -8.266733
  -58.464066    20.820989    -8.226033
  -62.574566     8.662489    -8.259633
  -65.210166    -1.870711    -8.324933
  -64.979666   -11.339611    -8.330133
  -61.425666   -20.432711    -8.210733
  -55.463366   -29.407811    -7.995733
  -48.486966   -38.145211    -7.796133
  -41.193366   -46.501911    -7.725933
  -33.235466   -54.397511    -7.823833
  -23.812266   -61.392711    -8.020733
  -12.705566   -66.256211    -8.168133
   -0.846966   -67.394211    -8.137733
   10.364134   -64.267211    -7.934033
   20.308334   -58.279611    -7.707033
   29.511234   -51.792611    -7.649333
   38.927734   -46.347311    -7.881433
   48.938034   -41.771611    -8.385333
   58.691534   -36.320511    -8.979233
   66.323234   -27.754711    -9.372333
   70.196234   -15.490611    -9.348133
   65.148034    -1.870711   -17.217633
   62.774634    10.813989   -15.484533
   58.348734    20.657189   -14.488933
   52.046434    29.561289   -14.491433
   43.737534    39.601689   -15.266433
   33.722534    50.801789   -16.250133
   22.726334    60.467389   -16.821233
   11.224934    65.356289   -16.733133
   -0.846966    65.112489   -16.246433
  -13.493666    62.151389   -15.796833
  -25.846066    58.471189   -15.641533
  -36.379566    53.814589   -15.784933
  -44.288166    46.491289   -16.100133
  -50.258266    35.669189   -16.476433
  -55.567966    22.708489   -16.873233
  -60.609066     9.828889   -17.253833
  -64.204866    -1.870711   -17.508133
  -64.415766   -12.588311   -17.493133
  -60.420966   -22.814011   -17.184133
  -53.352966   -32.692811   -16.755633
  -44.937466   -42.179311   -16.460833
  -35.838366   -51.292111   -16.416533
  -25.558066   -59.678911   -16.487133
  -13.653766   -65.834911   -16.379933
   -0.846966   -67.482011   -15.935933
   11.399734   -63.770011   -15.362933
   22.352234   -56.727611   -15.127533
   32.491634   -49.465111   -15.627333
   42.544034   -43.422711   -16.910733
   52.264034   -37.487311   -18.481533
   60.153234   -28.981611   -19.372333
   64.569634   -16.387111   -18.853733
   58.641334    -1.870711   -24.623033
   56.729934    11.613789   -21.455633
   52.420334    22.570989   -20.124833
   45.481734    33.105489   -20.885633
   35.884334    44.695089   -22.989733
   24.444434    55.440189   -24.964333
   12.108234    61.227789   -25.530133
   -0.846966    60.638889   -24.733333
  -14.260666    56.344489   -23.631933
  -27.035966    51.011389   -23.123533
  -37.585666    44.641489   -23.463133
  -45.562766    35.798289   -24.449033
  -52.101466    24.145689   -25.704633
  -57.995066    11.089289   -26.828733
  -62.118966    -1.870711   -27.460633
  -62.096366   -14.183511   -27.416533
  -56.964366   -25.746811   -26.859233
  -48.321966   -36.483911   -26.210033
  -38.194566   -46.532511   -25.762933
  -27.068566   -55.878911   -25.391233
  -14.505166   -63.129611   -24.714633
   -0.846966   -65.473011   -23.676833
   12.521834   -61.589211   -22.879833
   24.621334   -53.913911   -23.187433
   35.537834   -45.963411   -25.016033
   45.355834   -38.585711   -27.693933
   53.167734   -29.627411   -29.269333
   57.691234   -16.890311   -28.013133
   51.891634    -1.870711   -31.410133
   50.055234    12.525389   -27.181133
   45.318934    25.085389   -26.220333
   37.177534    37.455889   -28.541633
   25.984934    49.052189   -32.210633
   13.014434    55.575589   -34.297433
   -0.846966    54.590889   -33.667633
  -15.027366    49.063789   -31.971933
  -28.155266    42.414389   -31.179833
  -38.774166    34.808989   -31.933133
  -47.017166    24.830889   -33.749133
  -53.674966    12.202789   -35.627233
  -57.768166    -1.870711   -36.636033
  -56.782266   -15.905811   -36.465633
  -50.061566   -28.778911   -35.567033
  -39.859466   -40.116211   -34.581333
  -28.186866   -50.151911   -33.628033
  -15.188266   -58.048111   -32.380533
   -0.846966   -60.928611   -30.977933
   13.626034   -57.049111   -30.492833
   26.777234   -48.948411   -32.069133
   37.846334   -39.996411   -35.459733
   46.121834   -30.109611   -37.973933
   50.797934   -17.198411   -36.357733
   45.263734    -1.870711   -37.952033
   43.072334    13.564789   -33.587733
   37.142034    27.770789   -33.972333
   27.062434    40.562089   -38.267633
   13.867434    48.174889   -42.225733
   -0.846966    47.326189   -42.377233
  -15.757866    41.144489   -40.326033
  -29.081566    33.655489   -39.341933
  -39.503966    24.820389   -40.364933
  -47.020666    12.954489   -42.186533
  -50.726666    -1.870711   -43.113133
  -48.391766   -17.405911   -42.549433
  -40.151966   -31.193711   -41.195733
  -28.753566   -42.435511   -39.759533
  -15.649866   -50.794611   -38.270133
   -0.846966   -53.925111   -37.095833
   14.550234   -49.955911   -37.660233
   28.274134   -41.283311   -40.853933
   38.397834   -30.627911   -44.376433
   43.957034   -17.477111   -43.432733
   38.269934    -1.870711   -44.143233
   35.323534    14.524589   -40.945233
   27.293434    29.272389   -43.426533
   14.533234    38.802589   -48.351933
   -0.846966    39.040789   -49.519633
  -16.322566    32.850589   -47.279433
  -29.319066    24.480789   -45.932433
  -38.186666    13.298689   -46.252233
  -41.644466    -1.870711   -46.270833
  -38.045366   -18.356411   -45.003733
  -28.554266   -32.172911   -43.273733
  -15.876066   -41.633211   -41.867933
   -0.846966   -44.997611   -41.491733
   15.129434   -40.679611   -43.584533
   28.490934   -30.894011   -47.639933
   36.289034   -17.756911   -48.539933
   30.153734    -1.870711   -49.168633
   25.990534    14.962189   -48.294333
   14.820934    27.441989   -52.070833
   -0.846966    29.827789   -53.764833
  -16.489966    23.792989   -51.184133
  -27.735166    13.334489   -48.896333
  -31.656666    -1.870711   -47.236533
  -26.974866   -18.564211   -45.200433
  -15.846466   -30.676811   -43.779633
   -0.846966   -34.850111   -44.309433
   15.214634   -29.787711   -47.762733
   26.674834   -17.886111   -50.903833
   20.582734    -1.870711   -51.977733
   14.288534    14.138389   -53.421833
   -0.846966    19.796489   -54.728733
  -15.763066    12.929589   -51.373333
  -21.527866    -1.870711   -47.746733
  -15.266066   -17.722811   -45.433733
   -0.846966   -24.066511   -46.300933
   14.445734   -17.348011   -50.355133
    9.976434    -1.870711   -52.228733
   -0.846966     9.143789   -53.249933
  -11.343266    -1.870711   -48.913833
   -0.846966   -13.004311   -48.309733
   -0.846966    -1.870711   -50.741233
     1      2      3
     1      3      4
     1      4      5
     1      5      2
     2      6      7
     7      3      2
     3      7      8
     3      8      9
     9      4      3
     4      9     10
     4     10     11
    11      5      4
     5     11     12
     5     12     13
    13      2      5
     2     13      6
     6     14     15
    15      7      6
     7     15     16
    16      8      7
     8     16     17
     8     17     18
    18      9      8
     9     18     19
    19     10      9
    10     19     20
    10     20     21
    21     11     10
    11     21     22
    22     12     11
    12     22     23
    12     23     24
    24     13     12
    13     24     25
    25      6     13
     6     25     14
    14     26     27
    27     15     14
    15     27     28
    28     16     15
    16     28     29
    29     17     16
    17     29     30
    17     30     31
    31     18     17
    18     31     32
    32     19     18
    19     32     33
    33     20     19
    20     33     34
    20     34     35
    35     21     20
    21     35     36
    36     22     21
    22     36     37
    37     23     22
    23     37     38
    23     38     39
    39     24     23
    24     39     40
    40     25     24
    25     40     41
    41     14     25
    14     41     26
    26     42     43
    43     27     26
    27     43     44
    44     28     27
    28     44     45
    45     29     28
    29     45     46
    46     30     29
    30     46     47
    30     47     48
    48     31     30
    31     48     49
    49     32     31
    32     49     50
    50     33     32
    33     50     51
    51     34     33
    34     51     52
    34     52     53
    53     35     34
    35     53     54
    54     36     35
    36     54     55
    55     37     36
    37     55     56
    56     38     37
    38     56     57
    38     57     58
    58     39     38
    39     58     59
    59     40     39
    40     59     60
    60     41     40
    41     60     61
    61     26     41
    26     61     42
    42     62     63
    63     43     42
    43     63     64
    64     44     43
    44     64     65
    65     45     44
    45     65     66
    66     46     45
    46     66     67
    67     47     46
    47     67     68
    47     68     69
    69     48     47
    48     69     70
    70     49     48
    49     70     71
    71     50     49
    50     71     72
    72     51     50
    51     72     73
    73     52     51
    52     73     74
    52     74     75
    75     53     52
    53     75     76
    76     54     53
    54     76     77
    77     55     54
    55     77     78
    78     56     55
    56     78     79
    79     57     56
    57     79     80
    57     80     81
    81     58     57
    58     81     82
    82     59     58
    59     82     83
    83     60     59
    60     83     84
    84     61     60
    61     84     85
    85     42     61
    42     85     62
    62     86     87
    87     63     62
    63     87     88
    88     64     63
    64     88     89
    89     65     64
    65     89     90
    90     66     65
    66     90     91
    91     67     66
    67     91     92
    92     68     67
    68     92     93
    68     93     94
    94     69     68
    69     94     95
    95     70     69
    70     95     96
    96     71     70
    71     96     97
    97     72     71
    72     97     98
    98     73     72
    73     98     99
    99     74     73
    74     99    100
    74    100    101
   101     75     74
    75    101    102
   102     76     75
    76    102    103
   103     77     76
    77    103    104
   104     78     77
    78    104    105
   105     79     78
    79    105    106
   106     80     79
    80    106    107
    80    107    108
   108     81     80
    81    108    109
   109     82     81
    82    109    110
   110     83     82
    83    110    111
   111     84     83
    84    111    112
   112     85     84
    85    112    113
   113     62     85
    62    113     86
    86    114    115
   115     87     86
    87    115    116
   116     88     87
    88    116    117
   117     89     88
    89    117    118
   118     90     89
    90    118    119
   119     91     90
    91    119    120
   120     92     91
    92    120    121
   121     93     92
    93    121    122
    93    122    123
   123     94     93
    94    123    124
   124     95     94
    95    124    125
   125     96     95
    96    125    126
   126     97     96
    97    126    127
   127     98     97
    98    127    128
   128     99     98
    99    128    129
   129    100     99
   100    129    130
   100    130    131
   131    101    100
   101    131    132
   132    102    101
   102    132    133
   133    103    102
   103    133    134
   134    104    103
   104    134    135
   135    105    104
   105    135    136
   136    106    105
   106    136    137
   137    107    106
   107    137    138
   107    138    139
   139    108    107
   108    139    140
   140    109    108
   109    140    141
   141    110    109
   110    141    142
   142    111    110
   111    142    143
   143    112    111
   112    143    144
   144    113    112
   113    144    145
   145     86    113
    86    145    114
   114    146    147
   147    115    114
   115    147    148
   148    116    115
   116    148    149
   149    117    116
   117    149    150
   150    118    117
   118    150    151
   151    119    118
   119    151    152
   152    120    119
   120    152    153
   153    121    120
   121    153    154
   154    122    121
   122    154    155
   122    155    156
   156    123    122
   123    156    157
   157    124    123
   124    157    158
   158    125    124
   125    158    159
   159    126    125
   126    159    160
   160    127    126
   127    160    161
   161    128    127
   128    161    162
   162    129    128
   129    162    163
   163    130    129
   130    163    164
   130    164    165
   165    131    130
   131    165    166
   166    132    131
   132    166    167
   167    133    132
   133    167    168
   168    134    133
   134    168    169
   169    135    134
   135    169    170
   170    136    135
   136    170    171
   171    137    136
   137    171    172
   172    138    137
   138    172    173
   138    173    174
   174    139    138
   139    174    175
   175    140    139
   140    175    176
   176    141    140
   141    176    177
   177    142    141
   142    177    178
   178    143    142
   143    178    179
   179    144    143
   144    179    180
   180    145    144
   145    180    181
   181    114    145
   114    181    146
   146    182    183
   183    147    146
   147    183    184
   184    148    147
   148    184    185
   185    149    148
   149    185    186
   186    150    149
   150    186    187
   187    151    150
   151    187    188
   188    152    151
   152    188    189
   189    153    152
   153    189    190
   190    154    153
   154    190    191
   191    155    154
   155    191    192
   155    192    193
   193    156    155
   156    193    194
   194    157    156
   157    194    195
   195    158    157
   158    195    196
   196    159    158
   159    196    197
   197    160    159
   160    197    198
   198    161    160
   161    198    199
   199    162    161
   162    199    200
   200    163    162
   163    200    201
   201    164    163
   164    201    202
   164    202    203
   203    165    164
   165    203    204
   204    166    165
   166    204    205
   205    167    166
   167    205    206
   206    168    167
   168    206    207
   207    169    168
   169    207    208
   208    170    169
   170    208    209
   209    171    170
   171    209    210
   210    172    171
   172    210    211
   211    173    172
   173    211    212
   173    212    213
   213    174    173
   174    213    214
   214    175    174
   175    214    215
   215    176    175
   176    215    216
   216    177    176
   177    216    217
   217    178    177
   178    217    218
   218    179    178
   179    218    219
   219    180    179
   180    219    220
   220    181    180
   181    220    221
   221    146    181
   146    221    182
   222    183    182
   223    183    222
   223    184    183
   224    184    223
   224    185    184
   225    185    224
   225    186    185
   226    186    225
   226    187    186
   227    187    226
   227    188    187
   228    188    227
   228    189    188
   229    189    228
   229    190    189
   230    190    229
   230    191    190
   231    191    230
   231    192    191
   231    193    192
   232    193    231
   232    194    193
   233    194    232
   233    195    194
   234    195    233
   234    196    195
   235    196    234
   235    197    196
   236    197    235
   236    198    197
   237    198    236
   237    199    198
   238    199    237
   238    200    199
   239    200    238
   239    201    200
   240    201    239
   240    202    201
   240    203    202
   241    203    240
   241    204    203
   242    204    241
   242    205    204
   243    205    242
   243    206    205
   244    206    243
   244    207    206
   245    207    244
   245    208    207
   246    208    245
   246    209    208
   247    209    246
   247    210    209
   248    210    247
   248    211    210
   249    211    248
   249    212    211
   249    213    212
   250    213    249
   250    214    213
   251    214    250
   251    215    214
   252    215    251
   252    216    215
   253    216    252
   253    217    216
   254    217    253
   254    218    217
   255    218    254
   255    219    218
   256    219    255
   256    220    219
   257    220    256
   257    221    220
   222    221    257
   222    182    221
   258    223    222
   259    223    258
   259    224    223
   260    224    259
   260    225    224
   261    225    260
   261    226    225
   262    226    261
   262    227    226
   263    227    262
   263    228    227
   264    228    263
   264    229    228
   265    229    264
   265    230    229
   266    230    265
   266    231    230
   266    232    231
   267    232    266
   267    233    232
   268    233    267
   268    234    233
   269    234    268
   269    235    234
   270    235    269
   270    236    235
   271    236    270
   271    237    236
   272    237    271
   272    238    237
   273    238    272
   273    239    238
   274    239    273
   274    240    239
   274    241    240
   275    241    274
   275    242    241
   276    242    275
   276    243    242
   277    243    276
   277    244    243
   278    244    277
   278    245    244
   279    245    278
   279    246    245
   280    246    279
   280    247    246
   281    247    280
   281    248    247
   282    248    281
   282    249    248
   282    250    249
   283    250    282
   283    251    250
   284    251    283
   284    252    251
   285    252    284
   285    253    252
   286    253    285
   286    254    253
   287    254    286
   287    255    254
   288    255    287
   288    256    255
   289    256    288
   289    257    256
   258    257    289
   258    222    257
   290    259    258
   291    259    290
   291    260    259
   292    260    291
   292    261    260
   293    261    292
   293    262    261
   294    262    293
   294    263    262
   295    263    294
   295    264    263
   296    264    295
   296    265    264
   297    265    296
   297    266    265
   297    267    266
   298    267    297
   298    268    267
   299    268    298
   299    269    268
   300    269    299
   300    270    269
   301    270    300
   301    271    270
   302    271    301
   302    272    271
   303    272    302
   303    273    272
   304    273    303
   304    274    273
   304    275    274
   305    275    304
   305    276    275
   306    276    305
   306    277    276
   307    277    306
   307    278    277
   308    278    307
   308    279    278
   309    279    308
   309    280    279
   310    280    309
   310    281    280
   311    281    310
   311    282    281
   311    283    282
   312    283    311
   312    284    283
   313    284    312
   313    285    284
   314    285    313
   314    286    285
   315    286    314
   315    287    286
   316    287    315
   316    288    287
   317    288    316
   317    289    288
   290    289    317
   290    258    289
   318    291    290
   319    291    318
   319    292    291
   320    292    319
   320    293    292
   321    293    320
   321    294    293
   322    294    321
   322    295    294
   323    295    322
   323    296    295
   324    296    323
   324    297    296
   324    298    297
   325    298    324
   325    299    298
   326    299    325
   326    300    299
   327    300    326
   327    301    300
   328    301    327
   328    302    301
   329    302    328
   329    303    302
   330    303    329
   330    304    303
   330    305    304
   331    305    330
   331    306    305
   332    306    331
   332    307    306
   333    307    332
   333    308    307
   334    308    333
   334    309    308
   335    309    334
   335    310    309
   336    310    335
   336    311    310
   336    312    311
   337    312    336
   337    313    312
   338    313    337
   338    314    313
   339    314    338
   339    315    314
   340    315    339
   340    316    315
   341    316    340
   341    317    316
   318    317    341
   318    290    317
   342    319    318
   343    319    342
   343    320    319
   344    320    343
   344    321    320
   345    321    344
   345    322    321
   346    322    345
   346    323    322
   347    323    346
   347    324    323
   347    325    324
   348    325    347
   348    326    325
   349    326    348
   349    327    326
   350    327    349
   350    328    327
   351    328    350
   351    329    328
   352    329    351
   352    330    329
   352    331    330
   353    331    352
   353    332    331
   354    332    353
   354    333    332
   355    333    354
   355    334    333
   356    334    355
   356    335    334
   357    335    356
   357    336    335
   357    337    336
   358    337    357
   358    338    337
   359    338    358
   359    339    338
   360    339    359
   360    340    339
   361    340    360
   361    341    340
   342    341    361
   342    318    341
   362    343    342
   363    343    362
   363    344    343
   364    344    363
   364    345    344
   365    345    364
   365    346    345
   366    346    365
   366    347    346
   366    348    347
   367    348    366
   367    349    348
   368    349    367
   368    350    349
   369    350    368
   369    351    350
   370    351    369
   370    352    351
   370    353    352
   371    353    370
   371    354    353
   372    354    371
   372    355    354
   373    355    372
   373    356    355
   374    356    373
   374    357    356
   374    358    357
   375    358    374
   375    359    358
   376    359    375
   376    360    359
   377    360    376
   377    361    360
   362    361    377
   362    342    361
   378    363    362
   379    363    378
   379    364    363
   380    364    379
   380    365    364
   381    365    380
   381    366    365
   381    367    366
   382    367    381
   382    368    367
   383    368    382
   383    369    368
   384    369    383
   384    370    369
   384    371    370
   385    371    384
   385    372    371
   386    372    385
   386    373    372
   387    373    386
   387    374    373
   387    375    374
   388    375    387
   388    376    375
   389    376    388
   389    377    376
   378    377    389
   378    362    377
   390    379    378
   391    379    390
   391    380    379
   392    380    391
   392    381    380
   392    382    381
   393    382    392
   393    383    382
   394    383    393
   394    384    383
   394    385    384
   395    385    394
   395    386    385
   396    386    395
   396    387    386
   396    388    387
   397    388    396
   397    389    388
   390    389    397
   390    378    389
   398    391    390
   399    391    398
   399    392    391
   399    393    392
   400    393    399
   400    394    393
   400    395    394
   401    395    400
   401    396    395
   401    397    396
   398    397    401
   398    390    397
   402    399    398
   402    400    399
   402    401    400
   402    398    401
