   402.9983 -3.691 25.00   25265.698  5.5 d5 4s2 a4G   50072.521  4.5 (4G)sp z4H  7.02 -6.25 -7.83K07  0 0 55-3.443 55 0.000  -17  149F6 -7 0    1270  970     0
   402.9985 -3.691 25.00   25265.698  5.5 d5 4s2 a4G   50072.521  4.5 (4G)sp z4H  7.02 -6.25 -7.83K07  0 0 55-3.121 55 0.000  -99   56F5 -6 0    1270  970     0
   402.9987 -3.691 25.00   25265.698  5.5 d5 4s2 a4G   50072.521  4.5 (4G)sp z4H  7.02 -6.25 -7.83K07  0 0 55-3.041 55 0.000 -167  -23F4 -5 0    1270  970     0
   402.9989 -3.691 25.00   25265.698  5.5 d5 4s2 a4G   50072.521  4.5 (4G)sp z4H  7.02 -6.25 -7.83K07  0 0 55-3.200 55 0.000 -221  -89F3 -4 0    1270  970     0
   402.9997 -3.691 25.00   25265.698  5.5 d5 4s2 a4G   50072.521  4.5 (4G)sp z4H  7.02 -6.25 -7.83K07  0 0 55-1.878 55 0.000 -221 -142F3 -3 0    1270  970     0
   402.9998 -3.691 25.00   25265.698  5.5 d5 4s2 a4G   50072.521  4.5 (4G)sp z4H  7.02 -6.25 -7.83K07  0 0 55-1.632 55 0.000  -99  -23F5 -5 0    1270  970     0
   402.9998 -3.691 25.00   25265.698  5.5 d5 4s2 a4G   50072.521  4.5 (4G)sp z4H  7.02 -6.25 -7.83K07  0 0 55-1.676 55 0.000  -17   56F6 -6 0    1270  970     0
   402.9998 -3.691 25.00   25265.698  5.5 d5 4s2 a4G   50072.521  4.5 (4G)sp z4H  7.02 -6.25 -7.83K07  0 0 55-1.684 55 0.000 -167  -89F4 -4 0    1270  970     0
   402.9999 -3.691 25.00   25265.698  5.5 d5 4s2 a4G   50072.521  4.5 (4G)sp z4H  7.02 -6.25 -7.83K07  0 0 55-1.869 55 0.000   78  149F7 -7 0    1270  970     0
   403.0004 -3.691 25.00   25265.698  5.5 d5 4s2 a4G   50072.521  4.5 (4G)sp z4H  7.02 -6.25 -7.83K07  0 0 55-1.079 55 0.000 -221 -182F3 -2 0    1270  970     0
   403.0006 -3.691 25.00   25265.698  5.5 d5 4s2 a4G   50072.521  4.5 (4G)sp z4H  7.02 -6.25 -7.83K07  0 0 55-0.985 55 0.000 -167 -142F4 -3 0    1270  970     0
   403.0009 -3.691 25.00   25265.698  5.5 d5 4s2 a4G   50072.521  4.5 (4G)sp z4H  7.02 -6.25 -7.83K07  0 0 55-0.890 55 0.000  -99  -89F5 -4 0    1270  970     0
   403.0011 -3.691 25.00   25265.698  5.5 d5 4s2 a4G   50072.521  4.5 (4G)sp z4H  7.02 -6.25 -7.83K07  0 0 55-0.798 55 0.000  -17  -23F6 -5 0    1270  970     0
   403.0014 -3.691 25.00   25265.698  5.5 d5 4s2 a4G   50072.521  4.5 (4G)sp z4H  7.02 -6.25 -7.83K07  0 0 55-0.710 55 0.000   78   56F7 -6 0    1270  970     0
   403.0016 -3.691 25.00   25265.698  5.5 d5 4s2 a4G   50072.521  4.5 (4G)sp z4H  7.02 -6.25 -7.83K07  0 0 55-0.627 55 0.000  187  149F8 -7 0    1270  970     0
   403.4483 -0.843 25.00       0.000  2.5 d5 4s2 a6S   24779.331  1.5 (6S)sp z6P  7.23 -6.27 -7.83DLSS 0 0 55-1.058 55 0.000    7   -5F3 -3 0    2002 2364     0
   482.3524  0.136 25.00   39431.368  3.5 7S)s5s e8S   18705.358  4.5 (6S)sp z8P  7.98 -5.43 -7.60DLSS 0 0 55-1.071 55 0.000 -233 -163F2 -3 0    2000 1779     0
   523.2940 -0.057 26.00   42815.855  5.0 4s6D5s e7D   23711.456  4.0 5Dsp3P z7P  8.18 -5.41 -7.58FW   0 0  0 0.000  0 0.000                     1585 1747     0
   525.0209 -4.938 26.00     978.074  0.0 4s2 a5D      20019.635  1.0 5Dsp3P z7D  3.33 -6.28 -7.82FW   0 0  0 0.000  0 0.000                        0 2999     0
   527.0356 -1.339 26.00   12968.554  2.0 (4F)4s a3F   31937.325  1.0 5Dsp3P z3D  6.76 -6.17 -7.82FW   0 0  0 0.000  0 0.000                      670  513     0
   543.4523 -2.122 26.00    8154.714  1.0 (4F)4s a5F   26550.479  0.0 5Dsp3P z5D  7.14 -6.22 -7.82FW   0 0  0 0.000  0 0.000                      -14    0     0
   549.7516 -2.849 26.00    8154.714  1.0 (4F)4s a5F   26339.696  2.0 5Dsp3P z5D  7.15 -6.22 -7.82FW   0 0  0 0.000  0 0.000                      -14 1503     0
   550.6779 -2.797 26.00    7985.785  2.0 (4F)4s a5F   26140.179  3.0 5Dsp3P z5D  7.16 -6.22 -7.82FW   0 0  0 0.000  0 0.000                     1000 1500     0
   557.6089 -0.94  26.00   45595.086  0.0 4s6D5s e5D   27666.348  1.0 5Dsp3P z5F  8.06 -5.40 -7.54FW   0 0  0 0.000  0 0.000                        0  -12     0
   561.5644 +0.04  26.00   44677.006  4.0 4s6D5s e5D   26874.550  5.0 5Dsp3P z5F  8.06 -5.41 -7.54RDLB 0 0  0 0.000  0 0.000                     1502 1399     0
   585.7451  0.230 20.00   40719.847  2.0 4p2 1D       23652.304  1.0 4s4p 1P     8.57 -5.16 -7.57NBS  0 0  0 0.000  0 0.000                     1000 1000     0
   601.3513 -0.354 25.00   41404.011  2.5 7S)s5s e6S   24779.331  1.5 (6S)sp z6P  7.82 -5.32 -7.56DLSS 0 0 55-1.058 55 0.000  -74   -5F3 -3 0    1997 2364     0
   610.2723 -0.890 20.00   31539.495  1.0 4s5s 3S      15157.901  0.0 4s4p 3P     7.99 -5.22 -7.52NBS  0 0  0 0.000  0 0.000                     2002    0     0
   612.2217 -0.409 20.00   31539.495  1.0 4s5s 3S      15210.063  1.0 4s4p 3P     7.99 -5.22 -7.52NBS  0 0  0 0.000  0 0.000                     2002 1501     0
   616.2173 -0.17  20.00   31539.495  1.0 4s5s 3S      15315.943  2.0 4s4p 3P     7.99 -5.22 -7.52ALB  0 0  0 0.000  0 0.000                     2002 1501     0
   617.3334 -2.880 26.00   17927.382  1.0 (4P)4s a5P   34121.603  0.0 (4F)4p y5D  8.31 -6.16 -7.79FW   0 0  0 0.000  0 0.000                     2499    0     0
   630.1500 -0.71  26.00   45333.875  2.0 4s6D5s e5D   29469.024  2.0 5Dsp3P z5P  8.08 -5.42 -7.54DRLP 0 0  0 0.000  0 0.000                     1503 1835     0
   630.2493 -0.969 26.00   45595.086  0.0 4s6D5s e5D   29732.736  1.0 5Dsp3P z5P  8.08 -5.40 -7.54K17  0 0  0 0.000  0 0.000                        0 2487     0
   640.0000 -0.27  26.00   44677.006  4.0 4s6D5s e5D   29056.324  3.0 5Dsp3P z5P  8.07 -5.41 -7.54RDLB 0 0  0 0.000  0 0.000                     1502 1657     0
   643.9075  0.470 20.00   20371.000  3.0 3d4s 3D      35896.889  4.0 3d4p 3F     7.70 -5.83 -7.71NBS  0 0  0 0.000  0 0.000                     1328 1245     0
   646.2567  0.310 20.00   20349.260  2.0 3d4s 3D      35818.713  3.0 3d4p 3F     7.70 -5.83 -7.71NBS  0 0  0 0.000  0 0.000                     1162 1076     0
   649.3781  0.140 20.00   20335.360  1.0 3d4s 3D      35730.454  2.0 3d4p 3F     7.70 -5.83 -7.71NBS  0 0  0 0.000  0 0.000                      502  754     0
   649.4980 -1.273 26.00   19390.168  6.0 4s2 a3H      34782.421  5.0 (4F)4p z5G  8.02 -6.07 -7.78FW   0 0  0 0.000  0 0.000                     1163 1218     0
   671.7681 -0.610 20.00   21849.634  2.0 3d4s 1D      36731.615  1.0 4s5p 1P     7.27 -4.72 -7.46NBS  0 0  0 0.000  0 0.000                     1007 1005     0
