402 800
   -3.779491     2.016733    43.901867
    5.164809     2.016733    47.848267
   -3.779491    10.350133    42.671167
  -11.833891     2.016733    40.143767
   -3.779491    -6.557567    44.535967
   14.687909     2.016733    50.673667
    8.810909    14.801833    44.818667
   -3.779491    18.783433    40.803767
  -15.106191    12.727433    38.863967
  -19.272491     2.016733    37.316067
  -15.251891    -9.677467    38.780367
   -3.779491   -15.615067    44.337467
    9.221909   -10.863767    50.364067
   23.922609     2.016733    50.973367
   19.449109    15.685033    44.832467
    9.199409    25.248233    39.664467
   -3.779491    27.303233    38.125167
  -16.071791    21.929733    37.900267
  -24.065091    12.845933    37.128467
  -26.652991     2.016733    35.495067
  -24.112291   -10.249867    35.229167
  -16.355691   -20.887767    38.087967
   -3.779491   -24.890967    42.856267
    9.950209   -21.408067    48.178667
   20.361009   -11.682567    52.091667
   31.928909     2.016733    47.973267
   28.399809    15.400633    42.675967
   19.976409    26.737233    36.943367
    8.919909    33.976433    34.363767
   -3.779491    35.314633    34.538067
  -16.459191    30.672633    35.439767
  -26.443191    22.530733    36.204967
  -32.593391    12.945833    35.983567
  -34.451391     2.016733    34.159767
  -32.248491   -10.436667    32.716967
  -26.561891   -22.969367    33.657167
  -16.845191   -31.588467    36.419567
   -3.779491   -33.549567    39.702467
    9.854509   -30.170467    43.298767
   21.557409   -22.681767    46.906867
   29.402209   -11.402567    49.180167
   38.284209     2.016733    41.965467
   35.918309    14.760933    38.606367
   28.871809    26.295833    33.579567
   19.206309    35.250033    30.059467
    8.378909    40.737833    29.278167
   -3.779491    41.863633    30.134567
  -16.376991    38.252333    31.247167
  -27.278991    31.283633    32.551567
  -35.682291    22.738133    34.038167
  -41.245091    13.057633    34.238267
  -42.766991     2.016733    32.324467
  -40.270391   -10.294067    30.159567
  -35.159791   -23.210767    29.778167
  -27.561591   -34.440367    31.152667
  -16.773091   -40.513167    33.045267
   -3.779491   -40.640867    34.859067
    9.323609   -37.024367    36.840067
   21.010709   -30.912267    38.942867
   30.135709   -21.992967    40.845667
   36.027809   -10.611267    42.251167
   43.253609     2.016733    34.049867
   42.577809    14.253233    33.031167
   37.077709    25.790133    29.749467
   28.088909    35.047133    26.234567
   18.114509    41.487233    24.383867
    7.739009    45.329933    24.361567
   -3.779491    46.234933    25.123167
  -15.905491    43.629833    25.790267
  -26.837891    38.069433    26.639567
  -36.015691    30.867233    28.300467
  -43.932991    22.584033    30.210667
  -49.686991    12.961633    30.621767
  -51.164891     2.016733    28.878167
  -48.157991    -9.754867    26.588767
  -42.687291   -21.980667    25.524567
  -35.932391   -33.834467    25.961667
  -27.260591   -42.926367    27.038467
  -16.200891   -46.794467    27.957367
   -3.779491   -45.754667    28.747767
    8.552709   -42.033467    29.699767
   19.799209   -36.787167    30.621067
   29.045809   -29.665067    31.237867
   35.800809   -20.444067    31.914867
   40.498609    -9.699467    33.100967
   47.449709     2.016733    25.438167
   48.974809    14.044233    26.275067
   45.547309    25.941533    25.039767
   37.254709    35.578033    22.455367
   27.017909    41.948933    20.214567
   17.027909    45.781333    19.237267
    7.089409    47.982433    19.315367
   -3.779491    48.418533    19.655867
  -15.206791    46.429033    19.729667
  -25.606791    42.080033    19.832867
  -34.420691    36.264033    20.647067
  -42.625291    29.589933    22.338867
  -50.707591    21.813733    24.062467
  -56.981791    12.521433    24.469667
  -58.743691     2.016733    23.222667
  -55.503991    -8.920967    21.451267
  -49.473891   -19.941467    20.396467
  -42.647291   -30.993367    20.392267
  -35.120791   -41.136367    20.966767
  -26.063991   -48.225367    21.464467
  -15.339191   -50.700867    21.698167
   -3.779491   -49.241067    21.963067
    7.710509   -45.678667    22.429267
   18.440609   -41.002567    22.789267
   27.534709   -35.038267    22.665267
   34.319609   -27.500667    22.292167
   39.260209   -18.669567    22.452867
   43.567209    -8.882567    23.663367
   51.327709     2.016733    16.895567
   55.257009    14.000433    18.503267
   54.383209    26.554933    18.766967
   47.366709    37.075433    17.516867
   36.683009    43.744433    15.710667
   25.780309    47.016333    14.353567
   15.959509    48.514633    13.782067
    6.448609    49.242333    13.739367
   -3.779491    49.024233    13.729167
  -14.436691    47.186033    13.460767
  -24.110291    43.571333    13.117167
  -32.110691    38.782133    13.140367
  -39.332291    33.449233    13.813567
  -47.072491    27.535733    14.995567
  -55.339891    20.447533    16.080067
  -62.075191    11.799333    16.378067
  -64.457491     2.016733    15.787267
  -61.676891    -8.027767    14.885767
  -55.613491   -17.891867    14.314867
  -48.559891   -27.706867    14.301567
  -41.348991   -37.386767    14.638767
  -33.530891   -45.864467    14.931167
  -24.529491   -51.442867    14.960667
  -14.426691   -53.210767    14.865767
   -3.779491   -51.812667    14.919967
    6.908009   -48.575067    15.178067
   17.140909   -44.279767    15.358667
   26.072709   -38.940467    15.104167
   32.835609   -32.429567    14.436467
   37.524809   -24.984467    13.859267
   41.438109   -16.952167    13.971267
   46.006409    -8.183467    15.069167
   54.842309     2.016733     8.594367
   60.823109    13.783333     9.797767
   62.489909    26.796133    10.454967
   57.401309    38.360533    10.219767
   46.960309    45.980933     9.349967
   34.975809    49.370933     8.401067
   24.142309    50.135133     7.747767
   14.764909    49.990933     7.452067
    5.773409    49.645433     7.362267
   -3.779491    48.807733     7.258567
  -13.664491    46.850533     7.014367
  -22.650691    43.557933     6.691267
  -29.913491    39.352233     6.468367
  -35.977391    34.840033     6.496467
  -42.168591    30.219833     6.807667
  -49.450891    25.097533     7.288067
  -57.489491    18.800933     7.711367
  -64.351391    10.981833     7.877267
  -67.533091     2.016733     7.775767
  -65.969991    -7.279267     7.585067
  -60.816591   -16.352867     7.505367
  -54.081091   -25.200367     7.617667
  -47.006091   -33.970767     7.848867
  -39.714191   -42.347367     8.031267
  -31.804791   -49.328367     8.035467
  -23.045191   -53.745967     7.886567
  -13.598691   -55.123067     7.735267
   -3.779491   -53.939567     7.716867
    6.165709   -51.055267     7.833767
   15.881609   -47.029567     7.934567
   24.613109   -41.991767     7.816267
   31.435609   -35.994567     7.419167
   36.078809   -29.331767     6.923367
   39.432509   -22.412967     6.625867
   43.065309   -15.316967     6.766567
   48.220609    -7.497267     7.452667
   57.400309     2.016733     0.280567
   64.434809    13.057733     0.280567
   67.837309    25.712933     0.280567
   64.808809    37.689633     0.280567
   55.648109    46.383333     0.280567
   43.558709    50.764633     0.280567
   31.836609    51.802933     0.280567
   21.870309    51.248633     0.280567
   13.284309    50.361333     0.280567
    4.996009    49.481633     0.280567
   -3.779491    48.259833     0.280567
  -12.867991    46.172733     0.280567
  -21.249591    43.030133     0.280567
  -28.038291    39.145333     0.280567
  -33.342191    35.058033     0.280567
  -38.136191    31.103133     0.280567
  -43.524991    27.170233     0.280567
  -50.072491    22.749433     0.280567
  -57.357391    17.211433     0.280567
  -63.883891    10.220433     0.280567
  -67.727491     2.016733     0.280567
  -67.760691    -6.728467     0.280567
  -64.347191   -15.394267     0.280567
  -58.794891   -23.742267     0.280567
  -52.296491   -31.813467     0.280567
  -45.379891   -39.560567     0.280567
  -38.037691   -46.563667     0.280567
  -30.133591   -52.084467     0.280567
  -21.683391   -55.456067     0.280567
  -12.848691   -56.482767     0.280567
   -3.779491   -55.473167     0.280567
    5.421709   -52.916167     0.280567
   14.507909   -49.157067     0.280567
   22.876809   -44.352767     0.280567
   29.708109   -38.665567     0.280567
   34.540709   -32.435367     0.280567
   37.788009   -26.102267     0.280567
   40.636309   -19.919267     0.280567
   44.446009   -13.688067     0.280567
   50.103909    -6.701167     0.280567
   58.142609     2.016733    -8.425133
   66.043109    14.165733   -10.064333
   68.638609    28.115933   -11.107233
   62.722109    40.543133   -10.974433
   50.289009    48.314733    -9.898833
   36.421209    51.130633    -8.615233
   24.491109    51.022033    -7.665333
   14.740809    50.045433    -7.178033
    5.751409    48.985333    -7.004533
   -3.779491    47.479933    -6.886633
  -13.785491    44.845533    -6.622333
  -22.838191    40.931633    -6.196333
  -29.745491    36.330933    -5.755433
  -34.881691    31.812833    -5.462333
  -39.720291    27.652433    -5.389733
  -45.585891    23.407733    -5.511433
  -52.761591    18.152733    -5.745733
  -60.078791    11.050333    -6.023033
  -65.311491     2.016733    -6.343633
  -66.621091    -8.137267    -6.772133
  -63.839891   -18.348467    -7.360933
  -58.158391   -27.989967    -8.051633
  -50.848191   -36.867867    -8.631233
  -42.558091   -44.742567    -8.834733
  -33.500791   -51.040967    -8.574233
  -23.865091   -55.087467    -8.047333
  -13.905691   -56.569767    -7.571733
   -3.779491   -55.682567    -7.351933
    6.437309   -52.823667    -7.379233
   16.390809   -48.280267    -7.452933
   25.175009   -42.290567    -7.311633
   31.780609   -35.323867    -6.864033
   36.105309   -28.102667    -6.307033
   39.372109   -21.195167    -5.977333
   43.440109   -14.534767    -6.152033
   49.726209    -7.253667    -6.982033
   56.444309     2.016733   -17.678033
   63.492009    14.658333   -20.905433
   63.419709    28.728433   -22.340733
   54.048009    40.263033   -21.008333
   39.843409    46.526033   -18.159133
   26.483709    48.393333   -15.625733
   15.759709    48.328733   -14.224833
    6.288009    47.706133   -13.795433
   -3.779491    46.277333   -13.711733
  -14.579691    43.251233   -13.352033
  -24.235591    38.632433   -12.537933
  -31.236791    33.419833   -11.577633
  -36.317291    28.568233   -10.872233
  -41.402391    24.081833   -10.614833
  -47.745791    18.958533   -10.801933
  -54.929191    11.821733   -11.386833
  -60.877391     2.016733   -12.403033
  -63.213791    -9.640467   -13.945133
  -61.040991   -21.471567   -15.962233
  -55.132791   -32.177767   -17.969933
  -46.727791   -41.173667   -19.074933
  -36.763791   -48.102467   -18.684933
  -25.953191   -52.578267   -17.215133
  -14.869491   -54.407567   -15.694633
   -3.779491   -53.718667   -14.843133
    7.241409   -50.720667   -14.695833
   17.721309   -45.545767   -14.743433
   26.519709   -38.551267   -14.379833
   32.753509   -30.624167   -13.535133
   37.079709   -22.796767   -12.826133
   41.525209   -15.409767   -13.038533
   47.981009    -7.667067   -14.677733
   52.299409     2.016733   -27.092933
   56.924809    14.710733   -30.931433
   53.221309    27.980733   -31.200733
   41.483909    37.928733   -27.623733
   27.863209    42.998333   -23.236733
   16.447409    44.881233   -20.465333
    6.641209    45.345233   -19.620933
   -3.779491    44.362633   -19.749033
  -15.214691    41.119333   -19.591033
  -25.347091    35.914933   -18.569233
  -32.415991    30.222933   -17.132433
  -37.584291    24.988533   -16.045333
  -42.998091    19.612333   -15.767533
  -49.341491    12.390633   -16.497333
  -55.119691     2.016733   -18.405533
  -57.731491   -10.806867   -21.587833
  -55.572091   -23.669567   -25.551733
  -48.910691   -34.458367   -28.666133
  -39.065891   -42.341367   -29.017833
  -27.545391   -47.286067   -26.633433
  -15.586391   -49.521667   -23.583333
   -3.779491   -49.266767   -21.645133
    7.730409   -46.487667   -21.091033
   18.377909   -41.055267   -21.089533
   26.985809   -33.451467   -20.742233
   33.176309   -24.963667   -20.189533
   38.432509   -16.631467   -20.562533
   44.805309    -8.134367   -22.901233
   46.271909     2.016733   -35.665633
   47.815009    14.670233   -38.599033
   40.984409    26.835633   -36.315133
   28.826009    35.313433   -30.687233
   17.095709    39.813933   -26.189233
    6.946709    41.818433   -24.584333
   -3.779491    41.499033   -24.905533
  -15.705091    38.118433   -25.138533
  -26.110591    32.407833   -24.086333
  -33.161191    26.240233   -22.367733
  -38.433491    20.152233   -21.321433
  -43.773991    12.663233   -21.894233
  -48.659491     2.016733   -24.613433
  -50.604891   -11.199467   -29.460033
  -47.541191   -23.896967   -34.840833
  -39.516291   -33.455767   -37.304333
  -28.297391   -39.378767   -35.010833
  -15.979991   -42.340367   -30.540133
   -3.779491   -42.854167   -27.333933
    7.951209   -40.670567   -26.333933
   18.583909   -35.317067   -26.538333
   27.124709   -27.363667   -26.938633
   33.832709   -18.320867   -28.008333
   40.254609    -8.826267   -31.005233
   39.089909     2.016733   -42.160833
   37.906409    14.796933   -43.048933
   29.286809    26.006733   -38.157433
   17.952609    33.379933   -32.085933
    7.361209    37.173233   -29.227533
   -3.779491    37.544733   -29.428333
  -16.091391    33.951233   -29.978533
  -26.474791    27.670033   -29.003433
  -33.267491    20.686533   -27.513733
  -38.192291    12.695233   -27.659533
  -41.919891     2.016733   -30.779533
  -42.455091   -10.755167   -36.512933
  -37.703191   -22.149067   -41.400633
  -28.098791   -29.777467   -40.890633
  -16.100091   -33.949267   -36.023333
   -3.779491   -35.498467   -31.879233
    8.076109   -34.039267   -30.733033
   18.733509   -28.707967   -31.743533
   27.409009   -20.115567   -33.959633
   34.381509    -9.757267   -37.712933
   31.260709     2.016733   -45.839633
   28.220509    15.102933   -44.600233
   18.876209    25.462933   -38.506933
    7.957109    31.356533   -34.087033
   -3.779491    32.414933   -33.642033
  -16.381991    28.409033   -34.216333
  -26.292091    21.255433   -33.493433
  -32.164491    12.671133   -33.304133
  -35.063391     2.016733   -36.205033
  -33.853491    -9.864367   -41.388533
  -27.034991   -19.508767   -43.531433
  -16.071891   -25.372267   -39.879333
   -3.779491   -28.053067   -35.592033
    8.279009   -27.011867   -34.886333
   18.987209   -20.970867   -37.446033
   27.176009   -10.681767   -41.879933
   22.974309     2.016733   -46.931133
   18.768709    15.283633   -44.414033
    8.601709    24.045033   -39.214633
   -3.779491    26.074233   -37.646133
  -16.475691    21.391633   -37.951433
  -25.022091    12.758033   -37.999633
  -28.008791     2.016733   -40.181633
  -25.021091    -9.032967   -43.461533
  -15.967191   -17.005967   -42.279433
   -3.779491   -20.820667   -38.816833
    8.576009   -19.366967   -39.200033
   18.598609   -11.078767   -43.394733
   14.267209     2.016733   -46.417733
    8.694709    14.601933   -43.764033
   -3.779491    18.625433   -41.156533
  -15.970891    12.805833   -41.194433
  -20.536491     2.016733   -42.524733
  -15.546091    -8.418067   -43.473033
   -3.779491   -13.611567   -41.622433
    8.529209   -10.224667   -43.364833
    5.252209     2.016733   -45.384133
   -3.779491    10.419333   -43.603333
  -12.458291     2.016733   -43.703933
   -3.779491    -6.060767   -43.689233
   -3.779491     2.016733   -44.476833
     1      2      3
     1      3      4
     1      4      5
     1      5      2
     2      6      7
     7      3      2
     3      7      8
     3      8      9
     9      4      3
     4      9     10
     4     10     11
    11      5      4
     5     11     12
     5     12     13
    13      2      5
     2     13      6
     6     14     15
    15      7      6
     7     15     16
    16      8      7
     8     16     17
     8     17     18
    18      9      8
     9     18     19
    19     10      9
    10     19     20
    10     20     21
    21     11     10
    11     21     22
    22     12     11
    12     22     23
    12     23     24
    24     13     12
    13     24     25
    25      6     13
     6     25     14
    14     26     27
    27     15     14
    15     27     28
    28     16     15
    16     28     29
    29     17     16
    17     29     30
    17     30     31
    31     18     17
    18     31     32
    32     19     18
    19     32     33
    33     20     19
    20     33     34
    20     34     35
    35     21     20
    21     35     36
    36     22     21
    22     36     37
    37     23     22
    23     37     38
    23     38     39
    39     24     23
    24     39     40
    40     25     24
    25     40     41
    41     14     25
    14     41     26
    26     42     43
    43     27     26
    27     43     44
    44     28     27
    28     44     45
    45     29     28
    29     45     46
    46     30     29
    30     46     47
    30     47     48
    48     31     30
    31     48     49
    49     32     31
    32     49     50
    50     33     32
    33     50     51
    51     34     33
    34     51     52
    34     52     53
    53     35     34
    35     53     54
    54     36     35
    36     54     55
    55     37     36
    37     55     56
    56     38     37
    38     56     57
    38     57     58
    58     39     38
    39     58     59
    59     40     39
    40     59     60
    60     41     40
    41     60     61
    61     26     41
    26     61     42
    42     62     63
    63     43     42
    43     63     64
    64     44     43
    44     64     65
    65     45     44
    45     65     66
    66     46     45
    46     66     67
    67     47     46
    47     67     68
    47     68     69
    69     48     47
    48     69     70
    70     49     48
    49     70     71
    71     50     49
    50     71     72
    72     51     50
    51     72     73
    73     52     51
    52     73     74
    52     74     75
    75     53     52
    53     75     76
    76     54     53
    54     76     77
    77     55     54
    55     77     78
    78     56     55
    56     78     79
    79     57     56
    57     79     80
    57     80     81
    81     58     57
    58     81     82
    82     59     58
    59     82     83
    83     60     59
    60     83     84
    84     61     60
    61     84     85
    85     42     61
    42     85     62
    62     86     87
    87     63     62
    63     87     88
    88     64     63
    64     88     89
    89     65     64
    65     89     90
    90     66     65
    66     90     91
    91     67     66
    67     91     92
    92     68     67
    68     92     93
    68     93     94
    94     69     68
    69     94     95
    95     70     69
    70     95     96
    96     71     70
    71     96     97
    97     72     71
    72     97     98
    98     73     72
    73     98     99
    99     74     73
    74     99    100
    74    100    101
   101     75     74
    75    101    102
   102     76     75
    76    102    103
   103     77     76
    77    103    104
   104     78     77
    78    104    105
   105     79     78
    79    105    106
   106     80     79
    80    106    107
    80    107    108
   108     81     80
    81    108    109
   109     82     81
    82    109    110
   110     83     82
    83    110    111
   111     84     83
    84    111    112
   112     85     84
    85    112    113
   113     62     85
    62    113     86
    86    114    115
   115     87     86
    87    115    116
   116     88     87
    88    116    117
   117     89     88
    89    117    118
   118     90     89
    90    118    119
   119     91     90
    91    119    120
   120     92     91
    92    120    121
   121     93     92
    93    121    122
    93    122    123
   123     94     93
    94    123    124
   124     95     94
    95    124    125
   125     96     95
    96    125    126
   126     97     96
    97    126    127
   127     98     97
    98    127    128
   128     99     98
    99    128    129
   129    100     99
   100    129    130
   100    130    131
   131    101    100
   101    131    132
   132    102    101
   102    132    133
   133    103    102
   103    133    134
   134    104    103
   104    134    135
   135    105    104
   105    135    136
   136    106    105
   106    136    137
   137    107    106
   107    137    138
   107    138    139
   139    108    107
   108    139    140
   140    109    108
   109    140    141
   141    110    109
   110    141    142
   142    111    110
   111    142    143
   143    112    111
   112    143    144
   144    113    112
   113    144    145
   145     86    113
    86    145    114
   114    146    147
   147    115    114
   115    147    148
   148    116    115
   116    148    149
   149    117    116
   117    149    150
   150    118    117
   118    150    151
   151    119    118
   119    151    152
   152    120    119
   120    152    153
   153    121    120
   121    153    154
   154    122    121
   122    154    155
   122    155    156
   156    123    122
   123    156    157
   157    124    123
   124    157    158
   158    125    124
   125    158    159
   159    126    125
   126    159    160
   160    127    126
   127    160    161
   161    128    127
   128    161    162
   162    129    128
   129    162    163
   163    130    129
   130    163    164
   130    164    165
   165    131    130
   131    165    166
   166    132    131
   132    166    167
   167    133    132
   133    167    168
   168    134    133
   134    168    169
   169    135    134
   135    169    170
   170    136    135
   136    170    171
   171    137    136
   137    171    172
   172    138    137
   138    172    173
   138    173    174
   174    139    138
   139    174    175
   175    140    139
   140    175    176
   176    141    140
   141    176    177
   177    142    141
   142    177    178
   178    143    142
   143    178    179
   179    144    143
   144    179    180
   180    145    144
   145    180    181
   181    114    145
   114    181    146
   146    182    183
   183    147    146
   147    183    184
   184    148    147
   148    184    185
   185    149    148
   149    185    186
   186    150    149
   150    186    187
   187    151    150
   151    187    188
   188    152    151
   152    188    189
   189    153    152
   153    189    190
   190    154    153
   154    190    191
   191    155    154
   155    191    192
   155    192    193
   193    156    155
   156    193    194
   194    157    156
   157    194    195
   195    158    157
   158    195    196
   196    159    158
   159    196    197
   197    160    159
   160    197    198
   198    161    160
   161    198    199
   199    162    161
   162    199    200
   200    163    162
   163    200    201
   201    164    163
   164    201    202
   164    202    203
   203    165    164
   165    203    204
   204    166    165
   166    204    205
   205    167    166
   167    205    206
   206    168    167
   168    206    207
   207    169    168
   169    207    208
   208    170    169
   170    208    209
   209    171    170
   171    209    210
   210    172    171
   172    210    211
   211    173    172
   173    211    212
   173    212    213
   213    174    173
   174    213    214
   214    175    174
   175    214    215
   215    176    175
   176    215    216
   216    177    176
   177    216    217
   217    178    177
   178    217    218
   218    179    178
   179    218    219
   219    180    179
   180    219    220
   220    181    180
   181    220    221
   221    146    181
   146    221    182
   222    183    182
   223    183    222
   223    184    183
   224    184    223
   224    185    184
   225    185    224
   225    186    185
   226    186    225
   226    187    186
   227    187    226
   227    188    187
   228    188    227
   228    189    188
   229    189    228
   229    190    189
   230    190    229
   230    191    190
   231    191    230
   231    192    191
   231    193    192
   232    193    231
   232    194    193
   233    194    232
   233    195    194
   234    195    233
   234    196    195
   235    196    234
   235    197    196
   236    197    235
   236    198    197
   237    198    236
   237    199    198
   238    199    237
   238    200    199
   239    200    238
   239    201    200
   240    201    239
   240    202    201
   240    203    202
   241    203    240
   241    204    203
   242    204    241
   242    205    204
   243    205    242
   243    206    205
   244    206    243
   244    207    206
   245    207    244
   245    208    207
   246    208    245
   246    209    208
   247    209    246
   247    210    209
   248    210    247
   248    211    210
   249    211    248
   249    212    211
   249    213    212
   250    213    249
   250    214    213
   251    214    250
   251    215    214
   252    215    251
   252    216    215
   253    216    252
   253    217    216
   254    217    253
   254    218    217
   255    218    254
   255    219    218
   256    219    255
   256    220    219
   257    220    256
   257    221    220
   222    221    257
   222    182    221
   258    223    222
   259    223    258
   259    224    223
   260    224    259
   260    225    224
   261    225    260
   261    226    225
   262    226    261
   262    227    226
   263    227    262
   263    228    227
   264    228    263
   264    229    228
   265    229    264
   265    230    229
   266    230    265
   266    231    230
   266    232    231
   267    232    266
   267    233    232
   268    233    267
   268    234    233
   269    234    268
   269    235    234
   270    235    269
   270    236    235
   271    236    270
   271    237    236
   272    237    271
   272    238    237
   273    238    272
   273    239    238
   274    239    273
   274    240    239
   274    241    240
   275    241    274
   275    242    241
   276    242    275
   276    243    242
   277    243    276
   277    244    243
   278    244    277
   278    245    244
   279    245    278
   279    246    245
   280    246    279
   280    247    246
   281    247    280
   281    248    247
   282    248    281
   282    249    248
   282    250    249
   283    250    282
   283    251    250
   284    251    283
   284    252    251
   285    252    284
   285    253    252
   286    253    285
   286    254    253
   287    254    286
   287    255    254
   288    255    287
   288    256    255
   289    256    288
   289    257    256
   258    257    289
   258    222    257
   290    259    258
   291    259    290
   291    260    259
   292    260    291
   292    261    260
   293    261    292
   293    262    261
   294    262    293
   294    263    262
   295    263    294
   295    264    263
   296    264    295
   296    265    264
   297    265    296
   297    266    265
   297    267    266
   298    267    297
   298    268    267
   299    268    298
   299    269    268
   300    269    299
   300    270    269
   301    270    300
   301    271    270
   302    271    301
   302    272    271
   303    272    302
   303    273    272
   304    273    303
   304    274    273
   304    275    274
   305    275    304
   305    276    275
   306    276    305
   306    277    276
   307    277    306
   307    278    277
   308    278    307
   308    279    278
   309    279    308
   309    280    279
   310    280    309
   310    281    280
   311    281    310
   311    282    281
   311    283    282
   312    283    311
   312    284    283
   313    284    312
   313    285    284
   314    285    313
   314    286    285
   315    286    314
   315    287    286
   316    287    315
   316    288    287
   317    288    316
   317    289    288
   290    289    317
   290    258    289
   318    291    290
   319    291    318
   319    292    291
   320    292    319
   320    293    292
   321    293    320
   321    294    293
   322    294    321
   322    295    294
   323    295    322
   323    296    295
   324    296    323
   324    297    296
   324    298    297
   325    298    324
   325    299    298
   326    299    325
   326    300    299
   327    300    326
   327    301    300
   328    301    327
   328    302    301
   329    302    328
   329    303    302
   330    303    329
   330    304    303
   330    305    304
   331    305    330
   331    306    305
   332    306    331
   332    307    306
   333    307    332
   333    308    307
   334    308    333
   334    309    308
   335    309    334
   335    310    309
   336    310    335
   336    311    310
   336    312    311
   337    312    336
   337    313    312
   338    313    337
   338    314    313
   339    314    338
   339    315    314
   340    315    339
   340    316    315
   341    316    340
   341    317    316
   318    317    341
   318    290    317
   342    319    318
   343    319    342
   343    320    319
   344    320    343
   344    321    320
   345    321    344
   345    322    321
   346    322    345
   346    323    322
   347    323    346
   347    324    323
   347    325    324
   348    325    347
   348    326    325
   349    326    348
   349    327    326
   350    327    349
   350    328    327
   351    328    350
   351    329    328
   352    329    351
   352    330    329
   352    331    330
   353    331    352
   353    332    331
   354    332    353
   354    333    332
   355    333    354
   355    334    333
   356    334    355
   356    335    334
   357    335    356
   357    336    335
   357    337    336
   358    337    357
   358    338    337
   359    338    358
   359    339    338
   360    339    359
   360    340    339
   361    340    360
   361    341    340
   342    341    361
   342    318    341
   362    343    342
   363    343    362
   363    344    343
   364    344    363
   364    345    344
   365    345    364
   365    346    345
   366    346    365
   366    347    346
   366    348    347
   367    348    366
   367    349    348
   368    349    367
   368    350    349
   369    350    368
   369    351    350
   370    351    369
   370    352    351
   370    353    352
   371    353    370
   371    354    353
   372    354    371
   372    355    354
   373    355    372
   373    356    355
   374    356    373
   374    357    356
   374    358    357
   375    358    374
   375    359    358
   376    359    375
   376    360    359
   377    360    376
   377    361    360
   362    361    377
   362    342    361
   378    363    362
   379    363    378
   379    364    363
   380    364    379
   380    365    364
   381    365    380
   381    366    365
   381    367    366
   382    367    381
   382    368    367
   383    368    382
   383    369    368
   384    369    383
   384    370    369
   384    371    370
   385    371    384
   385    372    371
   386    372    385
   386    373    372
   387    373    386
   387    374    373
   387    375    374
   388    375    387
   388    376    375
   389    376    388
   389    377    376
   378    377    389
   378    362    377
   390    379    378
   391    379    390
   391    380    379
   392    380    391
   392    381    380
   392    382    381
   393    382    392
   393    383    382
   394    383    393
   394    384    383
   394    385    384
   395    385    394
   395    386    385
   396    386    395
   396    387    386
   396    388    387
   397    388    396
   397    389    388
   390    389    397
   390    378    389
   398    391    390
   399    391    398
   399    392    391
   399    393    392
   400    393    399
   400    394    393
   400    395    394
   401    395    400
   401    396    395
   401    397    396
   398    397    401
   398    390    397
   402    399    398
   402    400    399
   402    401    400
   402    398    401
