574 1144
   -0.293362     0.279159     0.490325
   -0.444507     0.430304     0.490325
   -0.343411     0.248310     0.500976
   -0.280053     0.184953     0.500976
   -0.489968     0.539402     0.476144
   -0.495874     0.533496     0.476144
   -0.500242     0.502578     0.479639
   -0.474269     0.478375     0.486245
   -0.342338     0.240716     0.500117
   -0.271903     0.170282     0.500117
    0.269389    -0.554593     0.400275
    0.317237    -0.605939     0.387216
    0.320736    -0.602440     0.387216
   -0.111102     0.900328     0.308255
   -0.132711     0.878719     0.320913
   -0.214754     0.077975     0.492282
    0.265793    -0.550997     0.401148
    0.324408    -0.604222     0.386001
    0.395408    -0.604222     0.356591
    0.399344    -0.602375     0.354644
    0.464995    -0.540914     0.316906
    0.458662    -0.475202     0.308255
   -0.398926     0.807387     0.396135
   -0.404486     0.800605     0.398885
   -0.420599     0.772052     0.408839
   -0.486963     0.635270     0.454110
   -0.489968     0.627876     0.456428
   -0.110798     0.901170     0.307854
   -0.135382     0.955610     0.289522
   -0.250555     1.003316     0.289522
   -0.270374     0.982147     0.301691
   -0.372869     0.855001     0.371942
   -0.383483     0.840307     0.379850
   -0.442931     0.735683     0.420073
   -0.480412     0.652684     0.448021
   -0.497824     0.614614     0.457632
   -0.502394     0.557829     0.469268
   -0.507175     0.546287     0.469268
   -0.507367     0.545247     0.469367
   -0.510615     0.511538     0.473805
   -0.501045     0.502578     0.479307
   -0.499693     0.488556     0.477461
   -0.393783     0.232865     0.477461
   -0.349767     0.212989     0.492282
    0.313332    -0.656268     0.365699
    0.346219    -0.669890     0.365699
    0.334281    -0.641070     0.375589
    0.356375    -0.685235     0.358860
    0.367142    -0.708187     0.347506
    0.360247    -0.689108     0.356591
    0.566171    -0.136948     0.156213
    0.545141    -0.540914     0.255407
    0.574489    -0.519550     0.228496
    0.619460    -0.467703     0.183328
    0.624332    -0.454055     0.176783
    0.615700    -0.367787     0.165670
    0.614117    -0.354180     0.164087
    0.599636    -0.253071     0.154410
    0.597384    -0.239060     0.153257
    0.576436    -0.160879     0.153257
    0.209406     0.724358     0.156213
    0.149136     0.839738     0.163875
    0.121985     0.889753     0.167826
    0.111305     0.901170     0.171480
    0.099515     0.938125     0.156028
    0.083709     0.970654     0.145760
   -0.103596     1.157959     0.145760
   -0.109100     1.159715     0.148061
   -0.123424     1.151293     0.162028
   -0.135382     1.119440     0.188928
   -0.169365     1.108639     0.204203
   -0.177417     1.100059     0.211519
   -0.248030     1.010893     0.284228
   -0.128072     1.152539     0.162028
   -0.153401     1.130569     0.184093
   -0.253425     1.005570     0.287203
   -0.396659     0.823550     0.386787
   -0.466873     0.695120     0.430278
   -0.451164     0.727450     0.420073
   -0.498895     0.613468     0.457266
   -0.505591     0.562289     0.466171
   -0.505821     0.560255     0.466547
   -0.507870     0.543367     0.469367
   -0.509924     0.530586     0.470419
   -0.510697     0.523384     0.471307
   -0.511883     0.511538     0.472833
   -0.512029     0.511369     0.472686
   -0.512717     0.509442     0.471761
   -0.530883     0.406554     0.436668
   -0.529656     0.394287     0.435088
   -0.529642     0.392373     0.434609
   -0.520225     0.295238     0.415687
   -0.514237     0.242264     0.405891
   -0.513007     0.232865     0.404255
   -0.492848    -0.064824     0.233848
   -0.402806    -0.347046     0.115846
    0.293964    -1.043816     0.115846
    0.313332    -0.992221     0.159419
    0.370712    -0.973984     0.185210
    0.379496    -0.947632     0.203625
    0.380260    -0.944838     0.205535
    0.396185    -0.854641     0.264967
    0.400128    -0.823892     0.284851
    0.400128    -0.787822     0.306998
    0.294741    -1.057860     0.105230
    0.335100    -1.068675     0.105230
    0.336012    -1.067884     0.106024
    0.350627    -1.047808     0.124434
    0.363558    -1.017580     0.150287
    0.370712    -0.982022     0.179042
    0.401037    -0.819285     0.287448
    0.401037    -0.788732     0.306208
    0.410785    -0.788732     0.300223
    0.446455    -0.750598     0.288020
    0.499179    -0.712446     0.255407
    0.625289    -0.452398     0.175107
    0.619294    -0.398312     0.168899
    0.594915    -0.218713     0.149860
    0.591899    -0.196247     0.146438
    0.103759     0.931774     0.156028
    0.118412     0.900038     0.163875
   -0.026735     1.120437     0.114281
   -0.064256     1.157959     0.114281
    0.083083     0.972287     0.144954
   -0.066173     1.160905     0.112286
   -0.094491     1.179826     0.112286
   -0.107225     1.174873     0.128408
   -0.107584     1.174411     0.129249
   -0.109610     1.164038     0.143292
   -0.123819     1.160051     0.152172
   -0.127040     1.156091     0.157666
   -0.121646     1.163039     0.147714
   -0.155185     1.131070     0.182979
   -0.156536     1.130079     0.183694
   -0.291414     0.980187     0.287203
   -0.425326     0.794884     0.386787
   -0.483475     0.670273     0.430278
   -0.498349     0.627465     0.446721
   -0.531333     0.404306     0.435499
   -0.529906     0.391433     0.434022
   -0.528618     0.370145     0.428991
   -0.523162     0.319440     0.419728
   -0.490479    -0.125484     0.188145
   -0.466949    -0.240417     0.124354
   -0.402806    -0.425030     0.053444
   -0.394634    -0.456523     0.034783
   -0.230425    -0.885091    -0.176757
   -0.193595    -0.972837    -0.217500
   -0.180463    -0.990552    -0.221168
   -0.109727    -1.061288    -0.221168
   -0.055445    -1.082087    -0.194374
    0.278147    -1.082087     0.072565
    0.242861    -1.139004    -0.023833
    0.256254    -1.134405    -0.007608
    0.279429    -1.125389     0.021733
    0.281813    -1.113178     0.038265
   -0.032907    -1.097146    -0.194374
    0.000933    -1.108904    -0.181376
    0.025794    -1.114862    -0.168618
    0.117570    -1.133651    -0.117680
    0.140326    -1.136283    -0.102623
    0.198628    -1.138560    -0.058697
    0.225488    -1.139399    -0.038208
    0.323567    -1.101461     0.064358
    0.326038    -1.098425     0.068572
    0.327516    -1.094776     0.073180
    0.288180    -1.127130     0.021733
    0.304845    -1.117506     0.038595
    0.321972    -1.103656     0.061085
    0.339839    -1.068957     0.103633
    0.343204    -1.064120     0.108117
    0.350450    -1.049308     0.122779
    0.364029    -1.028439     0.136906
    0.396185    -0.903276     0.226050
    0.486716    -0.767786     0.226050
    0.506233    -0.711614     0.247625
    0.594572    -0.591122     0.183769
    0.597730    -0.587570     0.180574
    0.616800    -0.491698     0.180574
    0.625741    -0.452398     0.174016
    0.090197     0.963338     0.142989
   -0.041286     1.141458     0.101745
   -0.068123     1.168295     0.101745
   -0.078361     1.181147     0.091333
   -0.093056     1.182307     0.106329
   -0.080890     1.185501     0.084070
   -0.089266     1.189769     0.084070
   -0.093286     1.189557     0.089425
   -0.093575     1.184177     0.102525
   -0.105572     1.182062     0.112219
   -0.107225     1.176925     0.123988
   -0.096027     1.189991     0.089425
   -0.105572     1.186608     0.101244
   -0.117618     1.184700     0.101244
   -0.117296     1.178701     0.115851
   -0.124538     1.185064     0.092026
   -0.230016     1.131320     0.092026
   -0.234302     1.123942     0.104336
   -0.262982     1.087936     0.133503
   -0.361446     0.989472     0.133503
   -0.415459     0.911447     0.180033
   -0.424673     0.893868     0.196244
   -0.447259     0.789096     0.355501
   -0.471657     0.732309     0.378960
   -0.480608     0.706599     0.393208
   -0.499828     0.655578     0.409268
   -0.509937     0.530658     0.470361
   -0.510953     0.524246     0.470361
   -0.532271     0.400789     0.431890
   -0.517713     0.267566     0.409242
   -0.394205    -0.461952     0.029242
   -0.451664    -0.309422     0.077255
   -0.317212    -0.683091    -0.093311
   -0.161506    -1.017938    -0.237499
   -0.125021    -1.054422    -0.237499
   -0.108526    -1.065841    -0.227663
   -0.102512    -1.070622    -0.228983
   -0.101682    -1.071078    -0.228812
   -0.098305    -1.072624    -0.227581
   -0.048759    -1.093910    -0.207114
   -0.041387    -1.096477    -0.203028
   -0.027766    -1.101608    -0.198741
    0.282157    -1.129838     0.013322
    0.287949    -1.127849     0.020085
    0.252475    -1.138411    -0.018725
    0.274697    -1.132482     0.004085
    0.306179    -1.121614     0.028168
    0.310078    -1.118429     0.034367
    0.296858    -1.126438     0.020085
    0.319854    -1.111281     0.045573
    0.333717    -1.097819     0.060735
    0.326297    -1.107998     0.045573
    0.329369    -1.105304     0.048247
    0.334607    -1.096702     0.061640
    0.402095    -1.029214     0.061640
    0.411259    -1.015976     0.069534
    0.475811    -0.905965     0.085043
    0.448876    -0.968657     0.059144
    0.585855    -0.689991     0.085043
    0.616518    -0.608593     0.110665
    0.615157    -0.582730     0.145119
    0.622906    -0.526334     0.152589
    0.628466    -0.491229     0.152589
    0.630824    -0.471451     0.154460
    0.634724    -0.471451     0.124834
    0.614117    -0.314927     0.124834
    0.595729    -0.199461     0.125470
    0.606826    -0.264220     0.120160
    0.597482    -0.205221     0.120160
    0.203155     0.748295     0.125470
    0.197154     0.761616     0.121408
    0.097249     0.957688     0.121408
    0.051004     1.027160     0.065312
   -0.051751     1.161073     0.065312
   -0.068841     1.181298     0.052832
   -0.079554     1.187013     0.072730
   -0.083451     1.195907     0.025831
   -0.084018     1.192585     0.055678
   -0.086791     1.193310     0.059239
   -0.083526     1.195967     0.025595
   -0.089410     1.199414     0.017117
   -0.089485     1.199445     0.017117
   -0.087963     1.194706     0.051595
   -0.095497     1.194706     0.059129
   -0.096027     1.193879     0.064882
   -0.093864     1.200671     0.012184
   -0.095497     1.200886     0.012184
   -0.103341     1.200886     0.004341
   -0.121719     1.198467     0.004341
   -0.123193     1.193879     0.037717
   -0.127288     1.188999     0.064433
   -0.206616     1.168282    -0.037454
   -0.156141     1.188830    -0.034437
   -0.171734     1.184084    -0.048809
   -0.206095     1.169851    -0.048809
   -0.206812     1.169431    -0.047775
   -0.233273     1.135008     0.064372
   -0.273341     1.113632    -0.010046
   -0.227137     1.153835    -0.047775
   -0.257251     1.128388    -0.029193
   -0.266777     1.120195    -0.022176
   -0.309543     1.070789     0.016391
   -0.334097     1.040735     0.038291
   -0.338678     1.034266     0.041335
   -0.378896     0.973849     0.090119
   -0.434040     0.873076     0.202584
   -0.438932     0.857619     0.218014
   -0.495230     0.672654     0.388498
   -0.500067     0.655378     0.407960
   -0.510953     0.579669     0.414938
   -0.534503     0.400789     0.414938
   -0.517713     0.063927     0.205603
   -0.534503     0.191454     0.205603
   -0.345175    -0.662502    -0.256389
   -0.284054    -0.810061    -0.256389
   -0.440447    -0.349486     0.032122
   -0.219729    -0.949106    -0.290113
   -0.215744    -0.955092    -0.285280
   -0.234225    -0.920655    -0.290113
   -0.172370    -1.011619    -0.285280
   -0.160181    -1.026043    -0.276379
   -0.153751    -1.032473    -0.264496
   -0.132493    -1.050436    -0.251378
   -0.130247    -1.052159    -0.251378
   -0.054230    -1.092482    -0.214141
   -0.045681    -1.096023    -0.214141
   -0.043165    -1.096921    -0.212934
    0.173403    -1.138560    -0.083922
    0.153769    -1.137235    -0.095187
    0.187708    -1.139399    -0.075988
    0.268838    -1.136087    -0.017432
    0.272111    -1.135361    -0.015198
    0.282395    -1.132482    -0.003613
    0.254806    -1.138104    -0.018725
    0.295007    -1.128644     0.008012
    0.317847    -1.118701     0.012054
    0.317825    -1.118573     0.013211
    0.305450    -1.124318     0.008012
    0.317616    -1.118836     0.011722
    0.348830    -1.094927     0.012054
    0.348849    -1.094911     0.012065
    0.387855    -1.055905     0.012065
    0.395523    -1.046831     0.006466
    0.401788    -1.039124     0.003672
    0.406982    -1.032539     0.002559
    0.467366    -0.953843     0.002559
    0.558741    -0.778333    -0.007512
    0.568360    -0.756983    -0.001001
    0.472804    -0.945675    -0.004037
    0.484682    -0.924052    -0.008488
    0.549421    -0.796995    -0.008488
    0.628466    -0.598567     0.045251
    0.612464    -0.650507    -0.001001
    0.626310    -0.607041     0.033889
    0.627880    -0.601883     0.038643
    0.628842    -0.598446     0.042515
    0.634724    -0.553770     0.042515
    0.627880    -0.553770    -0.009471
    0.627352    -0.553431    -0.013146
    0.626448    -0.550045    -0.016622
    0.624396    -0.539787    -0.021956
    0.606826    -0.440277    -0.055897
    0.556309    -0.207869    -0.142444
    0.549515    -0.164973    -0.142444
    0.534616    -0.136185    -0.167406
    0.462031     0.012389    -0.260073
    0.386972     0.167830    -0.349626
    0.347009     0.255234    -0.381176
    0.311914     0.332570    -0.406865
    0.307603     0.342430    -0.408766
    0.304409     0.350908    -0.406098
    0.128470     0.696207    -0.406098
    0.036743     0.909707    -0.317901
    0.024145     0.939720    -0.303965
   -0.022592     1.053436    -0.246029
   -0.027754     1.067161    -0.236559
   -0.030879     1.076665    -0.227677
   -0.035073     1.096121    -0.198104
   -0.052494     1.121286    -0.183096
   -0.088695     1.189141    -0.057067
   -0.088941     1.190552    -0.050419
   -0.057669     1.126461    -0.183096
   -0.072390     1.144942    -0.168125
   -0.086225     1.168755    -0.128397
   -0.088252     1.172697    -0.120778
   -0.093195     1.184047    -0.095266
   -0.090576     1.192593    -0.044173
   -0.095499     1.185930    -0.091601
   -0.090801     1.192652    -0.044463
   -0.091590     1.193591    -0.039318
   -0.106393     1.187655    -0.091601
   -0.106393     1.188830    -0.084185
   -0.103341     1.193591    -0.051069
   -0.111526     1.185836    -0.097957
   -0.162582     1.177749    -0.097957
   -0.166280     1.177241    -0.097467
   -0.177003     1.177805    -0.083183
   -0.206043     1.169546    -0.051553
   -0.182849     1.175603    -0.081342
   -0.203661     1.167239    -0.069755
   -0.208774     1.166137    -0.061985
   -0.188602     1.172672    -0.081342
   -0.193369     1.170623    -0.079373
   -0.224554     1.155213    -0.052574
   -0.228389     1.151378    -0.052574
   -0.276770     1.108161    -0.016150
   -0.270292     1.115774    -0.021205
   -0.370614     0.974908     0.050083
   -0.383067     0.957877     0.069604
   -0.356294     0.999693     0.041335
   -0.417865     0.886649     0.114030
   -0.495230     0.353947     0.069791
   -0.463760     0.552644     0.069791
   -0.514599     0.191454     0.054418
   -0.483071     0.073278    -0.066884
   -0.440447    -0.139718    -0.177647
   -0.345208    -0.551404    -0.367278
   -0.324920    -0.679498    -0.367278
   -0.397863    -0.309163    -0.277068
   -0.320504    -0.688029    -0.374676
   -0.300474    -0.729030    -0.400248
   -0.287523    -0.758652    -0.405960
   -0.267344    -0.807369    -0.405960
   -0.255822    -0.837955    -0.396332
   -0.247144    -0.855540    -0.394875
   -0.238877    -0.874184    -0.388504
   -0.220753    -0.916368    -0.371078
   -0.213715    -0.933136    -0.363292
   -0.203893    -0.957034    -0.351116
   -0.202652    -0.962787    -0.342371
   -0.249864    -0.849649    -0.396332
   -0.184204    -0.989437    -0.326478
   -0.154719    -1.028957    -0.286522
   -0.181815    -0.991826    -0.326478
   -0.161406    -1.017448    -0.305722
   -0.134939    -1.046304    -0.269298
   -0.088055    -1.074637    -0.246314
   -0.108107    -1.059975    -0.269298
   -0.069282    -1.083808    -0.234605
    0.039530    -1.114862    -0.182355
   -0.004292    -1.103078    -0.212934
    0.015331    -1.108010    -0.201420
    0.096573    -1.128049    -0.139233
    0.210308    -1.138104    -0.063224
    0.188621    -1.139303    -0.075803
    0.223928    -1.137182    -0.055427
    0.261652    -1.135708    -0.027005
    0.292336    -1.127743    -0.008832
    0.293929    -1.126931    -0.008832
    0.320160    -1.115661     0.002005
    0.341138    -1.099775     0.003672
    0.345822    -1.096532     0.006466
    0.326431    -1.110676     0.000628
    0.451583    -0.972369    -0.009899
    0.486323    -0.920234    -0.010065
    0.491017    -0.910066    -0.012579
    0.517238    -0.858605    -0.012579
    0.611753    -0.651263    -0.004337
    0.604555    -0.667729    -0.007512
    0.623600    -0.578071    -0.012191
    0.624592    -0.570858    -0.013146
    0.533327    -0.143498    -0.173315
    0.278616     0.381967    -0.429720
    0.219736     0.476146    -0.455537
    0.160969     0.584400    -0.464087
    0.130336     0.672566    -0.430223
    0.125899     0.679207    -0.430223
    0.121933     0.687369    -0.427646
   -0.050510     1.106835    -0.207255
   -0.054810     1.115625    -0.198553
   -0.067340     1.133639    -0.181857
   -0.072749     1.144970    -0.168491
   -0.081871     1.153081    -0.160286
   -0.096209     1.155933    -0.160286
   -0.111479     1.168282    -0.140234
   -0.111479     1.168602    -0.139545
   -0.111526     1.168747    -0.139211
   -0.150884     1.168228    -0.123472
   -0.167038     1.174512    -0.103019
   -0.130587     1.164481    -0.140234
   -0.142460     1.165913    -0.132065
   -0.167554     1.174333    -0.102821
   -0.174342     1.169797    -0.102821
   -0.227797     1.151534    -0.053417
   -0.235539     1.139948    -0.053417
   -0.442993     0.434853    -0.025385
   -0.425466     0.522965    -0.025385
   -0.316191    -0.632679    -0.406254
   -0.314089    -0.651641    -0.404078
   -0.303257    -0.706097    -0.404078
   -0.261856    -0.817479    -0.406758
   -0.258495    -0.824807    -0.405874
   -0.229604    -0.893267    -0.382480
   -0.182665    -0.988606    -0.331072
   -0.199924    -0.962080    -0.349027
   -0.153271    -1.018091    -0.314023
   -0.175493    -0.993398    -0.331072
   -0.159409    -1.009266    -0.322203
   -0.136634    -1.030288    -0.305206
   -0.109702    -1.054231    -0.280984
   -0.048423    -1.080131    -0.251459
   -0.101473    -1.055868    -0.280984
   -0.040195    -1.083069    -0.247513
   -0.021224    -1.093300    -0.230067
    0.115435    -1.130476    -0.126161
    0.284854    -1.127647    -0.018093
    0.288504    -1.125208    -0.018093
    0.451712    -0.972033    -0.010065
    0.494067    -0.901288    -0.015951
    0.624315    -0.569290    -0.014413
    0.620149    -0.598445    -0.010895
    0.622706    -0.577379    -0.014413
    0.311041     0.329459    -0.408810
    0.280067     0.376554    -0.429720
    0.154449     0.591371    -0.466318
    0.153308     0.593296    -0.466143
    0.121494     0.687808    -0.427646
    0.105422     0.728271    -0.408129
    0.026721     0.932167    -0.307947
   -0.049351     1.097007    -0.218097
   -0.049485     1.097042    -0.218097
   -0.073154     1.122261    -0.196593
   -0.079045     1.130354    -0.189171
   -0.092350     1.141895    -0.177580
   -0.092991     1.142707    -0.176688
   -0.096209     1.153782    -0.163090
   -0.126092     1.162167    -0.144415
   -0.172772     1.168228    -0.105957
   -0.172772     1.147350    -0.122663
   -0.165799     1.142574    -0.132065
   -0.343741     0.231721    -0.207389
   -0.159001     1.131011    -0.143339
   -0.190877     0.802216    -0.207389
   -0.307804    -0.642349    -0.414678
   -0.301906    -0.701284    -0.407086
   -0.288084    -0.752871    -0.407086
   -0.257980    -0.825897    -0.405618
   -0.248903    -0.850027    -0.397180
   -0.258267    -0.825191    -0.405839
   -0.217126    -0.923134    -0.368566
   -0.229189    -0.893683    -0.382480
   -0.228156    -0.895364    -0.381961
   -0.186741    -0.977853    -0.340687
   -0.198020    -0.963862    -0.348418
   -0.149224    -1.014884    -0.318912
   -0.135156    -1.029873    -0.306130
   -0.156637    -1.010009    -0.322203
   -0.108805    -1.049509    -0.287371
   -0.003683    -1.098222    -0.219105
   -0.032819    -1.081092    -0.247513
    0.261458    -1.125208    -0.039735
    0.451712    -0.946569    -0.030441
    0.434085    -0.952581    -0.039735
    0.621179    -0.571936    -0.017814
    0.609682    -0.614842    -0.017814
    0.209176     0.442922    -0.470471
    0.206417     0.444216    -0.471835
    0.156616     0.564447    -0.471835
    0.149881     0.596723    -0.466143
    0.143531     0.610786    -0.461408
    0.124940     0.674259    -0.433849
   -0.023403     1.053178    -0.246393
   -0.047920     1.092350    -0.221377
   -0.088264     1.131011    -0.186772
   -0.080012     1.124441    -0.193510
    0.145048     0.603333    -0.464235
    0.139904     0.539429    -0.477330
   -0.000001     0.201668    -0.477330
   -0.120184    -0.276605    -0.483445
   -0.211529    -0.520089    -0.463415
   -0.234097    -0.572245    -0.456821
   -0.258589    -0.618409    -0.447519
   -0.284160    -0.642349    -0.432820
   -0.014053     0.055859    -0.496526
   -0.276900    -0.717684    -0.422902
   -0.268197    -0.738693    -0.422902
   -0.035987    -1.072653    -0.254641
   -0.035987    -0.967979    -0.318912
   -0.029034    -0.952581    -0.324097
   -0.033778    -0.939452    -0.330349
   -0.029458    -0.885785    -0.341346
    0.380911     0.104933    -0.341346
    0.152831     0.444216    -0.494031
    0.146809     0.486841    -0.489212
    0.146809     0.513658    -0.484611
    0.148442     0.533941    -0.480455
    0.148442     0.596338    -0.466550
    0.145917     0.474647    -0.490935
    0.138931     0.425197    -0.496526
   -0.258267    -0.701634    -0.433374
   -0.254117    -0.650066    -0.443940
   -0.228156    -0.887368    -0.385273
   -0.145215    -0.453775    -0.463415
    0.145917     0.437773    -0.495790
     1      2      3
     1      3      4
     5      6      7
     5      7      8
     4      3      9
     4      9     10
    11     12     13
    14     15      1
    14      1      4
    14      4     10
    14     10     16
    14     16     17
    14     17     11
    14     11     13
    14     13     18
    14     18     19
    14     19     20
    14     20     21
    14     21     22
    23     24     25
    23     25     26
    23     26     27
    23     27      5
    23      5      8
    23      8      2
    23      2      1
    23      1     15
    28     29     30
    28     30     31
    28     31     32
    28     32     33
    28     33     23
    28     23     15
    28     15     14
    25     34     35
    25     35     26
    27     36     37
    27     37      6
    27      6      5
    37     38     39
    37     39     40
    37     40     41
    37     41      7
    37      7      6
     8      7     41
     8     41     42
     8     42     43
     8     43     44
     8     44      9
     8      9      3
     8      3      2
    10      9     44
    10     44     16
    17     45     46
    17     46     47
    17     47     12
    17     12     11
    48     49     50
    13     12     47
    13     47     18
    18     47     46
    18     46     48
    18     48     50
    18     50     19
    51     22     21
    51     21     52
    51     52     53
    51     53     54
    51     54     55
    51     55     56
    51     56     57
    51     57     58
    51     58     59
    51     59     60
    61     62     63
    61     63     64
    61     64     28
    61     28     14
    61     14     22
    61     22     51
    64     65     66
    64     66     67
    64     67     68
    64     68     69
    64     69     70
    64     70     29
    64     29     28
    70     71     72
    70     72     73
    70     73     30
    70     30     29
    69     74     75
    69     75     71
    69     71     70
    30     73     76
    30     76     31
    33     77     24
    33     24     23
    78     35     34
    78     34     79
    80     81     82
    80     82     38
    80     38     37
    80     37     36
    39     83     84
    39     84     85
    39     85     86
    39     86     40
    41     40     86
    41     86     87
    41     87     88
    41     88     89
    41     89     90
    41     90     42
    43     42     90
    43     90     91
    43     91     92
    43     92     93
    43     93     94
    16     44     43
    16     43     94
    16     94     95
    16     95     96
    16     96     97
    16     97     98
    16     98     45
    16     45     17
    98     99    100
    98    100    101
    98    101    102
    98    102    103
    98    103    104
    98    104     49
    98     49     48
    98     48     46
    98     46     45
    97    105    106
    97    106    107
    97    107    108
    97    108    109
    97    109    110
    97    110     99
    97     99     98
   100     99    110
   104    103    111
   104    111    112
   112    111    113
    19     50     49
    19     49    104
    19    104    112
    19    112    113
    19    113    114
    19    114     20
    21     20    114
    21    114    115
    21    115     52
    55    116    117
    55    117     56
    60     59    118
    60    118    119
   120     65     64
   120     64     63
   120     63    121
   122    123     67
   122     67     66
   122     66    124
    67    123    125
    67    125    126
    67    126    127
    67    127    128
    67    128    129
    67    129     68
    68    129    130
    68    130    131
    68    131     74
    68     74     69
   128    132    130
   128    130    129
   131    133     75
   131     75     74
    75    133    134
    75    134     72
    75     72     71
    31     76    135
    31    135     32
   136     79     34
   136     34     25
   136     25     24
   136     24     77
    26     35     78
    26     78    137
    26    137    138
    26    138     80
    26     80     36
    26     36     27
    82     83     39
    82     39     38
    86     85     87
    90     89    139
    90    139    140
    90    140     91
    91    140    141
    91    141    142
    91    142     92
    95    143    144
    95    144    145
    95    145     96
    96    145    146
    96    146    147
    96    147    148
    96    148    149
    96    149    150
    96    150    151
    96    151    152
    96    152    105
    96    105     97
   153    154    155
   153    155    156
   153    156    152
   153    152    151
   153    151    157
   153    157    158
   153    158    159
   153    159    160
   153    160    161
   153    161    162
   153    162    163
   152    156    164
   152    164    165
   152    165    166
   152    166    106
   152    106    105
   155    167    168
   155    168    169
   155    169    164
   155    164    156
   106    166    170
   106    170    107
   107    170    171
   107    171    172
   107    172    108
   109    108    172
   109    172    173
   102    101    174
   114    113    111
   114    111    103
   114    103    102
   114    102    174
   114    174    175
   114    175    176
   114    176    115
    52    115    176
    52    176    177
    52    177     53
    53    177    178
    53    178    179
    53    179     54
   117    116    180
   118     59     58
   121     63     62
   181    124     66
   181     66     65
   181     65    120
   182    183    125
   182    125    123
   182    123    122
   184    185    126
   184    126    125
   184    125    183
   186    187    188
   186    188    189
   186    189    185
   186    185    184
   126    185    189
   126    189    190
   126    190    191
   126    191    127
   192    193    190
   192    190    189
   192    189    188
   190    193    194
   190    194    195
   190    195    191
   127    191    195
   127    195    132
   127    132    128
   130    132    195
   130    195    194
   130    194    196
   130    196    197
   130    197    198
   130    198    134
   130    134    133
   130    133    131
    72    134    198
    72    198    199
    72    199    135
    72    135     76
    72     76     73
    32    135    199
    32    199    200
    32    200    201
    32    201    202
    32    202    203
    32    203    136
    32    136     77
    32     77     33
   203    204    205
   203    205    137
   203    137     78
   203     78     79
   203     79    136
   205    206    138
   205    138    137
   207     84     83
   207     83     82
   207     82     81
   208     88     87
   208     87     85
   208     85     84
   208     84    207
   141    140    139
   141    139    209
    92    142    210
    92    210     93
   211    146    145
   211    145    144
   211    144    212
   213    147    146
   213    146    211
   149    214    215
   149    215    216
   149    216    150
   150    216    217
   150    217    218
   150    218    219
   150    219    220
   150    220    221
   150    221    157
   150    157    151
   158    157    221
   158    221    222
   223    224    167
   223    167    155
   223    155    154
   225    226    223
   225    223    154
   225    154    153
   227    228    168
   227    168    167
   227    167    224
   227    224    229
   169    168    228
   169    228    230
   231    165    164
   231    164    169
   231    169    230
   231    230    232
   231    232    233
   171    170    166
   171    166    165
   171    165    231
   171    231    234
   173    172    171
   173    171    234
   173    234    235
   173    235    236
   237    175    174
   237    174    101
   237    101    100
   237    100    110
   237    110    109
   237    109    173
   237    173    236
   237    236    238
   176    175    237
   176    237    239
   176    239    240
   176    240    241
   176    241    178
   176    178    177
   178    241    242
   178    242    179
    54    179    242
    54    242    243
    54    243    244
    54    244    180
    54    180    116
    54    116     55
    57     56    117
    57    117    180
    57    180    244
    57    244    245
    57    245    246
   247    119    118
   247    118     58
   247     58     57
   247     57    246
   247    246    248
   247    248    249
   250     61     51
   250     51     60
   250     60    119
   250    119    247
   251    252    181
   251    181    120
   251    120    121
   251    121     62
   251     62     61
   251     61    250
   253    254    182
   253    182    122
   253    122    124
   253    124    181
   253    181    252
   255    256    186
   255    186    184
   255    184    183
   255    183    182
   255    182    254
   257    258    256
   257    256    255
   259    187    186
   259    186    256
   259    256    258
   260    261    262
   260    262    263
   260    263    259
   260    259    258
   260    258    257
   263    264    265
   263    265    192
   263    192    188
   263    188    187
   263    187    259
   262    266    267
   262    267    264
   262    264    263
   267    268    269
   267    269    270
   267    270    265
   267    265    264
   265    270    271
   265    271    196
   265    196    194
   265    194    193
   265    193    192
   272    271    270
   272    270    269
   272    269    273
   272    273    274
   272    274    275
   272    275    276
   196    271    272
   196    272    277
   196    277    197
   278    277    272
   278    272    276
   278    276    279
   278    279    280
   278    280    281
   199    198    197
   199    197    277
   199    277    278
   199    278    282
   199    282    283
   199    283    200
   200    283    284
   200    284    285
   200    285    201
   202    286    287
   202    287    204
   202    204    203
   287    288    289
   287    289    206
   287    206    205
   287    205    204
   138    206    289
   138    289    290
   138    290    208
   138    208    207
   138    207     81
   138     81     80
   209    139     89
   209     89     88
   209     88    208
   209    208    290
   209    290    291
   292    210    142
   292    142    141
   292    141    209
   292    209    291
   292    291    293
    94     93    210
    94    210    292
    94    292    143
    94    143     95
   294    295    213
   294    213    211
   294    211    212
   294    212    296
   297    298    148
   297    148    147
   297    147    213
   297    213    295
   297    295    299
   148    298    300
   148    300    301
   148    301    302
   148    302    214
   148    214    149
   302    303    215
   302    215    214
   215    303    304
   215    304    217
   215    217    216
   220    219    305
   222    221    220
   222    220    305
   222    305    306
   222    306    307
   308    162    161
   308    161    309
   163    162    308
   163    308    310
   311    312    313
   311    313    226
   311    226    225
   311    225    314
   229    224    223
   229    223    226
   229    226    313
   229    313    315
   316    317    227
   316    227    229
   316    229    315
   316    315    318
   316    318    319
   232    230    228
   232    228    227
   232    227    317
   320    321    233
   320    233    232
   320    232    317
   320    317    316
   235    234    231
   235    231    233
   235    233    321
   235    321    322
   238    236    235
   238    235    322
   238    322    323
   238    323    324
   238    324    325
   238    325    326
   327    328    239
   327    239    237
   327    237    238
   327    238    326
   327    326    329
   327    329    330
   327    330    331
   332    240    239
   332    239    328
   332    328    333
   332    333    334
   332    334    335
   332    335    336
   242    241    240
   242    240    332
   242    332    243
   244    243    332
   244    332    336
   244    336    337
   244    337    245
   246    245    337
   246    337    338
   246    338    339
   246    339    340
   246    340    341
   246    341    342
   246    342    248
   249    248    342
   249    342    343
   249    343    344
   247    249    344
   247    344    345
   247    345    346
   247    346    347
   247    347    348
   247    348    349
   247    349    350
   247    350    351
   247    351    251
   247    251    250
   351    352    353
   351    353    354
   351    354    355
   351    355    356
   351    356    357
   351    357    358
   351    358    253
   351    253    252
   351    252    251
   358    359    360
   358    360    361
   358    361    260
   358    260    257
   358    257    255
   358    255    254
   358    254    253
   362    363    364
   362    364    365
   362    365    366
   362    366    360
   362    360    359
   361    367    261
   361    261    260
   360    366    368
   360    368    369
   360    369    367
   360    367    361
   369    370    266
   369    266    262
   369    262    261
   369    261    367
   368    371    372
   368    372    373
   368    373    370
   368    370    369
   373    268    267
   373    267    266
   373    266    370
   372    273    269
   372    269    268
   372    268    373
   374    375    376
   374    376    377
   374    377    274
   374    274    273
   374    273    372
   374    372    371
   378    275    274
   378    274    377
   378    377    379
   380    381    378
   380    378    379
   380    379    382
   380    382    383
   276    275    378
   276    378    381
   276    381    384
   276    384    279
   280    279    384
   280    384    385
   386    282    278
   386    278    281
   386    281    387
   388    389    285
   388    285    284
   388    284    390
   201    285    389
   201    389    391
   201    391    286
   201    286    202
   392    288    287
   392    287    286
   392    286    391
   392    391    393
   293    291    290
   293    290    289
   293    289    288
   293    288    392
   293    392    394
   296    212    144
   296    144    143
   296    143    292
   296    292    293
   296    293    394
   296    394    395
   296    395    396
   397    398    294
   397    294    296
   397    296    396
   397    396    399
   400    401    402
   400    402    403
   400    403    404
   400    404    299
   400    299    295
   400    295    294
   400    294    398
   405    406    407
   405    407    408
   405    408    409
   405    409    410
   405    410    297
   405    297    299
   405    299    404
   405    404    411
   410    412    300
   410    300    298
   410    298    297
   413    301    300
   413    300    412
   413    412    414
   413    414    415
   416    304    303
   416    303    302
   416    302    301
   416    301    413
   417    218    217
   417    217    304
   417    304    416
   417    416    418
   305    219    218
   305    218    417
   305    417    419
   305    419    306
   420    159    158
   420    158    222
   420    222    307
   420    307    421
   420    421    422
   423    160    159
   423    159    420
   424    314    225
   424    225    153
   424    153    163
   424    163    310
   424    310    425
   426    427    311
   426    311    314
   426    314    424
   315    313    312
   315    312    428
   315    428    318
   319    318    428
   319    428    429
   319    429    430
   431    432    320
   431    320    316
   431    316    319
   431    319    430
   431    430    433
   322    321    320
   322    320    432
   322    432    323
   326    325    434
   326    434    329
   331    330    435
   331    435    436
   331    436    437
   438    333    328
   438    328    327
   438    327    439
   338    335    334
   338    334    440
   338    440    441
   338    441    339
   337    336    335
   337    335    338
   344    343    442
   344    442    345
   345    442    346
   350    443    444
   350    444    445
   350    445    446
   350    446    352
   350    352    351
   446    447    448
   446    448    353
   446    353    352
   357    449    450
   357    450    362
   357    362    359
   357    359    358
   450    451    452
   450    452    363
   450    363    362
   452    453    364
   452    364    363
   364    453    454
   364    454    455
   364    455    456
   364    456    365
   365    456    457
   365    457    374
   365    374    371
   365    371    368
   365    368    366
   457    375    374
   458    459    376
   458    376    375
   458    375    457
   458    457    456
   458    456    455
   458    455    460
   458    460    461
   379    377    376
   379    376    459
   379    459    462
   379    462    382
   383    382    462
   383    462    463
   385    384    381
   385    381    380
   385    380    464
   387    281    280
   387    280    385
   387    385    464
   387    464    465
   390    284    283
   390    283    282
   390    282    386
   466    393    391
   466    391    389
   466    389    388
   466    388    467
   395    394    392
   395    392    393
   395    393    466
   468    469    400
   468    400    398
   468    398    397
   470    401    400
   470    400    469
   411    404    403
   411    403    471
   411    471    472
   407    406    473
   474    414    412
   474    412    410
   474    410    409
   474    409    475
   476    415    414
   476    414    474
   476    474    477
   476    477    478
   479    480    418
   479    418    416
   479    416    413
   479    413    415
   479    415    476
   481    419    417
   481    417    418
   481    418    480
   481    480    482
   307    306    419
   307    419    481
   307    481    483
   307    483    484
   307    484    421
   485    309    161
   485    161    160
   485    160    423
   425    310    308
   425    308    309
   425    309    485
   429    428    312
   429    312    311
   429    311    427
   429    427    486
   433    430    429
   433    429    486
   433    486    487
   324    323    432
   324    432    431
   329    434    488
   329    488    435
   329    435    330
   437    436    489
   490    441    440
   490    440    491
   490    491    492
   339    441    490
   339    490    340
   348    493    349
   349    493    494
   349    494    443
   349    443    350
   445    495    496
   445    496    447
   445    447    446
   353    448    497
   353    497    498
   353    498    499
   353    499    354
   356    500    449
   356    449    357
   501    502    503
   501    503    451
   501    451    450
   501    450    449
   501    449    500
   503    504    505
   503    505    506
   503    506    454
   503    454    453
   503    453    452
   503    452    451
   460    455    454
   460    454    506
   460    506    507
   507    506    505
   463    462    459
   463    459    458
   463    458    508
   509    508    458
   509    458    461
   509    461    510
   465    464    380
   465    380    383
   465    383    463
   465    463    508
   465    508    509
   511    467    388
   511    388    390
   511    390    386
   511    386    387
   511    387    465
   511    465    509
   511    509    510
   511    510    512
   511    512    513
   399    396    395
   399    395    466
   399    466    467
   399    467    511
   514    515    470
   514    470    469
   514    469    468
   516    402    401
   516    401    470
   516    470    515
   517    518    405
   517    405    411
   517    411    472
   517    472    519
   520    408    407
   520    407    473
   520    473    521
   520    521    522
   523    477    474
   523    474    475
   523    475    524
   525    526    479
   525    479    476
   525    476    478
   525    478    527
   482    480    479
   482    479    526
   482    526    528
   422    421    484
   422    484    529
   529    484    483
   529    483    530
   487    486    427
   487    427    426
   487    426    531
   532    488    434
   532    434    325
   532    325    324
   532    324    431
   532    431    433
   532    433    487
   532    487    531
   532    531    533
   489    436    435
   489    435    488
   489    488    532
   534    492    491
   534    491    438
   534    438    439
   534    439    535
   341    340    490
   341    490    492
   341    492    534
   536    444    443
   536    443    494
   537    538    495
   537    495    445
   537    445    444
   537    444    536
   496    539    540
   496    540    541
   496    541    497
   496    497    448
   496    448    447
   354    499    542
   354    542    355
   355    542    543
   355    543    501
   355    501    500
   355    500    356
   544    504    503
   544    503    502
   544    502    545
   543    545    502
   543    502    501
   510    461    460
   510    460    507
   510    507    505
   510    505    504
   510    504    544
   510    544    512
   513    512    544
   513    544    545
   513    545    543
   513    543    542
   513    542    499
   513    499    498
   513    498    541
   513    541    540
   513    540    546
   513    546    547
   513    547    548
   549    550    551
   549    551    552
   549    552    553
   549    553    514
   549    514    468
   549    468    397
   549    397    399
   549    399    511
   549    511    513
   549    513    548
   549    548    554
   553    555    516
   553    516    515
   553    515    514
   471    403    402
   471    402    516
   471    516    555
   471    555    556
   521    473    406
   521    406    405
   521    405    518
   524    475    409
   524    409    408
   524    408    520
   527    478    477
   527    477    523
   530    483    481
   530    481    482
   530    482    528
   530    528    557
   557    528    526
   557    526    525
   557    525    558
   533    531    426
   533    426    424
   533    424    425
   533    425    485
   533    485    423
   533    423    420
   533    420    422
   533    422    529
   533    529    530
   533    530    557
   533    557    558
   533    558    559
   535    439    327
   535    327    331
   535    331    437
   535    437    489
   535    489    532
   535    532    533
   535    533    559
   535    559    560
   535    560    561
   535    561    562
   346    442    343
   346    343    342
   346    342    341
   346    341    534
   346    534    535
   346    535    562
   346    562    347
   563    564    565
   563    565    566
   563    566    538
   563    538    537
   566    567    539
   566    539    496
   566    496    495
   566    495    538
   540    539    567
   540    567    546
   497    541    498
   547    546    567
   547    567    566
   547    566    565
   554    548    547
   554    547    565
   554    565    564
   554    564    568
   554    568    569
   570    556    555
   570    555    553
   570    553    552
   570    552    571
   519    472    471
   519    471    556
   519    556    570
   572    522    521
   572    521    518
   572    518    517
   559    558    525
   559    525    527
   559    527    523
   559    523    524
   559    524    520
   559    520    522
   559    522    572
   559    572    560
   561    560    572
   561    572    517
   561    517    519
   561    519    570
   561    570    571
   561    571    551
   561    551    550
   561    550    573
   347    562    561
   347    561    573
   347    573    549
   347    549    554
   347    554    569
   347    569    574
   347    574    563
   347    563    537
   347    537    536
   347    536    494
   347    494    493
   347    493    348
   574    568    564
   574    564    563
   569    568    574
   571    552    551
   573    550    549
   491    440    334
   491    334    333
   491    333    438
