0 -90 7.000000000
0 -80 7.054453199
0 -70 7.218638226
0 -60 7.494028186
0 -50 7.879205225
0 -40 8.362302461
0 -30 8.907986682
0 -20 9.441728323
0 -10 9.846677404
0 0 10.000000000
0 10 9.846677404
0 20 9.441728323
0 30 8.907986682
0 40 8.362302461
0 50 7.879205225
0 60 7.494028186
0 70 7.218638226
0 80 7.054453199
0 90 7.000000000
10 -90 7.000000000
10 -80 7.053555603
10 -70 7.214909456
10 -60 7.485120926
10 -50 7.862120779
10 -40 8.333351789
10 -30 8.863363548
10 -20 9.379320853
10 -10 9.769079932
10 0 9.916256562
10 10 9.769079932
10 20 9.379320853
10 30 8.863363548
10 40 8.333351789
10 50 7.862120779
10 60 7.485120926
10 70 7.214909456
10 80 7.053555603
10 90 7.000000000
20 -90 7.000000000
20 -80 7.050972993
20 -70 7.204205078
20 -60 7.459649806
20 -50 7.813541936
20 -40 8.251641726
20 -30 8.738527971
20 -20 9.206310886
20 -10 9.555495560
20 0 9.686394261
20 10 9.555495560
20 20 9.206310886
20 30 8.738527971
20 40 8.251641726
20 50 7.813541936
20 60 7.459649806
20 70 7.204205078
20 80 7.050972993
20 90 7.000000000
30 -90 7.000000000
30 -80 7.047021700
30 -70 7.187897041
30 -60 7.421125255
30 -50 7.740830911
30 -40 8.130988633
30 -30 8.557101140
30 -20 8.958878254
30 -10 9.253829900
30 0 9.363291776
30 10 9.253829900
30 20 8.958878254
30 30 8.557101140
30 40 8.130988633
30 50 7.740830911
30 60 7.421125255
30 70 7.187897041
30 80 7.047021700
30 90 7.000000000
40 -90 7.000000000
40 -80 7.042183783
40 -70 7.168042713
40 -60 7.374673166
40 -50 7.654349940
40 -40 7.989971219
40 -30 8.349256550
40 -20 8.680971407
40 -10 8.920085456
40 0 9.007870577
40 10 8.920085456
40 20 8.680971407
40 30 8.349256550
40 40 7.989971219
40 50 7.654349940
40 60 7.374673166
40 70 7.168042713
40 80 7.042183783
40 90 7.000000000
50 -90 7.000000000
50 -80 7.037046306
50 -70 7.147093835
50 -60 7.326185482
50 -50 7.565429179
50 -40 7.847678463
50 -30 8.143899017
50 -20 8.411896058
50 -10 8.601789758
50 0 8.670811053
50 10 8.601789758
50 20 8.411896058
50 30 8.143899017
50 40 7.847678463
50 50 7.565429179
50 60 7.326185482
50 70 7.147093835
50 80 7.037046306
50 90 7.000000000
60 -90 7.000000000
60 -80 7.032228891
60 -70 7.127574796
60 -60 7.281482843
60 -50 7.484634353
60 -40 7.720668949
60 -30 7.964120380
60 -20 8.180585511
60 -10 8.331776002
60 0 8.386278694
60 10 8.331776002
60 20 8.180585511
60 30 7.964120380
60 40 7.720668949
60 50 7.484634353
60 60 7.281482843
60 70 7.127574796
60 80 7.032228891
60 90 7.000000000
70 -90 7.000000000
70 -80 7.028309009
70 -70 7.111780509
70 -60 7.245640177
70 -50 7.420651056
70 -40 7.621570982
70 -30 7.826055724
70 -20 8.005510921
70 -10 8.129524858
70 0 8.173962119
70 10 8.129524858
70 20 8.005510921
70 30 7.826055724
70 40 7.621570982
70 50 7.420651056
70 60 7.245640177
70 70 7.111780509
70 80 7.028309009
70 90 7.000000000
80 -90 7.000000000
80 -80 7.025754021
80 -70 7.101527975
80 -60 7.222529040
80 -50 7.379763347
80 -40 7.558910668
80 -30 7.739720177
80 -20 7.897122912
80 -10 8.005194169
80 0 8.043778056
80 10 8.005194169
80 20 7.897122912
80 30 7.739720177
80 40 7.558910668
80 50 7.379763347
80 60 7.222529040
80 70 7.101527975
80 80 7.025754021
80 90 7.000000000
90 -90 7.000000000
90 -80 7.024867335
90 -70 7.097977667
90 -60 7.214554216
90 -50 7.365720528
90 -40 7.537507849
90 -30 7.710397977
90 -20 7.860497556
90 -10 7.963330783
90 0 8.000000000
90 10 7.963330783
90 20 7.860497556
90 30 7.710397977
90 40 7.537507849
90 50 7.365720528
90 60 7.214554216
90 70 7.097977667
90 80 7.024867335
90 90 7.000000000
100 -90 7.000000000
100 -80 7.025754021
100 -70 7.101527975
100 -60 7.222529040
100 -50 7.379763347
100 -40 7.558910668
100 -30 7.739720177
100 -20 7.897122912
100 -10 8.005194169
100 0 8.043778056
100 10 8.005194169
100 20 7.897122912
100 30 7.739720177
100 40 7.558910668
100 50 7.379763347
100 60 7.222529040
100 70 7.101527975
100 80 7.025754021
100 90 7.000000000
110 -90 7.000000000
110 -80 7.028309009
110 -70 7.111780509
110 -60 7.245640177
110 -50 7.420651056
110 -40 7.621570982
110 -30 7.826055724
110 -20 8.005510921
110 -10 8.129524858
110 0 8.173962119
110 10 8.129524858
110 20 8.005510921
110 30 7.826055724
110 40 7.621570982
110 50 7.420651056
110 60 7.245640177
110 70 7.111780509
110 80 7.028309009
110 90 7.000000000
120 -90 7.000000000
120 -80 7.032228891
120 -70 7.127574796
120 -60 7.281482843
120 -50 7.484634353
120 -40 7.720668949
120 -30 7.964120380
120 -20 8.180585511
120 -10 8.331776002
120 0 8.386278694
120 10 8.331776002
120 20 8.180585511
120 30 7.964120380
120 40 7.720668949
120 50 7.484634353
120 60 7.281482843
120 70 7.127574796
120 80 7.032228891
120 90 7.000000000
130 -90 7.000000000
130 -80 7.037046306
130 -70 7.147093835
130 -60 7.326185482
130 -50 7.565429179
130 -40 7.847678463
130 -30 8.143899017
130 -20 8.411896058
130 -10 8.601789758
130 0 8.670811053
130 10 8.601789758
130 20 8.411896058
130 30 8.143899017
130 40 7.847678463
130 50 7.565429179
130 60 7.326185482
130 70 7.147093835
130 80 7.037046306
130 90 7.000000000
140 -90 7.000000000
140 -80 7.042183783
140 -70 7.168042713
140 -60 7.374673166
140 -50 7.654349940
140 -40 7.989971219
140 -30 8.349256550
140 -20 8.680971407
140 -10 8.920085456
140 0 9.007870577
140 10 8.920085456
140 20 8.680971407
140 30 8.349256550
140 40 7.989971219
140 50 7.654349940
140 60 7.374673166
140 70 7.168042713
140 80 7.042183783
140 90 7.000000000
150 -90 7.000000000
150 -80 7.047021700
150 -70 7.187897041
150 -60 7.421125255
150 -50 7.740830911
150 -40 8.130988633
150 -30 8.557101140
150 -20 8.958878254
150 -10 9.253829900
150 0 9.363291776
150 10 9.253829900
150 20 8.958878254
150 30 8.557101140
150 40 8.130988633
150 50 7.740830911
150 60 7.421125255
150 70 7.187897041
150 80 7.047021700
150 90 7.000000000
160 -90 7.000000000
160 -80 7.050972993
160 -70 7.204205078
160 -60 7.459649806
160 -50 7.813541936
160 -40 8.251641726
160 -30 8.738527971
160 -20 9.206310886
160 -10 9.555495560
160 0 9.686394261
160 10 9.555495560
160 20 9.206310886
160 30 8.738527971
160 40 8.251641726
160 50 7.813541936
160 60 7.459649806
160 70 7.204205078
160 80 7.050972993
160 90 7.000000000
170 -90 7.000000000
170 -80 7.053555603
170 -70 7.214909456
170 -60 7.485120926
170 -50 7.862120779
170 -40 8.333351789
170 -30 8.863363548
170 -20 9.379320853
170 -10 9.769079932
170 0 9.916256562
170 10 9.769079932
170 20 9.379320853
170 30 8.863363548
170 40 8.333351789
170 50 7.862120779
170 60 7.485120926
170 70 7.214909456
170 80 7.053555603
170 90 7.000000000
180 -90 7.000000000
180 -80 7.054453199
180 -70 7.218638226
180 -60 7.494028186
180 -50 7.879205225
180 -40 8.362302461
180 -30 8.907986682
180 -20 9.441728323
180 -10 9.846677404
180 0 10.000000000
180 10 9.846677404
180 20 9.441728323
180 30 8.907986682
180 40 8.362302461
180 50 7.879205225
180 60 7.494028186
180 70 7.218638226
180 80 7.054453199
180 90 7.000000000
190 -90 7.000000000
190 -80 7.053555603
190 -70 7.214909456
190 -60 7.485120926
190 -50 7.862120779
190 -40 8.333351789
190 -30 8.863363548
190 -20 9.379320853
190 -10 9.769079932
190 0 9.916256562
190 10 9.769079932
190 20 9.379320853
190 30 8.863363548
190 40 8.333351789
190 50 7.862120779
190 60 7.485120926
190 70 7.214909456
190 80 7.053555603
190 90 7.000000000
200 -90 7.000000000
200 -80 7.050972993
200 -70 7.204205078
200 -60 7.459649806
200 -50 7.813541936
200 -40 8.251641726
200 -30 8.738527971
200 -20 9.206310886
200 -10 9.555495560
200 0 9.686394261
200 10 9.555495560
200 20 9.206310886
200 30 8.738527971
200 40 8.251641726
200 50 7.813541936
200 60 7.459649806
200 70 7.204205078
200 80 7.050972993
200 90 7.000000000
210 -90 7.000000000
210 -80 7.047021700
210 -70 7.187897041
210 -60 7.421125255
210 -50 7.740830911
210 -40 8.130988633
210 -30 8.557101140
210 -20 8.958878254
210 -10 9.253829900
210 0 9.363291776
210 10 9.253829900
210 20 8.958878254
210 30 8.557101140
210 40 8.130988633
210 50 7.740830911
210 60 7.421125255
210 70 7.187897041
210 80 7.047021700
210 90 7.000000000
220 -90 7.000000000
220 -80 7.042183783
220 -70 7.168042713
220 -60 7.374673166
220 -50 7.654349940
220 -40 7.989971219
220 -30 8.349256550
220 -20 8.680971407
220 -10 8.920085456
220 0 9.007870577
220 10 8.920085456
220 20 8.680971407
220 30 8.349256550
220 40 7.989971219
220 50 7.654349940
220 60 7.374673166
220 70 7.168042713
220 80 7.042183783
220 90 7.000000000
230 -90 7.000000000
230 -80 7.037046306
230 -70 7.147093835
230 -60 7.326185482
230 -50 7.565429179
230 -40 7.847678463
230 -30 8.143899017
230 -20 8.411896058
230 -10 8.601789758
230 0 8.670811053
230 10 8.601789758
230 20 8.411896058
230 30 8.143899017
230 40 7.847678463
230 50 7.565429179
230 60 7.326185482
230 70 7.147093835
230 80 7.037046306
230 90 7.000000000
240 -90 7.000000000
240 -80 7.032228891
240 -70 7.127574796
240 -60 7.281482843
240 -50 7.484634353
240 -40 7.720668949
240 -30 7.964120380
240 -20 8.180585511
240 -10 8.331776002
240 0 8.386278694
240 10 8.331776002
240 20 8.180585511
240 30 7.964120380
240 40 7.720668949
240 50 7.484634353
240 60 7.281482843
240 70 7.127574796
240 80 7.032228891
240 90 7.000000000
250 -90 7.000000000
250 -80 7.028309009
250 -70 7.111780509
250 -60 7.245640177
250 -50 7.420651056
250 -40 7.621570982
250 -30 7.826055724
250 -20 8.005510921
250 -10 8.129524858
250 0 8.173962119
250 10 8.129524858
250 20 8.005510921
250 30 7.826055724
250 40 7.621570982
250 50 7.420651056
250 60 7.245640177
250 70 7.111780509
250 80 7.028309009
250 90 7.000000000
260 -90 7.000000000
260 -80 7.025754021
260 -70 7.101527975
260 -60 7.222529040
260 -50 7.379763347
260 -40 7.558910668
260 -30 7.739720177
260 -20 7.897122912
260 -10 8.005194169
260 0 8.043778056
260 10 8.005194169
260 20 7.897122912
260 30 7.739720177
260 40 7.558910668
260 50 7.379763347
260 60 7.222529040
260 70 7.101527975
260 80 7.025754021
260 90 7.000000000
270 -90 7.000000000
270 -80 7.024867335
270 -70 7.097977667
270 -60 7.214554216
270 -50 7.365720528
270 -40 7.537507849
270 -30 7.710397977
270 -20 7.860497556
270 -10 7.963330783
270 0 8.000000000
270 10 7.963330783
270 20 7.860497556
270 30 7.710397977
270 40 7.537507849
270 50 7.365720528
270 60 7.214554216
270 70 7.097977667
270 80 7.024867335
270 90 7.000000000
280 -90 7.000000000
280 -80 7.025754021
280 -70 7.101527975
280 -60 7.222529040
280 -50 7.379763347
280 -40 7.558910668
280 -30 7.739720177
280 -20 7.897122912
280 -10 8.005194169
280 0 8.043778056
280 10 8.005194169
280 20 7.897122912
280 30 7.739720177
280 40 7.558910668
280 50 7.379763347
280 60 7.222529040
280 70 7.101527975
280 80 7.025754021
280 90 7.000000000
290 -90 7.000000000
290 -80 7.028309009
290 -70 7.111780509
290 -60 7.245640177
290 -50 7.420651056
290 -40 7.621570982
290 -30 7.826055724
290 -20 8.005510921
290 -10 8.129524858
290 0 8.173962119
290 10 8.129524858
290 20 8.005510921
290 30 7.826055724
290 40 7.621570982
290 50 7.420651056
290 60 7.245640177
290 70 7.111780509
290 80 7.028309009
290 90 7.000000000
300 -90 7.000000000
300 -80 7.032228891
300 -70 7.127574796
300 -60 7.281482843
300 -50 7.484634353
300 -40 7.720668949
300 -30 7.964120380
300 -20 8.180585511
300 -10 8.331776002
300 0 8.386278694
300 10 8.331776002
300 20 8.180585511
300 30 7.964120380
300 40 7.720668949
300 50 7.484634353
300 60 7.281482843
300 70 7.127574796
300 80 7.032228891
300 90 7.000000000
310 -90 7.000000000
310 -80 7.037046306
310 -70 7.147093835
310 -60 7.326185482
310 -50 7.565429179
310 -40 7.847678463
310 -30 8.143899017
310 -20 8.411896058
310 -10 8.601789758
310 0 8.670811053
310 10 8.601789758
310 20 8.411896058
310 30 8.143899017
310 40 7.847678463
310 50 7.565429179
310 60 7.326185482
310 70 7.147093835
310 80 7.037046306
310 90 7.000000000
320 -90 7.000000000
320 -80 7.042183783
320 -70 7.168042713
320 -60 7.374673166
320 -50 7.654349940
320 -40 7.989971219
320 -30 8.349256550
320 -20 8.680971407
320 -10 8.920085456
320 0 9.007870577
320 10 8.920085456
320 20 8.680971407
320 30 8.349256550
320 40 7.989971219
320 50 7.654349940
320 60 7.374673166
320 70 7.168042713
320 80 7.042183783
320 90 7.000000000
330 -90 7.000000000
330 -80 7.047021700
330 -70 7.187897041
330 -60 7.421125255
330 -50 7.740830911
330 -40 8.130988633
330 -30 8.557101140
330 -20 8.958878254
330 -10 9.253829900
330 0 9.363291776
330 10 9.253829900
330 20 8.958878254
330 30 8.557101140
330 40 8.130988633
330 50 7.740830911
330 60 7.421125255
330 70 7.187897041
330 80 7.047021700
330 90 7.000000000
340 -90 7.000000000
340 -80 7.050972993
340 -70 7.204205078
340 -60 7.459649806
340 -50 7.813541936
340 -40 8.251641726
340 -30 8.738527971
340 -20 9.206310886
340 -10 9.555495560
340 0 9.686394261
340 10 9.555495560
340 20 9.206310886
340 30 8.738527971
340 40 8.251641726
340 50 7.813541936
340 60 7.459649806
340 70 7.204205078
340 80 7.050972993
340 90 7.000000000
350 -90 7.000000000
350 -80 7.053555603
350 -70 7.214909456
350 -60 7.485120926
350 -50 7.862120779
350 -40 8.333351789
350 -30 8.863363548
350 -20 9.379320853
350 -10 9.769079932
350 0 9.916256562
350 10 9.769079932
350 20 9.379320853
350 30 8.863363548
350 40 8.333351789
350 50 7.862120779
350 60 7.485120926
350 70 7.214909456
350 80 7.053555603
350 90 7.000000000
360 -90 7.000000000
360 -80 7.054453199
360 -70 7.218638226
360 -60 7.494028186
360 -50 7.879205225
360 -40 8.362302461
360 -30 8.907986682
360 -20 9.441728323
360 -10 9.846677404
360 0 10.000000000
360 10 9.846677404
360 20 9.441728323
360 30 8.907986682
360 40 8.362302461
360 50 7.879205225
360 60 7.494028186
360 70 7.218638226
360 80 7.054453199
360 90 7.000000000
