402 800
   -2.509132     0.888169    62.504877
   10.011468     0.888169    63.117477
   -2.509132    13.140369    61.927077
  -14.741432     0.888169    61.727377
   -2.509132   -11.362531    61.121977
   22.913868     0.888169    63.771977
   15.086968    18.669769    60.987577
   -2.509132    24.826169    58.515277
  -19.884832    17.407169    59.834877
  -26.953632     0.888169    59.874777
  -19.260432   -16.064231    57.236077
   -2.509132   -22.970231    58.550777
   15.169268   -16.080131    62.653677
   35.762168     0.888169    63.630277
   30.247368    19.763969    60.441177
   15.641168    32.896669    55.653377
   -2.509132    35.458369    52.205077
  -20.469232    29.767069    53.013777
  -34.497832    17.948969    55.907777
  -39.133532     0.888169    56.028677
  -32.912032   -16.869931    53.183677
  -19.620632   -29.272231    52.014977
   -2.509132   -33.336631    54.914277
   15.790068   -28.458431    59.751377
   30.116368   -16.322531    63.451977
   47.615568     0.888169    61.051777
   43.960068    19.546369    58.231177
   31.983868    35.864169    53.727977
   15.241168    44.529669    48.202177
   -2.509132    44.628469    44.093177
  -19.914232    39.485469    43.754977
  -35.897932    30.885169    46.509577
  -47.301432    17.989869    49.412277
  -50.738732     0.888169    49.942077
  -45.447332   -17.152531    47.938377
  -33.938032   -31.487631    45.912277
  -19.310732   -39.865731    46.535177
   -2.509132   -42.104131    49.833977
   15.437468   -38.104831    54.117677
   31.435868   -28.832031    58.326277
   42.782768   -15.697331    61.195477
   57.479468     0.888169    54.586977
   55.550768    18.627769    52.604177
   46.311268    35.805669    49.552277
   31.523868    48.538469    45.155677
   14.456368    53.701469    39.832177
   -2.509132    52.087769    35.739977
  -18.913532    47.050769    34.558477
  -34.677232    40.298469    36.054177
  -48.375132    30.984469    38.743477
  -57.724932    17.789969    41.131277
  -60.878332     0.888169    42.178677
  -56.944132   -17.257631    41.396377
  -46.943232   -32.702131    39.676577
  -33.622432   -42.951031    38.986077
  -18.803532   -48.251931    40.361377
   -2.509132   -49.284631    43.019877
   14.695268   -45.906031    45.788277
   30.616568   -38.472131    48.744177
   43.513768   -28.025431    52.126677
   52.834468   -14.941531    54.583577
   64.844068     0.888169    44.228877
   64.237168    17.386169    43.137377
   57.597668    33.873669    41.629877
   45.549268    48.337869    39.455977
   30.052068    57.849469    35.906077
   13.517768    60.559569    31.571277
   -2.509132    57.876769    28.137077
  -17.828432    52.869969    26.697777
  -32.611632    47.153469    27.130777
  -46.258532    40.168569    28.620077
  -57.525832    30.512769    30.438977
  -65.368232    17.335069    32.244277
  -68.853932     0.888169    33.608177
  -66.782132   -17.098231    33.841677
  -58.811832   -33.372331    32.882377
  -46.686732   -45.035631    31.827177
  -32.837732   -51.741231    31.890577
  -18.203732   -54.868031    33.184377
   -2.509132   -55.207031    34.741477
   13.797768   -52.492931    35.806077
   29.015668   -46.612331    36.893577
   41.842868   -38.106831    38.962277
   52.262968   -27.371531    41.829877
   60.295868   -14.318231    43.970477
   69.848568     0.888169    31.649677
   69.904768    16.080869    31.181977
   65.240768    31.114869    30.686777
   56.065668    45.391769    30.203677
   43.229968    57.300469    29.009977
   28.178168    64.394269    26.640077
   12.569568    65.551069    23.683477
   -2.509132    62.362469    21.258577
  -16.870332    57.520569    20.025077
  -30.651832    52.490169    19.913077
  -43.555332    46.944269    20.444277
  -54.828432    39.661669    21.217877
  -63.918432    29.660969    22.193277
  -70.671332    16.648269    23.466377
  -74.601632     0.888169    24.793877
  -74.383332   -16.535231    25.522377
  -68.824332   -33.206631    25.230277
  -58.486432   -46.226831    24.353677
  -45.532932   -54.324031    23.824677
  -31.771332   -58.472031    24.172177
  -17.536832   -60.256331    25.079577
   -2.509132   -60.314431    25.702877
   12.879468   -58.319031    25.596477
   27.253068   -53.893331    25.301077
   39.546868   -47.126431    25.774777
   49.834568   -38.213231    27.424877
   58.611468   -27.094331    29.665577
   65.661668   -13.831931    31.299777
   72.990668     0.888169    18.972477
   73.100268    14.821969    18.809677
   69.614268    28.259369    18.732077
   62.742468    41.384569    18.911077
   52.807368    53.759369    19.020177
   40.325668    63.680069    18.535577
   26.230768    69.054069    17.283777
   11.677668    69.319169    15.665277
   -2.509132    66.083069    14.284777
  -16.100732    61.635669    13.488977
  -29.135832    57.245269    13.245077
  -41.403232    52.718369    13.295277
  -52.337832    46.995869    13.413377
  -61.466932    39.083769    13.598577
  -68.813132    28.635869    14.030477
  -74.623532    15.809269    14.823177
  -78.614732     0.888169    15.799177
  -79.593032   -15.522131    16.499477
  -76.142032   -31.875831    16.534777
  -67.994032   -45.810331    15.998977
  -56.531932   -55.537331    15.420677
  -43.664632   -61.063131    15.296577
  -30.432932   -63.743431    15.715977
  -16.799032   -64.890831    16.296277
   -2.509132   -64.939331    16.456377
   11.992968   -63.582231    15.954177
   25.567668   -60.384331    15.168077
   37.302968   -55.174731    14.758277
   47.200468   -47.922631    15.155277
   55.822568   -38.487331    16.315477
   63.427768   -26.791131    17.728077
   69.492768   -13.307331    18.713977
   74.700468     0.888169     7.374177
   74.556368    13.598369     7.325077
   71.672968    25.617969     7.330277
   66.346868    37.427969     7.504977
   58.767868    49.213769     7.784077
   49.007868    60.157569     7.960077
   37.311568    68.480669     7.832177
   24.304868    72.582169     7.375777
   10.819568    72.393369     6.764277
   -2.509132    69.444769     6.223577
  -15.443032    65.619669     5.882077
  -27.950932    61.961469     5.728777
  -39.852232    58.340569     5.662277
  -50.670832    53.821469     5.586177
  -59.882932    47.375169     5.492277
  -67.318932    38.538969     5.468077
  -73.253332    27.545769     5.620677
  -78.013032    14.884669     5.981877
  -81.424232     0.888169     6.450177
  -82.592732   -14.132731     6.812877
  -80.342232   -29.367631     6.878977
  -74.128032   -43.292531     6.644077
  -64.608632   -54.283831     6.308977
  -53.213932   -61.619131     6.124977
  -41.146532   -65.809731     6.228877
  -28.799132   -67.977231     6.567677
  -15.966232   -69.006831     6.910077
   -2.509132   -69.157331     6.973377
   11.113468   -68.198031     6.643977
   23.941868   -65.780431     6.088077
   35.177568   -61.687531     5.616177
   44.713568   -55.796131     5.470677
   53.001068   -47.920831     5.723877
   60.467468   -37.871631     6.270677
   67.028868   -25.806231     6.868877
   72.041068   -12.507731     7.265777
   75.107868     0.888169    -3.236023
   74.748468    12.352169    -3.236023
   72.262368    23.193269    -3.236023
   67.959368    33.891869    -3.236023
   62.019668    44.808169    -3.236023
   54.420468    55.657669    -3.236023
   45.108068    65.294669    -3.236023
   34.247068    72.150869    -3.236023
   22.309368    75.233569    -3.236023
    9.901968    74.861169    -3.236023
   -2.509132    72.405969    -3.236023
  -14.727432    69.351869    -3.236023
  -26.708032    66.510569    -3.236023
  -38.312532    63.779669    -3.236023
  -49.155332    60.343769    -3.236023
  -58.697132    55.168269    -3.236023
  -66.537732    47.606069    -3.236023
  -72.649332    37.756169    -3.236023
  -77.317332    26.278269    -3.236023
  -80.816232    13.864669    -3.236023
  -83.067132     0.888169    -3.236023
  -83.533632   -12.503831    -3.236023
  -81.481532   -26.014331    -3.236023
  -76.487632   -38.916731    -3.236023
  -68.817632   -50.181631    -3.236023
  -59.318732   -58.975131    -3.236023
  -48.905132   -65.101331    -3.236023
  -38.083232   -68.991331    -3.236023
  -26.856232   -71.305631    -3.236023
  -15.003532   -72.518231    -3.236023
   -2.509132   -72.750131    -3.236023
   10.165968   -71.862931    -3.236023
   22.212068   -69.663031    -3.236023
   32.929968   -66.035131    -3.236023
   42.119968   -60.918231    -3.236023
   50.066868   -54.202231    -3.236023
   57.187568   -45.720731    -3.236023
   63.644868   -35.436231    -3.236023
   69.168768   -23.699931    -3.236023
   73.175668   -11.296731    -3.236023
   74.085468     0.888169   -13.621823
   73.437368    13.254069   -13.582123
   70.337868    25.198769   -13.601823
   65.178768    37.351569   -13.787523
   58.090868    49.893869   -14.090523
   48.954568    61.833669   -14.331623
   37.769768    71.118069   -14.325223
   24.972968    75.982569   -14.028223
   11.327968    76.455569   -13.572023
   -2.509132    74.304769   -13.145223
  -16.267832    71.548969   -12.857323
  -29.900732    69.120569   -12.693523
  -43.161432    66.486769   -12.561823
  -55.359732    62.098669   -12.389223
  -65.595832    54.464869   -12.197723
  -73.303832    43.305069   -12.092723
  -78.538732    29.741869   -12.177023
  -81.687632    15.303269   -12.460023
  -82.916432     0.888169   -12.814423
  -81.902532   -13.336431   -13.021723
  -78.120932   -27.327931   -12.925523
  -71.443232   -40.607031   -12.583723
  -62.446732   -52.270631   -12.246023
  -52.069832   -61.527331   -12.182823
  -40.958132   -68.164331   -12.537923
  -29.146732   -72.471931   -13.255423
  -16.334132   -74.800931   -14.050823
   -2.509132   -75.254031   -14.506223
   11.610068   -73.741831   -14.358823
   24.824568   -70.223831   -13.735023
   36.242968   -64.812031   -13.028523
   45.797668   -57.628831   -12.587723
   54.000968   -48.648231   -12.549523
   61.282868   -37.809531   -12.841623
   67.512268   -25.380931   -13.250223
   72.021568   -12.157131   -13.542723
   71.444668     0.888169   -24.391923
   70.786168    14.125569   -24.338123
   67.169668    27.487069   -24.375023
   60.929668    41.478069   -24.643023
   52.118068    55.511869   -24.909623
   40.721668    67.304469   -24.758323
   27.190668    74.216169   -23.999623
   12.487268    75.740769   -22.880823
   -2.509132    74.002969   -21.845423
  -17.488332    71.600069   -21.162423
  -32.461332    69.456769   -20.798423
  -47.050932    66.297069   -20.559223
  -60.125732    59.680269   -20.335423
  -70.304932    48.182569   -20.230323
  -76.859632    32.936369   -20.437823
  -79.952632    16.563569   -20.988923
  -80.032132     0.888169   -21.592223
  -77.262732   -13.814431   -21.764723
  -71.653432   -27.918131   -21.280123
  -63.556632   -41.407531   -20.496723
  -53.744432   -53.619931   -20.120623
  -42.859132   -63.692431   -20.714923
  -30.907432   -71.013731   -22.389123
  -17.461832   -75.222031   -24.610923
   -2.509132   -76.047631   -26.268323
   12.881168   -73.434131   -26.438123
   27.014668   -67.772531   -25.295123
   38.840068   -59.774631   -23.871523
   48.519668   -50.018831   -23.057323
   56.747268   -38.729531   -23.093623
   63.752368   -26.083831   -23.658723
   68.951168   -12.624531   -24.203323
   67.096968     0.888169   -35.345923
   66.569168    15.062269   -35.359423
   62.258568    30.063469   -35.287723
   54.329668    45.720069   -35.106923
   42.973768    59.856069   -34.328423
   28.851368    68.994769   -32.619023
   13.286068    71.760869   -30.366423
   -2.509132    70.444069   -28.366923
  -18.189332    68.173269   -27.118223
  -33.870332    65.675269   -26.586523
  -48.984832    60.727469   -26.492623
  -61.822132    50.462969   -26.703323
  -70.523732    34.908969   -27.305823
  -74.387632    17.372169   -28.264623
  -73.885532     0.888169   -29.075323
  -69.817632   -13.991131   -29.016423
  -62.940032   -28.133831   -28.027923
  -54.057632   -42.060431   -27.084623
  -43.790732   -55.187831   -27.442023
  -32.083632   -66.056731   -29.750923
  -18.336232   -72.926331   -33.516423
   -2.509132   -74.450331   -36.898523
   13.890968   -70.438731   -37.936623
   28.599668   -62.117631   -36.653323
   40.497468   -51.295931   -34.843423
   50.043268   -39.225431   -33.985523
   57.937768   -26.359631   -34.260523
   63.955268   -12.904031   -34.952423
   61.060568     0.888169   -45.339623
   60.438168    16.103169   -45.501023
   54.801268    32.557069   -44.942723
   44.297268    48.540769   -43.295623
   29.956268    60.000769   -40.231523
   13.751868    64.278869   -36.391623
   -2.509132    63.381569   -33.106723
  -18.352532    60.806869   -31.225623
  -33.963832    56.943069   -30.741223
  -48.446532    48.914269   -31.272423
  -59.454132    34.886069   -32.523923
  -64.986832    17.536669   -34.136323
  -64.919732     0.888169   -35.243923
  -60.486532   -14.022131   -34.931623
  -53.136132   -28.460731   -33.631423
  -43.857732   -43.261231   -33.198523
  -32.710132   -57.216831   -35.269623
  -18.956432   -67.170531   -39.860423
   -2.509132   -69.853731   -44.706223
   14.618668   -64.522931   -46.767023
   29.560168   -53.641831   -45.782123
   41.248368   -40.519931   -44.216423
   50.374768   -26.977631   -43.873223
   57.284068   -13.290231   -44.594523
   53.368868     0.888169   -52.936023
   52.027068    17.145869   -53.178323
   44.109368    34.098769   -51.470723
   30.499068    47.805369   -47.376723
   14.004668    54.015469   -41.897123
   -2.509132    53.674569   -37.229423
  -18.148732    50.378469   -34.848923
  -32.987032    44.285569   -34.818423
  -45.579332    32.937469   -36.488023
  -53.151132    17.110969   -38.871023
  -54.392932     0.888169   -40.428523
  -50.399232   -14.118331   -40.011523
  -42.948832   -29.275431   -38.864823
  -32.789232   -44.942731   -39.769023
  -19.339132   -57.689931   -43.942323
   -2.509132   -61.939231   -49.263123
   15.099368   -55.738731   -51.958023
   29.982968   -42.969531   -51.591123
   41.160068   -28.454131   -51.008823
   49.167468   -14.005931   -51.739623
   44.041968     0.888169   -57.414623
   41.184268    17.905969   -57.416923
   30.228168    33.513569   -53.888623
   14.162968    42.207569   -47.525223
   -2.509132    42.797369   -41.725423
  -17.817932    38.572069   -39.190423
  -31.298632    29.958769   -40.104023
  -40.728632    16.384569   -42.912023
  -43.621532     0.888169   -44.976023
  -40.232932   -14.449231   -44.682023
  -32.098132   -30.441131   -44.284823
  -19.462632   -45.019931   -46.916723
   -2.509132   -50.956031   -51.590023
   15.359768   -44.415831   -54.363023
   29.797868   -30.523331   -54.868723
   39.564068   -15.068031   -55.811623
   33.217068     0.888169   -59.168623
   28.205168    17.955769   -58.429123
   14.209468    29.796469   -53.044223
   -2.509132    31.978869   -46.827823
  -17.498632    26.739769   -44.661723
  -28.790932    15.675769   -46.667823
  -33.305332     0.888169   -49.009323
  -29.834332   -14.996931   -49.043623
  -19.197332   -30.423031   -49.851023
   -2.509132   -37.861231   -53.150623
   15.304168   -31.094931   -55.718823
   28.145468   -16.140831   -57.327523
   21.338968     0.888169   -59.197923
   13.679068    16.695869   -57.266923
   -2.509132    21.665569   -51.849523
  -16.936132    14.949569   -50.553623
  -23.378932     0.888169   -52.425623
  -18.088332   -15.160531   -52.940823
   -2.509132   -24.084431   -54.811623
   14.401368   -16.188431   -57.273023
    9.169368     0.888169   -58.360823
   -2.509132    11.541669   -55.545023
  -13.301032     0.888169   -55.086423
   -2.509132   -10.945331   -56.421523
   -2.509132     0.888169   -57.010323
     1      2      3
     1      3      4
     1      4      5
     1      5      2
     2      6      7
     7      3      2
     3      7      8
     3      8      9
     9      4      3
     4      9     10
     4     10     11
    11      5      4
     5     11     12
     5     12     13
    13      2      5
     2     13      6
     6     14     15
    15      7      6
     7     15     16
    16      8      7
     8     16     17
     8     17     18
    18      9      8
     9     18     19
    19     10      9
    10     19     20
    10     20     21
    21     11     10
    11     21     22
    22     12     11
    12     22     23
    12     23     24
    24     13     12
    13     24     25
    25      6     13
     6     25     14
    14     26     27
    27     15     14
    15     27     28
    28     16     15
    16     28     29
    29     17     16
    17     29     30
    17     30     31
    31     18     17
    18     31     32
    32     19     18
    19     32     33
    33     20     19
    20     33     34
    20     34     35
    35     21     20
    21     35     36
    36     22     21
    22     36     37
    37     23     22
    23     37     38
    23     38     39
    39     24     23
    24     39     40
    40     25     24
    25     40     41
    41     14     25
    14     41     26
    26     42     43
    43     27     26
    27     43     44
    44     28     27
    28     44     45
    45     29     28
    29     45     46
    46     30     29
    30     46     47
    30     47     48
    48     31     30
    31     48     49
    49     32     31
    32     49     50
    50     33     32
    33     50     51
    51     34     33
    34     51     52
    34     52     53
    53     35     34
    35     53     54
    54     36     35
    36     54     55
    55     37     36
    37     55     56
    56     38     37
    38     56     57
    38     57     58
    58     39     38
    39     58     59
    59     40     39
    40     59     60
    60     41     40
    41     60     61
    61     26     41
    26     61     42
    42     62     63
    63     43     42
    43     63     64
    64     44     43
    44     64     65
    65     45     44
    45     65     66
    66     46     45
    46     66     67
    67     47     46
    47     67     68
    47     68     69
    69     48     47
    48     69     70
    70     49     48
    49     70     71
    71     50     49
    50     71     72
    72     51     50
    51     72     73
    73     52     51
    52     73     74
    52     74     75
    75     53     52
    53     75     76
    76     54     53
    54     76     77
    77     55     54
    55     77     78
    78     56     55
    56     78     79
    79     57     56
    57     79     80
    57     80     81
    81     58     57
    58     81     82
    82     59     58
    59     82     83
    83     60     59
    60     83     84
    84     61     60
    61     84     85
    85     42     61
    42     85     62
    62     86     87
    87     63     62
    63     87     88
    88     64     63
    64     88     89
    89     65     64
    65     89     90
    90     66     65
    66     90     91
    91     67     66
    67     91     92
    92     68     67
    68     92     93
    68     93     94
    94     69     68
    69     94     95
    95     70     69
    70     95     96
    96     71     70
    71     96     97
    97     72     71
    72     97     98
    98     73     72
    73     98     99
    99     74     73
    74     99    100
    74    100    101
   101     75     74
    75    101    102
   102     76     75
    76    102    103
   103     77     76
    77    103    104
   104     78     77
    78    104    105
   105     79     78
    79    105    106
   106     80     79
    80    106    107
    80    107    108
   108     81     80
    81    108    109
   109     82     81
    82    109    110
   110     83     82
    83    110    111
   111     84     83
    84    111    112
   112     85     84
    85    112    113
   113     62     85
    62    113     86
    86    114    115
   115     87     86
    87    115    116
   116     88     87
    88    116    117
   117     89     88
    89    117    118
   118     90     89
    90    118    119
   119     91     90
    91    119    120
   120     92     91
    92    120    121
   121     93     92
    93    121    122
    93    122    123
   123     94     93
    94    123    124
   124     95     94
    95    124    125
   125     96     95
    96    125    126
   126     97     96
    97    126    127
   127     98     97
    98    127    128
   128     99     98
    99    128    129
   129    100     99
   100    129    130
   100    130    131
   131    101    100
   101    131    132
   132    102    101
   102    132    133
   133    103    102
   103    133    134
   134    104    103
   104    134    135
   135    105    104
   105    135    136
   136    106    105
   106    136    137
   137    107    106
   107    137    138
   107    138    139
   139    108    107
   108    139    140
   140    109    108
   109    140    141
   141    110    109
   110    141    142
   142    111    110
   111    142    143
   143    112    111
   112    143    144
   144    113    112
   113    144    145
   145     86    113
    86    145    114
   114    146    147
   147    115    114
   115    147    148
   148    116    115
   116    148    149
   149    117    116
   117    149    150
   150    118    117
   118    150    151
   151    119    118
   119    151    152
   152    120    119
   120    152    153
   153    121    120
   121    153    154
   154    122    121
   122    154    155
   122    155    156
   156    123    122
   123    156    157
   157    124    123
   124    157    158
   158    125    124
   125    158    159
   159    126    125
   126    159    160
   160    127    126
   127    160    161
   161    128    127
   128    161    162
   162    129    128
   129    162    163
   163    130    129
   130    163    164
   130    164    165
   165    131    130
   131    165    166
   166    132    131
   132    166    167
   167    133    132
   133    167    168
   168    134    133
   134    168    169
   169    135    134
   135    169    170
   170    136    135
   136    170    171
   171    137    136
   137    171    172
   172    138    137
   138    172    173
   138    173    174
   174    139    138
   139    174    175
   175    140    139
   140    175    176
   176    141    140
   141    176    177
   177    142    141
   142    177    178
   178    143    142
   143    178    179
   179    144    143
   144    179    180
   180    145    144
   145    180    181
   181    114    145
   114    181    146
   146    182    183
   183    147    146
   147    183    184
   184    148    147
   148    184    185
   185    149    148
   149    185    186
   186    150    149
   150    186    187
   187    151    150
   151    187    188
   188    152    151
   152    188    189
   189    153    152
   153    189    190
   190    154    153
   154    190    191
   191    155    154
   155    191    192
   155    192    193
   193    156    155
   156    193    194
   194    157    156
   157    194    195
   195    158    157
   158    195    196
   196    159    158
   159    196    197
   197    160    159
   160    197    198
   198    161    160
   161    198    199
   199    162    161
   162    199    200
   200    163    162
   163    200    201
   201    164    163
   164    201    202
   164    202    203
   203    165    164
   165    203    204
   204    166    165
   166    204    205
   205    167    166
   167    205    206
   206    168    167
   168    206    207
   207    169    168
   169    207    208
   208    170    169
   170    208    209
   209    171    170
   171    209    210
   210    172    171
   172    210    211
   211    173    172
   173    211    212
   173    212    213
   213    174    173
   174    213    214
   214    175    174
   175    214    215
   215    176    175
   176    215    216
   216    177    176
   177    216    217
   217    178    177
   178    217    218
   218    179    178
   179    218    219
   219    180    179
   180    219    220
   220    181    180
   181    220    221
   221    146    181
   146    221    182
   222    183    182
   223    183    222
   223    184    183
   224    184    223
   224    185    184
   225    185    224
   225    186    185
   226    186    225
   226    187    186
   227    187    226
   227    188    187
   228    188    227
   228    189    188
   229    189    228
   229    190    189
   230    190    229
   230    191    190
   231    191    230
   231    192    191
   231    193    192
   232    193    231
   232    194    193
   233    194    232
   233    195    194
   234    195    233
   234    196    195
   235    196    234
   235    197    196
   236    197    235
   236    198    197
   237    198    236
   237    199    198
   238    199    237
   238    200    199
   239    200    238
   239    201    200
   240    201    239
   240    202    201
   240    203    202
   241    203    240
   241    204    203
   242    204    241
   242    205    204
   243    205    242
   243    206    205
   244    206    243
   244    207    206
   245    207    244
   245    208    207
   246    208    245
   246    209    208
   247    209    246
   247    210    209
   248    210    247
   248    211    210
   249    211    248
   249    212    211
   249    213    212
   250    213    249
   250    214    213
   251    214    250
   251    215    214
   252    215    251
   252    216    215
   253    216    252
   253    217    216
   254    217    253
   254    218    217
   255    218    254
   255    219    218
   256    219    255
   256    220    219
   257    220    256
   257    221    220
   222    221    257
   222    182    221
   258    223    222
   259    223    258
   259    224    223
   260    224    259
   260    225    224
   261    225    260
   261    226    225
   262    226    261
   262    227    226
   263    227    262
   263    228    227
   264    228    263
   264    229    228
   265    229    264
   265    230    229
   266    230    265
   266    231    230
   266    232    231
   267    232    266
   267    233    232
   268    233    267
   268    234    233
   269    234    268
   269    235    234
   270    235    269
   270    236    235
   271    236    270
   271    237    236
   272    237    271
   272    238    237
   273    238    272
   273    239    238
   274    239    273
   274    240    239
   274    241    240
   275    241    274
   275    242    241
   276    242    275
   276    243    242
   277    243    276
   277    244    243
   278    244    277
   278    245    244
   279    245    278
   279    246    245
   280    246    279
   280    247    246
   281    247    280
   281    248    247
   282    248    281
   282    249    248
   282    250    249
   283    250    282
   283    251    250
   284    251    283
   284    252    251
   285    252    284
   285    253    252
   286    253    285
   286    254    253
   287    254    286
   287    255    254
   288    255    287
   288    256    255
   289    256    288
   289    257    256
   258    257    289
   258    222    257
   290    259    258
   291    259    290
   291    260    259
   292    260    291
   292    261    260
   293    261    292
   293    262    261
   294    262    293
   294    263    262
   295    263    294
   295    264    263
   296    264    295
   296    265    264
   297    265    296
   297    266    265
   297    267    266
   298    267    297
   298    268    267
   299    268    298
   299    269    268
   300    269    299
   300    270    269
   301    270    300
   301    271    270
   302    271    301
   302    272    271
   303    272    302
   303    273    272
   304    273    303
   304    274    273
   304    275    274
   305    275    304
   305    276    275
   306    276    305
   306    277    276
   307    277    306
   307    278    277
   308    278    307
   308    279    278
   309    279    308
   309    280    279
   310    280    309
   310    281    280
   311    281    310
   311    282    281
   311    283    282
   312    283    311
   312    284    283
   313    284    312
   313    285    284
   314    285    313
   314    286    285
   315    286    314
   315    287    286
   316    287    315
   316    288    287
   317    288    316
   317    289    288
   290    289    317
   290    258    289
   318    291    290
   319    291    318
   319    292    291
   320    292    319
   320    293    292
   321    293    320
   321    294    293
   322    294    321
   322    295    294
   323    295    322
   323    296    295
   324    296    323
   324    297    296
   324    298    297
   325    298    324
   325    299    298
   326    299    325
   326    300    299
   327    300    326
   327    301    300
   328    301    327
   328    302    301
   329    302    328
   329    303    302
   330    303    329
   330    304    303
   330    305    304
   331    305    330
   331    306    305
   332    306    331
   332    307    306
   333    307    332
   333    308    307
   334    308    333
   334    309    308
   335    309    334
   335    310    309
   336    310    335
   336    311    310
   336    312    311
   337    312    336
   337    313    312
   338    313    337
   338    314    313
   339    314    338
   339    315    314
   340    315    339
   340    316    315
   341    316    340
   341    317    316
   318    317    341
   318    290    317
   342    319    318
   343    319    342
   343    320    319
   344    320    343
   344    321    320
   345    321    344
   345    322    321
   346    322    345
   346    323    322
   347    323    346
   347    324    323
   347    325    324
   348    325    347
   348    326    325
   349    326    348
   349    327    326
   350    327    349
   350    328    327
   351    328    350
   351    329    328
   352    329    351
   352    330    329
   352    331    330
   353    331    352
   353    332    331
   354    332    353
   354    333    332
   355    333    354
   355    334    333
   356    334    355
   356    335    334
   357    335    356
   357    336    335
   357    337    336
   358    337    357
   358    338    337
   359    338    358
   359    339    338
   360    339    359
   360    340    339
   361    340    360
   361    341    340
   342    341    361
   342    318    341
   362    343    342
   363    343    362
   363    344    343
   364    344    363
   364    345    344
   365    345    364
   365    346    345
   366    346    365
   366    347    346
   366    348    347
   367    348    366
   367    349    348
   368    349    367
   368    350    349
   369    350    368
   369    351    350
   370    351    369
   370    352    351
   370    353    352
   371    353    370
   371    354    353
   372    354    371
   372    355    354
   373    355    372
   373    356    355
   374    356    373
   374    357    356
   374    358    357
   375    358    374
   375    359    358
   376    359    375
   376    360    359
   377    360    376
   377    361    360
   362    361    377
   362    342    361
   378    363    362
   379    363    378
   379    364    363
   380    364    379
   380    365    364
   381    365    380
   381    366    365
   381    367    366
   382    367    381
   382    368    367
   383    368    382
   383    369    368
   384    369    383
   384    370    369
   384    371    370
   385    371    384
   385    372    371
   386    372    385
   386    373    372
   387    373    386
   387    374    373
   387    375    374
   388    375    387
   388    376    375
   389    376    388
   389    377    376
   378    377    389
   378    362    377
   390    379    378
   391    379    390
   391    380    379
   392    380    391
   392    381    380
   392    382    381
   393    382    392
   393    383    382
   394    383    393
   394    384    383
   394    385    384
   395    385    394
   395    386    385
   396    386    395
   396    387    386
   396    388    387
   397    388    396
   397    389    388
   390    389    397
   390    378    389
   398    391    390
   399    391    398
   399    392    391
   399    393    392
   400    393    399
   400    394    393
   400    395    394
   401    395    400
   401    396    395
   401    397    396
   398    397    401
   398    390    397
   402    399    398
   402    400    399
   402    401    400
   402    398    401
