1022 2040
   -0.046832     0.137018     0.405702
   -0.177880     0.154392     0.416898
   -0.177880     0.025547     0.429588
   -0.089015    -0.063318     0.429588
    0.153504    -0.063318     0.405702
   -0.209222     0.188684     0.410433
   -0.280429     0.117476     0.410433
   -0.287504     0.064110     0.414993
   -0.245310     0.025547     0.422946
   -0.232900    -0.068058     0.414949
   -0.089015    -0.211944     0.414949
   -0.073022    -0.275724     0.407092
   -0.014465    -0.267961     0.402090
    0.182825    -0.070671     0.402090
    0.408894    -0.035595     0.359153
    0.540626    -0.035595     0.319192
    0.584644     0.002250     0.301085
    0.589830     0.011536     0.298345
    0.583318     0.097204     0.289556
    0.520495     0.248872     0.289556
    0.484178     0.234202     0.302416
    0.335660    -0.070671     0.376961
    0.331693     0.242641     0.326099
   -0.095799     0.419714     0.326099
   -0.287820     0.434310     0.345799
   -0.287820     0.352787     0.370529
   -0.362810     0.521532     0.309918
   -0.387433     0.511333     0.309918
   -0.327905     0.363973     0.362099
   -0.331432     0.300255     0.371996
   -0.369417     0.208552     0.371996
   -0.380396     0.064110     0.386814
   -0.402402     0.045191     0.377762
   -0.392501    -0.085065     0.364398
   -0.299976    -0.308439     0.364398
   -0.295484    -0.389597     0.351793
   -0.101657    -0.335512     0.392554
   -0.337640    -0.493954     0.314840
   -0.125011    -0.582028     0.314840
   -0.108081    -0.562336     0.322941
   -0.101657    -0.547205     0.328338
    0.326441    -0.369880     0.328338
    0.328915    -0.363777     0.329878
    0.398134    -0.294558     0.329878
    0.450178    -0.273467     0.316741
    0.538810    -0.059490     0.316741
    0.593495     0.014959     0.295895
    0.604562     0.037473     0.286755
    0.597570     0.137415     0.276179
    0.597738     0.141478     0.275378
    0.590615     0.270076     0.255407
    0.539970     0.268347     0.277636
    0.592751     0.272936     0.253287
    0.607380     0.323935     0.225432
    0.613300     0.377206     0.200310
    0.612396     0.381201     0.198998
    0.546086     0.447510     0.198998
    0.545627     0.449372     0.198274
    0.506059     0.489823     0.187861
    0.156619     0.509178     0.242128
   -0.024951     0.557829     0.242128
   -0.375191     0.582333     0.279193
   -0.375191     0.560788     0.290709
   -0.392815     0.601208     0.266579
   -0.395188     0.601042     0.266328
   -0.421295     0.594047     0.266328
   -0.420972     0.587591     0.269826
   -0.416164     0.575310     0.277078
   -0.414918     0.538819     0.293095
   -0.446073     0.562489     0.269826
   -0.448707     0.550852     0.273647
   -0.440369     0.539688     0.281925
   -0.446641     0.426437     0.299512
   -0.511377     0.184838     0.299512
   -0.521148     0.045191     0.314291
   -0.568050     0.001395     0.282948
   -0.554897    -0.186597     0.263054
   -0.500474    -0.389707     0.263054
   -0.495146    -0.485903     0.248115
   -0.482548    -0.498225     0.251358
   -0.474409    -0.500234     0.254521
   -0.339308    -0.495622     0.313819
   -0.359855    -0.614787     0.254521
   -0.343503    -0.618488     0.259890
   -0.300475    -0.662477     0.248566
   -0.287053    -0.674487     0.245774
   -0.284548    -0.675906     0.245609
   -0.138268    -0.624061     0.294272
   -0.237735    -0.709408     0.234406
   -0.234060    -0.711763     0.233674
   -0.141165    -0.736654     0.233675
   -0.140965    -0.736668     0.233695
   -0.138268    -0.733780     0.235625
   -0.112317    -0.731964     0.232879
    0.136734    -0.665231     0.232879
    0.151804    -0.654446     0.236485
    0.176051    -0.640718     0.238080
    0.330304    -0.483021     0.278678
    0.354897    -0.477455     0.270602
    0.532736    -0.299616     0.270602
    0.537976    -0.276464     0.278205
    0.562114    -0.252854     0.271991
    0.568227    -0.142488     0.289130
    0.576741    -0.110713     0.289130
    0.608460     0.041826     0.282846
    0.600447     0.148981     0.271930
    0.600527     0.163111     0.269105
    0.622630     0.420008     0.172122
    0.619902     0.432006     0.168190
    0.617068     0.436248     0.168190
    0.612516     0.455050     0.160840
    0.613765     0.459095     0.157213
    0.562355     0.493446     0.157213
    0.505367     0.506398     0.175886
    0.459410     0.548665     0.154002
    0.033244     0.578843     0.215383
   -0.048657     0.595134     0.215383
   -0.390187     0.620674     0.250176
   -0.392815     0.618320     0.252536
   -0.394907     0.618164     0.252323
   -0.425532     0.612072     0.252323
   -0.425514     0.611992     0.252391
   -0.425972     0.601019     0.260319
   -0.430790     0.615836     0.246915
   -0.449698     0.603202     0.246915
   -0.449513     0.603017     0.247144
   -0.453683     0.604432     0.243342
   -0.461171     0.601119     0.239423
   -0.496080     0.548875     0.239423
   -0.496270     0.548789     0.239300
   -0.524921     0.517638     0.224467
   -0.547632     0.473194     0.216574
   -0.564561     0.427813     0.213090
   -0.570226     0.347811     0.224613
   -0.604461     0.175698     0.224613
   -0.617496     0.001395     0.242369
   -0.626663    -0.008843     0.233174
   -0.611156    -0.216208     0.212049
   -0.594971    -0.297578     0.212049
   -0.585630    -0.429493     0.193049
   -0.548907    -0.469422     0.212063
   -0.541839    -0.475419     0.216053
   -0.520836    -0.484830     0.229556
   -0.502133    -0.512821     0.229556
   -0.493517    -0.518376     0.233200
   -0.484594    -0.522325     0.237870
   -0.442308    -0.564611     0.237870
   -0.365384    -0.615256     0.251426
   -0.344399    -0.633128     0.248566
   -0.186790    -0.746424     0.217604
   -0.179102    -0.750353     0.216239
   -0.167728    -0.757046     0.212602
   -0.140965    -0.762370     0.212602
   -0.134524    -0.770576     0.204816
   -0.117757    -0.785590     0.189757
   -0.091170    -0.783602     0.187048
   -0.012596    -0.767973     0.187048
    0.028161    -0.765087     0.181178
    0.232746    -0.627832     0.219503
    0.446203    -0.485206     0.219503
    0.450140    -0.484252     0.217964
    0.522398    -0.411995     0.217964
    0.537115    -0.351208     0.241729
    0.558044    -0.319887     0.241729
    0.572829    -0.254832     0.263045
    0.571142    -0.252477     0.265468
    0.580453    -0.120993     0.284406
    0.585062    -0.097822     0.284406
    0.628198     0.041826     0.258795
    0.630551     0.044485     0.255415
    0.640527     0.059299     0.240400
    0.639778     0.068465     0.239544
    0.616849     0.213233     0.239544
    0.635983     0.445025     0.141821
    0.624370     0.467817     0.141821
    0.623009     0.466947     0.143917
    0.621702     0.467032     0.145063
    0.630522     0.489502     0.115686
    0.625987     0.494036     0.115686
    0.620049     0.492352     0.122843
    0.602593     0.497023     0.129259
    0.535120     0.531402     0.129259
    0.459241     0.550368     0.152125
    0.416666     0.582516     0.125501
    0.017451     0.616661     0.176394
   -0.100578     0.635355     0.176394
   -0.366877     0.657118     0.201270
   -0.377410     0.650024     0.211946
   -0.390187     0.638719     0.228188
   -0.431336     0.632202     0.228188
   -0.431005     0.629919     0.231033
   -0.432150     0.618400     0.243729
   -0.434917     0.634113     0.223850
   -0.454992     0.623884     0.223850
   -0.452652     0.620222     0.229486
   -0.455965     0.624160     0.222677
   -0.480253     0.599873     0.222677
   -0.480998     0.599520     0.222209
   -0.497785     0.580812     0.218276
   -0.498785     0.577077     0.219649
   -0.520924     0.533626     0.219649
   -0.606652     0.329289     0.187799
   -0.616600     0.212977     0.202626
   -0.627934     0.141420     0.202626
   -0.640214    -0.008843     0.216663
   -0.646073    -0.017545     0.207844
   -0.632038    -0.189291     0.191800
   -0.622337    -0.250542     0.191800
   -0.608975    -0.406757     0.171886
   -0.596579    -0.423175     0.182152
   -0.588119    -0.429246     0.190306
   -0.578106    -0.448897     0.190306
   -0.529860    -0.488769     0.218860
   -0.503877    -0.511996     0.228461
   -0.451280    -0.560614     0.233200
   -0.298518    -0.674297     0.238920
   -0.296790    -0.675353     0.239009
   -0.275951    -0.689936     0.234406
   -0.145205    -0.774054     0.198517
   -0.133108    -0.785187     0.187286
   -0.132373    -0.785641     0.186874
   -0.117757    -0.787956     0.186874
   -0.099722    -0.803915     0.163948
   -0.088228    -0.811655     0.152299
   -0.032249    -0.802788     0.152299
   -0.017433    -0.801521     0.150410
    0.027945    -0.767256     0.178788
    0.068243    -0.757184     0.166644
    0.308834    -0.634596     0.166644
    0.323752    -0.630604     0.161161
    0.435339    -0.530477     0.184622
    0.437170    -0.528318     0.185481
    0.448879    -0.503565     0.201014
    0.508158    -0.444286     0.201014
    0.513134    -0.436090     0.204038
    0.523912    -0.411896     0.216635
    0.544564    -0.388880     0.211796
    0.559286    -0.333867     0.232016
    0.575996    -0.301074     0.232016
    0.587928    -0.253333     0.246403
    0.589831    -0.250812     0.244827
    0.599202    -0.141247     0.258795
    0.745095     0.059299     0.044766
    0.758259     0.083610     0.014152
    0.771020     0.113062    -0.016977
    0.767166     0.156974    -0.020582
    0.738469     0.374949    -0.020582
    0.723794     0.398185     0.001150
    0.708675     0.425027     0.020166
    0.696718     0.438824     0.037264
    0.642948     0.448253     0.128739
    0.670485     0.502156     0.037264
    0.661100     0.506518     0.051167
    0.645275     0.499390     0.085613
    0.643532     0.499756     0.087979
    0.653050     0.517009     0.051167
    0.651812     0.517183     0.052954
    0.642568     0.507939     0.079381
    0.637423     0.508545     0.084786
    0.632491     0.532008     0.052954
    0.631867     0.532800     0.052234
    0.623055     0.535404     0.055100
    0.439101     0.611600     0.055100
    0.410195     0.619421     0.062718
    0.333689     0.662514     0.008515
    0.095879     0.685414     0.034351
   -0.035947     0.702769     0.034351
   -0.275995     0.723838     0.054061
   -0.281763     0.722970     0.057105
   -0.290954     0.721334     0.062429
   -0.346941     0.697076     0.121603
   -0.366877     0.686281     0.146709
   -0.419849     0.679307     0.146709
   -0.423969     0.676705     0.150562
   -0.435104     0.665315     0.169129
   -0.435062     0.664715     0.170263
   -0.438915     0.642740     0.207646
   -0.449732     0.659256     0.169129
   -0.450405     0.658622     0.169780
   -0.455904     0.646791     0.187305
   -0.454397     0.643445     0.194590
   -0.457927     0.626649     0.217376
   -0.469496     0.636362     0.187305
   -0.473325     0.631088     0.191085
   -0.474218     0.624729     0.200261
   -0.479149     0.615210     0.205725
   -0.491569     0.599025     0.205725
   -0.500506     0.580240     0.214585
   -0.515633     0.559886     0.207358
   -0.521254     0.540866     0.213543
   -0.544521     0.484694     0.213543
   -0.607439     0.327892     0.186809
   -0.624484     0.285900     0.168620
   -0.635528     0.171222     0.181079
   -0.655293     0.021087     0.181079
   -0.658684    -0.017545     0.184251
   -0.672317    -0.049008     0.150996
   -0.666357    -0.116912     0.145421
   -0.648383    -0.253437     0.145421
   -0.636482    -0.377026     0.131994
   -0.625016    -0.397382     0.146416
   -0.618310    -0.405121     0.156006
   -0.607337    -0.431612     0.156006
   -0.597178    -0.436334     0.171055
   -0.582395    -0.447996     0.184488
   -0.580137    -0.450938     0.184488
   -0.466841    -0.553853     0.222719
   -0.454527    -0.560232     0.229787
   -0.317880    -0.665084     0.229787
   -0.199186    -0.746988     0.207149
   -0.178629    -0.766331     0.187286
   -0.108659    -0.806192     0.157486
   -0.094211    -0.820969     0.133398
   -0.087218    -0.825386     0.126858
   -0.087218    -0.816020     0.144380
   -0.022851    -0.832422     0.097842
   -0.086185    -0.826389     0.124726
   -0.059525    -0.840825     0.091151
   -0.059148    -0.840989     0.090753
   -0.022586    -0.836175     0.090753
   -0.013608    -0.838751     0.079207
    0.012525    -0.831681     0.072319
    0.168352    -0.767135     0.072319
    0.173822    -0.761988     0.077605
    0.262388    -0.696166     0.109052
    0.303487    -0.660249     0.131806
    0.322618    -0.635998     0.153842
    0.364956    -0.603511     0.153842
    0.405505    -0.565126     0.165604
    0.428624    -0.539728     0.177992
    0.457521    -0.507967     0.185481
    0.468955    -0.494340     0.188092
    0.506834    -0.446843     0.199547
    0.539317    -0.401968     0.204038
    0.545652    -0.388651     0.210318
    0.578000    -0.345127     0.194864
    0.579823    -0.343190     0.192992
    0.580569    -0.342140     0.192421
    0.620636    -0.245411     0.192421
    0.641992    -0.220767     0.161882
    0.680651    -0.152133     0.113256
    0.706260    -0.111585     0.075333
    0.708450    -0.106995     0.072366
    0.729948    -0.055754     0.044766
    0.785275     0.113062    -0.063970
    0.786398     0.117631    -0.069370
    0.790006     0.135667    -0.087962
    0.790675     0.149991    -0.095489
    0.786860     0.191608    -0.098370
    0.780566     0.247472    -0.098370
    0.779995     0.253039    -0.098867
    0.759490     0.330083    -0.067028
    0.743547     0.373288    -0.035513
    0.742419     0.377266    -0.036391
    0.717046     0.449777    -0.036391
    0.706723     0.466656    -0.021722
    0.697321     0.483060    -0.014581
    0.687800     0.495268    -0.002352
    0.671065     0.502557     0.035220
    0.677074     0.512338    -0.002352
    0.673784     0.515986     0.000734
    0.670857     0.517950     0.005966
    0.668077     0.515979     0.018386
    0.656339     0.520298     0.037783
    0.655008     0.533799     0.005966
    0.652613     0.530424     0.021052
    0.633210     0.534743     0.045388
    0.652220     0.537954    -0.001461
    0.647058     0.542610    -0.005827
    0.623274     0.557554    -0.005827
    0.606566     0.570584    -0.022563
    0.543548     0.606702    -0.050000
    0.539117     0.609413    -0.053851
    0.354557     0.673993    -0.053851
    0.327416     0.681687    -0.047864
    0.272420     0.701982    -0.087979
    0.272249     0.702027    -0.088050
    0.087256     0.721012    -0.071547
    0.057024     0.724418    -0.071547
   -0.041528     0.733453    -0.064724
   -0.157792     0.733453    -0.021540
   -0.249306     0.729176     0.026550
   -0.341668     0.715620     0.062429
   -0.375035     0.706955     0.078602
   -0.385787     0.702828     0.088213
   -0.404199     0.696033     0.101643
   -0.416337     0.690039     0.115151
   -0.429466     0.685445     0.115151
   -0.433362     0.683063     0.118536
   -0.441244     0.675895     0.133179
   -0.443122     0.674430     0.135060
   -0.453932     0.667638     0.135060
   -0.454647     0.666993     0.135666
   -0.461996     0.656042     0.155243
   -0.462451     0.655510     0.155665
   -0.471243     0.646717     0.155665
   -0.477915     0.629399     0.183501
   -0.489437     0.608603     0.193712
   -0.502669     0.587544     0.193712
   -0.516704     0.559419     0.204953
   -0.542021     0.515248     0.185722
   -0.543275     0.511263     0.186809
   -0.626008     0.282815     0.165188
   -0.674564     0.151235     0.069211
   -0.679547     0.138252     0.057605
   -0.700646    -0.049008     0.057606
   -0.701479    -0.052395     0.053603
   -0.705937    -0.074685     0.030626
   -0.704800    -0.087091     0.029767
   -0.692344    -0.197643     0.029767
   -0.683782    -0.234592     0.044269
   -0.677377    -0.260732     0.053374
   -0.657587    -0.335095     0.084105
   -0.655207    -0.343359     0.088072
   -0.644125    -0.373392     0.109978
   -0.643457    -0.374744     0.111483
   -0.631109    -0.410031     0.111483
   -0.623867    -0.421872     0.121773
   -0.621253    -0.426433     0.123759
   -0.608121    -0.432154     0.153243
   -0.621029    -0.426881     0.123580
   -0.605728    -0.451234     0.123581
   -0.604562    -0.448144     0.133188
   -0.544216    -0.529812     0.093930
   -0.461676    -0.612351     0.093930
   -0.456397    -0.616366     0.097236
   -0.470297    -0.578589     0.159659
   -0.427233    -0.640743     0.092636
   -0.407484    -0.658556     0.075930
   -0.162008    -0.812799     0.075930
   -0.157384    -0.815106     0.077778
   -0.151872    -0.818266     0.075378
   -0.138271    -0.826584     0.063558
   -0.080360    -0.846848     0.063558
   -0.080448    -0.843924     0.073166
   -0.073918    -0.850237     0.054778
   -0.058251    -0.852003     0.054778
   -0.058251    -0.844099     0.080833
   -0.045795    -0.855065     0.040056
   -0.043468    -0.855530     0.037658
   -0.017414    -0.852595     0.037658
   -0.017340    -0.850157     0.045667
   -0.003069    -0.853013     0.019600
    0.015796    -0.847665     0.015439
    0.069053    -0.829030     0.015439
    0.073588    -0.827603     0.014202
    0.078180    -0.825256     0.015419
    0.141443    -0.788998     0.042962
    0.167774    -0.768463     0.069337
    0.183083    -0.758844     0.069337
    0.253706    -0.703996     0.101707
    0.308496    -0.656062     0.132596
    0.440398    -0.527954     0.177992
    0.537493    -0.410162     0.193761
    0.538313    -0.409253     0.192992
    0.584749    -0.336780     0.187052
    0.641168    -0.238344     0.144195
    0.650639    -0.222858     0.130737
    0.660893    -0.203701     0.118947
    0.741238    -0.032892     0.019325
    0.765696     0.033385    -0.029019
    0.772141     0.050176    -0.044029
    0.776941     0.067382    -0.053464
    0.782570     0.089058    -0.063970
    0.790675     0.162084    -0.107582
    0.786860     0.200820    -0.107582
    0.786471     0.204520    -0.107831
    0.782078     0.243508    -0.107831
    0.754212     0.347484    -0.067028
    0.739003     0.394649    -0.057014
    0.726876     0.429305    -0.057014
    0.717879     0.448889    -0.040433
    0.700752     0.480933    -0.040433
    0.692011     0.496289    -0.034430
    0.689802     0.499804    -0.034430
    0.686599     0.504098    -0.031091
    0.666057     0.529128    -0.031091
    0.665227     0.530069    -0.030489
    0.665080     0.529922    -0.027706
    0.659625     0.535012    -0.034076
    0.638958     0.551972    -0.034076
    0.627995     0.560150    -0.042599
    0.619920     0.565224    -0.042599
    0.588380     0.583177    -0.054929
    0.538880     0.609635    -0.054929
    0.522531     0.617146    -0.068771
    0.511111     0.621441    -0.071086
    0.432534     0.650258    -0.081306
    0.377698     0.669446    -0.081306
    0.346268     0.679580    -0.087979
    0.271771     0.702132    -0.088500
    0.218279     0.708420    -0.090817
    0.083794     0.723573    -0.090817
    0.075754     0.724418    -0.090277
    0.007098     0.731180    -0.090277
   -0.258606     0.728260     0.026550
   -0.299406     0.723972     0.029291
   -0.305649     0.722970     0.033218
   -0.318361     0.720716     0.040506
   -0.389780     0.702482     0.078602
   -0.417588     0.693515     0.084505
   -0.418093     0.693303     0.085159
   -0.423970     0.690603     0.090135
   -0.438448     0.682864     0.090135
   -0.444494     0.678802     0.099494
   -0.444431     0.678620     0.101927
   -0.451109     0.673374     0.099494
   -0.461628     0.662855     0.119117
   -0.461491     0.662719     0.121699
   -0.471397     0.646857     0.154067
   -0.474509     0.647159     0.119117
   -0.480806     0.638718     0.125680
   -0.484470     0.632886     0.125680
   -0.494751     0.614824     0.118618
   -0.555856     0.500505     0.118618
   -0.603690     0.396376     0.030458
   -0.605600     0.391827     0.024575
   -0.648139     0.259908    -0.003433
   -0.687241     0.131008    -0.003433
   -0.701479     0.065891    -0.064682
   -0.704265     0.052333    -0.079414
   -0.705349     0.042022    -0.080106
   -0.709694    -0.002092    -0.080106
   -0.710588    -0.021241    -0.070044
   -0.710717    -0.024091    -0.068496
   -0.711089    -0.042659    -0.053704
   -0.711089    -0.074685    -0.021679
   -0.710679    -0.078850    -0.021679
   -0.709569    -0.089409    -0.020969
   -0.704800    -0.121893    -0.005034
   -0.692462    -0.196975     0.029384
   -0.641943    -0.384495     0.096806
   -0.639840    -0.390503     0.096806
   -0.636819    -0.398741     0.097877
   -0.632134    -0.408939     0.106512
   -0.620470    -0.430763     0.106512
   -0.617085    -0.436708     0.108836
   -0.603345    -0.458576     0.108836
   -0.601776    -0.459933     0.113568
   -0.593163    -0.472226     0.098224
   -0.576591    -0.493564     0.088444
   -0.554248    -0.520789     0.088444
   -0.555168    -0.519316     0.091449
   -0.530933    -0.547216     0.071526
   -0.489899    -0.591304     0.054936
   -0.480784    -0.600418     0.054936
   -0.418397    -0.655457     0.014997
   -0.414535    -0.658766     0.013550
   -0.389597    -0.679231     0.013550
   -0.330982    -0.722955    -0.032021
   -0.312161    -0.735849    -0.039080
   -0.286519    -0.752881    -0.045166
   -0.242715    -0.780405    -0.045166
   -0.231929    -0.786545    -0.049383
   -0.159329    -0.825350    -0.049383
   -0.129644    -0.838987    -0.024249
   -0.121675    -0.842333    -0.013945
   -0.121686    -0.842148    -0.011930
   -0.074685    -0.851384     0.043833
   -0.089261    -0.852165    -0.013945
   -0.074796    -0.855328    -0.000339
   -0.070781    -0.856153     0.004023
   -0.071219    -0.855065     0.014632
   -0.043398    -0.858850     0.004023
   -0.043398    -0.855640     0.036614
   -0.039187    -0.858850    -0.000188
   -0.006595    -0.855640    -0.000188
   -0.005427    -0.855517    -0.000267
   -0.003342    -0.855089    -0.002532
    0.001337    -0.854066    -0.006934
    0.034653    -0.843959    -0.006934
    0.034841    -0.843899    -0.006973
    0.048578    -0.839092    -0.006973
    0.090548    -0.818646     0.015419
    0.141772    -0.789489     0.035445
    0.144076    -0.787941     0.039011
    0.254302    -0.703507     0.101707
    0.268633    -0.691230     0.107077
    0.423325    -0.547306     0.165604
    0.539937    -0.407848     0.188092
    0.549900    -0.394493     0.177709
    0.582250    -0.343007     0.177709
    0.724764    -0.071483     0.042300
    0.741155    -0.033311     0.018827
    0.770592     0.045374    -0.043009
    0.784446     0.097637    -0.072040
    0.786398     0.108648    -0.078352
    0.788712     0.123069    -0.087425
    0.789552     0.131058    -0.087962
    0.790309     0.162084    -0.111298
    0.788431     0.171476    -0.120979
    0.786471     0.192851    -0.119499
    0.781755     0.234709    -0.119499
    0.781490     0.237290    -0.119269
    0.781682     0.243881    -0.110972
    0.758503     0.325648    -0.092934
    0.738211     0.383638    -0.092934
    0.722312     0.434169    -0.079152
    0.720475     0.437374    -0.080548
    0.709031     0.460305    -0.071383
    0.686245     0.496569    -0.071383
    0.679738     0.508312    -0.065616
    0.679624     0.508609    -0.065139
    0.675416     0.514142    -0.061675
    0.649249     0.540310    -0.061675
    0.647086     0.542842    -0.059664
    0.632216     0.555271    -0.057318
    0.619710     0.562200    -0.063459
    0.582695     0.585459    -0.063459
    0.564767     0.594406    -0.070624
    0.388064     0.664250    -0.093435
    0.388031     0.664261    -0.093440
    0.341666     0.680485    -0.093440
    0.301379     0.691906    -0.102328
    0.283241     0.697900    -0.096866
    0.137516     0.716708    -0.098022
    0.076589     0.723573    -0.098022
    0.018512     0.728897    -0.102043
   -0.206138     0.729021    -0.018193
   -0.215184     0.728260    -0.016871
   -0.266361     0.723008    -0.012306
   -0.366649     0.707028     0.051158
   -0.420898     0.688045     0.051158
   -0.422570     0.687770     0.053555
   -0.423050     0.688389     0.059643
   -0.438250     0.682288     0.082449
   -0.441847     0.675657     0.053555
   -0.442948     0.676857     0.066064
   -0.450116     0.672381     0.080692
   -0.446155     0.669237     0.042077
   -0.453762     0.661631     0.042077
   -0.455712     0.663420     0.062406
   -0.463555     0.636208     0.001216
   -0.487965     0.592150    -0.020418
   -0.531944     0.522159    -0.020418
   -0.587200     0.411435    -0.064672
   -0.588134     0.405758    -0.072812
   -0.631671     0.267393    -0.110550
   -0.665882     0.169622    -0.110550
   -0.680549     0.117886    -0.121962
   -0.685253     0.102955    -0.120012
   -0.690113     0.087826    -0.117010
   -0.697033     0.066887    -0.110705
   -0.701412     0.055020    -0.102049
   -0.701567     0.053510    -0.102184
   -0.704213     0.030029    -0.102184
   -0.705349     0.023643    -0.098485
   -0.707787     0.007442    -0.089934
   -0.710679    -0.056869    -0.043660
   -0.675333    -0.267942     0.054965
   -0.658105    -0.332456     0.080974
   -0.631485    -0.408047     0.093825
   -0.628485    -0.413621     0.093581
   -0.622686    -0.425239     0.098224
   -0.565509    -0.505850     0.078052
   -0.463326    -0.613996     0.033843
   -0.424688    -0.649166     0.014997
   -0.348506    -0.708980    -0.027794
   -0.248463    -0.773967    -0.063853
   -0.222285    -0.790416    -0.063853
   -0.199597    -0.801738    -0.072921
   -0.164227    -0.822010    -0.057522
   -0.160384    -0.824361    -0.054182
   -0.119966    -0.838504    -0.054182
   -0.111941    -0.842466    -0.045251
   -0.091179    -0.850128    -0.030107
   -0.090944    -0.850152    -0.030128
   -0.045007    -0.855328    -0.030128
   -0.039187    -0.855862    -0.030531
   -0.035324    -0.855089    -0.034513
   -0.034568    -0.854903    -0.035407
    0.004717    -0.850477    -0.035407
    0.006705    -0.849713    -0.037184
    0.009987    -0.848783    -0.036460
    0.031347    -0.841309    -0.036460
    0.049377    -0.838342    -0.010611
    0.081848    -0.822137     0.002367
    0.092368    -0.815528     0.002367
    0.138531    -0.789950     0.025035
    0.142793    -0.788308     0.031886
    0.379953    -0.579909     0.107077
    0.429259    -0.537805     0.146213
    0.546814    -0.397162     0.168400
    0.639224    -0.230375     0.086502
    0.669573    -0.182076     0.086502
    0.772545     0.057244    -0.060027
    0.778948     0.077592    -0.065576
    0.781934     0.088774    -0.070085
    0.788176     0.141458    -0.110573
    0.788351     0.143170    -0.110726
    0.789552     0.153822    -0.110726
    0.784160     0.171476    -0.135057
    0.778469     0.173117    -0.153209
    0.776495     0.175668    -0.158769
    0.773900     0.181657    -0.165100
    0.766312     0.195672    -0.182748
    0.759903     0.244353    -0.182748
    0.755572     0.251209    -0.189160
    0.754196     0.253653    -0.190892
    0.742233     0.297869    -0.179239
    0.723486     0.343128    -0.179239
    0.703638     0.410298    -0.157395
    0.701825     0.426962    -0.143451
    0.703516     0.444761    -0.118623
    0.692732     0.467427    -0.107933
    0.685229     0.477206    -0.107933
    0.666613     0.513142    -0.087304
    0.663965     0.515790    -0.087304
    0.652417     0.531698    -0.075904
    0.609788     0.564409    -0.075904
    0.599585     0.569263    -0.080716
    0.594006     0.572675    -0.081006
    0.442386     0.641749    -0.093435
    0.315731     0.683822    -0.112495
    0.164540     0.709330    -0.109762
    0.123858     0.714686    -0.109762
    0.018512     0.723932    -0.118411
   -0.009471     0.711807    -0.147987
   -0.059959     0.707376    -0.143841
   -0.249363     0.682441    -0.143842
   -0.253791     0.682014    -0.143360
   -0.274723     0.688020    -0.116437
   -0.276520     0.691955    -0.103617
   -0.420069     0.685224     0.040827
   -0.382207     0.643499    -0.116437
   -0.417018     0.646805    -0.067879
   -0.429155     0.664362    -0.006012
   -0.440849     0.661759     0.008655
   -0.437436     0.631138    -0.067879
   -0.448167     0.641870    -0.024210
   -0.439871     0.613806    -0.092894
   -0.500829     0.534365    -0.092894
   -0.531257     0.470408    -0.123058
   -0.575079     0.411444    -0.102122
   -0.602894     0.317316    -0.132732
   -0.632704     0.245348    -0.132732
   -0.644119     0.203158    -0.143852
   -0.697242     0.064715    -0.110941
   -0.699977     0.043938    -0.110941
   -0.700095     0.043572    -0.110726
   -0.703036     0.032744    -0.105053
   -0.707249     0.001314    -0.089430
   -0.707109     0.000247    -0.089430
   -0.706261    -0.008559    -0.088474
   -0.675768    -0.258682     0.045647
   -0.675264    -0.259898     0.045647
   -0.567891    -0.495150     0.064632
   -0.534009    -0.521880     0.033843
   -0.364975    -0.692510    -0.027794
   -0.263500    -0.761056    -0.067013
   -0.245944    -0.774528    -0.067013
   -0.217369    -0.788122    -0.080489
   -0.199859    -0.801137    -0.074272
   -0.190724    -0.803836    -0.077243
   -0.144628    -0.822929    -0.077243
   -0.141125    -0.823877    -0.078166
   -0.121053    -0.835183    -0.063945
   -0.111435    -0.836109    -0.064990
   -0.050386    -0.844146    -0.064990
   -0.034568    -0.845535    -0.066288
   -0.028668    -0.842979    -0.072524
    0.006751    -0.848223    -0.042080
   -0.018800    -0.837636    -0.084950
    0.008446    -0.834049    -0.084950
    0.010160    -0.837803    -0.072721
    0.030041    -0.836871    -0.052715
    0.012361    -0.830044    -0.091478
    0.028755    -0.823253    -0.091478
    0.030032    -0.823375    -0.089698
    0.033644    -0.828599    -0.071285
    0.152777    -0.729189    -0.089698
    0.162798    -0.723998    -0.083946
    0.264351    -0.622445    -0.083946
    0.265735    -0.619771    -0.085480
    0.669748    -0.093252    -0.085480
    0.709797    -0.009073    -0.125182
    0.752642     0.048575    -0.104713
    0.756053     0.060118    -0.108467
    0.783723     0.126918    -0.108467
    0.787606     0.141272    -0.112250
    0.755642     0.195672    -0.202709
    0.744488     0.198250    -0.222941
    0.742740     0.200847    -0.225573
    0.739332     0.204699    -0.230468
    0.734727     0.233776    -0.230468
    0.733611     0.246819    -0.228805
    0.734317     0.250056    -0.226674
    0.737774     0.256533    -0.218829
    0.724822     0.308353    -0.203213
    0.722550     0.322550    -0.196593
    0.701286     0.402006    -0.167388
    0.687309     0.459547    -0.126485
    0.683625     0.463231    -0.126485
    0.658455     0.516439    -0.093093
    0.543713     0.586135    -0.099492
    0.435204     0.641423    -0.099492
    0.328370     0.668125    -0.131686
    0.316974     0.676730    -0.124560
    0.150611     0.690959    -0.145768
    0.114740     0.696641    -0.145768
   -0.009471     0.706791    -0.157371
   -0.061253     0.671922    -0.209853
   -0.119278     0.649294    -0.237896
   -0.179061     0.620958    -0.270909
   -0.245767     0.610393    -0.270909
   -0.249633     0.610062    -0.270416
   -0.261478     0.616385    -0.256069
   -0.264251     0.622367    -0.244834
   -0.374958     0.627405    -0.151470
   -0.295073     0.599268    -0.256069
   -0.311317     0.594921    -0.250099
   -0.369263     0.611359    -0.180259
   -0.376421     0.620441    -0.160918
   -0.439118     0.613053    -0.095046
   -0.417373     0.563249    -0.180259
   -0.446618     0.549414    -0.161906
   -0.514315     0.473969    -0.146044
   -0.516069     0.467414    -0.148454
   -0.602046     0.298674    -0.148453
   -0.613486     0.252904    -0.162246
   -0.637967     0.211305    -0.148946
   -0.695103     0.056321    -0.117010
   -0.695581     0.050466    -0.117557
   -0.702014     0.020239    -0.103885
   -0.697201    -0.010148    -0.103885
   -0.684270    -0.024200    -0.116931
   -0.677885    -0.032655    -0.122219
   -0.666919    -0.076525    -0.108999
   -0.432809    -0.535993    -0.108999
   -0.430779    -0.543579    -0.106210
   -0.383619    -0.596137    -0.117261
   -0.373712    -0.618377    -0.105681
   -0.226695    -0.765394    -0.105681
   -0.224303    -0.766459    -0.106926
   -0.220908    -0.771289    -0.103327
   -0.159794    -0.802429    -0.103327
   -0.144203    -0.806325    -0.108025
   -0.140049    -0.804108    -0.113056
   -0.118811    -0.805925    -0.115763
   -0.041210    -0.818216    -0.115763
   -0.018800    -0.820047    -0.117857
   -0.014645    -0.817248    -0.122069
    0.011934    -0.824021    -0.102852
    0.004268    -0.800514    -0.146111
    0.011140    -0.799425    -0.146111
    0.014845    -0.807420    -0.131095
    0.021764    -0.807735    -0.125259
    0.022611    -0.777272    -0.170891
    0.027430    -0.770557    -0.177363
    0.029837    -0.769330    -0.177363
    0.047779    -0.743806    -0.196382
    0.050658    -0.741223    -0.196987
    0.075980    -0.687694    -0.230580
    0.100400    -0.649826    -0.246596
    0.283807    -0.466419    -0.246596
    0.328212    -0.366737    -0.298495
    0.359566    -0.319114    -0.306888
    0.609282    -0.040817    -0.248377
    0.630826    -0.025673    -0.232324
    0.732538     0.173947    -0.232324
    0.736744     0.176966    -0.228270
    0.741508     0.179433    -0.222941
    0.750820     0.175117    -0.205450
    0.760449     0.176805    -0.189069
    0.728646     0.204699    -0.243489
    0.728014     0.213160    -0.242627
    0.725718     0.224701    -0.242627
    0.725003     0.234796    -0.241173
    0.725894     0.287113    -0.214532
    0.724210     0.301473    -0.207992
    0.699846     0.402101    -0.168651
    0.698281     0.403666    -0.168651
    0.685651     0.432209    -0.153710
    0.465669     0.579197    -0.153710
    0.370925     0.600730    -0.184755
    0.331460     0.637026    -0.165962
    0.114964     0.652357    -0.197144
    0.063500     0.662593    -0.197144
   -0.195001     0.606684    -0.285225
   -0.210183     0.599222    -0.291389
   -0.211221     0.599144    -0.291283
   -0.238937     0.593631    -0.291283
   -0.241123     0.593476    -0.290968
   -0.250606     0.600266    -0.281213
   -0.266267     0.596707    -0.276081
   -0.275775     0.590354    -0.276081
   -0.302391     0.583910    -0.265675
   -0.311845     0.586829    -0.257200
   -0.356093     0.567250    -0.234038
   -0.483158     0.377084    -0.234038
   -0.507086     0.366362    -0.218656
   -0.605867     0.258957    -0.167511
   -0.669278     0.053896    -0.148946
   -0.669535     0.050466    -0.149296
   -0.662510     0.042622    -0.156341
   -0.590192    -0.014142    -0.224957
   -0.584668    -0.041917    -0.224957
   -0.476580    -0.127784    -0.299645
   -0.413838    -0.196004    -0.332130
   -0.405748    -0.231598    -0.320467
   -0.264925    -0.442356    -0.320467
   -0.235389    -0.564345    -0.272773
   -0.247942    -0.604995    -0.236329
   -0.228257    -0.649483    -0.213043
   -0.220961    -0.761228    -0.114976
   -0.159099    -0.695692    -0.213043
   -0.141298    -0.735419    -0.187502
   -0.139441    -0.744037    -0.180734
   -0.144980    -0.754474    -0.167760
   -0.008651    -0.770053    -0.180734
    0.004204    -0.771014    -0.182043
    0.004268    -0.771299    -0.181709
    0.011431    -0.761808    -0.190778
    0.028639    -0.758385    -0.190778
    0.040720    -0.743178    -0.201286
    0.041760    -0.738351    -0.205077
    0.059535    -0.698682    -0.230580
    0.114645    -0.617633    -0.263448
    0.189162    -0.505788    -0.298495
    0.362304    -0.307805    -0.311309
    0.541214    -0.040049    -0.311309
    0.603069     0.029072    -0.296930
    0.619039     0.057278    -0.295074
    0.659086     0.113236    -0.281683
    0.704789     0.162929    -0.258021
    0.716674     0.172371    -0.249808
    0.722025     0.199275    -0.249808
    0.727962     0.203934    -0.244175
    0.721391     0.199275    -0.250329
    0.720603     0.210535    -0.249137
    0.715927     0.227985    -0.249137
    0.720782     0.234485    -0.244318
    0.721466     0.234944    -0.243728
    0.563077     0.392190    -0.244318
    0.487415     0.409314    -0.269163
    0.374079     0.525180    -0.239334
    0.183316     0.535746    -0.268960
   -0.041299     0.595931    -0.268960
   -0.221338     0.587276    -0.299371
   -0.221760     0.586546    -0.299822
   -0.237881     0.582227    -0.299822
   -0.241375     0.587434    -0.295333
   -0.236542     0.555469    -0.314316
   -0.295014     0.496997    -0.314316
   -0.304388     0.455582    -0.327916
   -0.380245     0.381380    -0.308387
   -0.382072     0.348391    -0.313510
   -0.480979    -0.020734    -0.313510
   -0.507253    -0.014142    -0.293023
   -0.448781    -0.050800    -0.335026
   -0.394626    -0.082127    -0.368459
   -0.363551    -0.198103    -0.368459
   -0.343830    -0.209748    -0.377332
   -0.287459    -0.264889    -0.391845
   -0.260116    -0.385701    -0.352173
   -0.225588    -0.420229    -0.352173
   -0.194436    -0.546459    -0.303126
   -0.195161    -0.560930    -0.295287
   -0.162410    -0.616391    -0.270333
   -0.036484    -0.650133    -0.270333
   -0.013784    -0.689375    -0.246106
    0.007649    -0.712328    -0.230769
    0.011431    -0.727400    -0.219016
    0.059546    -0.698422    -0.230768
    0.095992    -0.636702    -0.258538
    0.203270    -0.448618    -0.320709
    0.360879    -0.291009    -0.320709
    0.379629    -0.208164    -0.347913
    0.428084    -0.150708    -0.340434
    0.671162     0.158305    -0.281683
    0.689786     0.173094    -0.270972
    0.699160     0.178516    -0.265184
    0.708164     0.224946    -0.253722
    0.632312     0.146052    -0.300694
    0.601146     0.221292    -0.300694
    0.482637     0.269320    -0.330609
    0.472143     0.265081    -0.334325
    0.293748     0.274955    -0.362032
   -0.096462     0.436585    -0.362032
   -0.164495     0.441757    -0.369012
   -0.202426     0.485875    -0.350863
   -0.221760     0.547176    -0.320866
   -0.235154     0.551923    -0.316410
   -0.232475     0.473429    -0.350863
   -0.240590     0.453404    -0.355917
   -0.204908     0.365074    -0.387196
   -0.212671     0.224819    -0.408980
   -0.280358     0.061409    -0.408980
   -0.289639    -0.060693    -0.421506
   -0.314569    -0.082127    -0.411251
   -0.311749    -0.119232    -0.407444
   -0.275470    -0.206815    -0.407444
   -0.272285    -0.264371    -0.398505
   -0.262859    -0.273796    -0.398505
   -0.223873    -0.369997    -0.374221
   -0.115044    -0.415075    -0.374221
   -0.076945    -0.504817    -0.342211
   -0.055349    -0.529936    -0.331878
   -0.036484    -0.589749    -0.302609
    0.202401    -0.423173    -0.331878
    0.236330    -0.339452    -0.353011
    0.359433    -0.216349    -0.353011
    0.526157     0.086062    -0.340434
    0.598024     0.116572    -0.314799
    0.422190     0.086062    -0.371972
    0.292395     0.023896    -0.403533
    0.183523     0.023896    -0.421434
    0.011283     0.196135    -0.421434
   -0.095781     0.210330    -0.430581
   -0.164495     0.353797    -0.395695
   -0.101283     0.188388    -0.433284
   -0.180422     0.109249    -0.433284
   -0.196709    -0.013604    -0.443780
   -0.248231    -0.060693    -0.434067
   -0.243872    -0.093576    -0.431258
   -0.135440    -0.202007    -0.431258
   -0.126948    -0.235872    -0.427086
   -0.115044    -0.248897    -0.424631
   -0.096844    -0.246484    -0.423076
    0.170192     0.020553    -0.423076
   -0.101283     0.020553    -0.449814
   -0.135440    -0.013604    -0.449814
     1      2      3
     1      3      4
     1      4      5
     2      6      7
     2      7      8
     2      8      9
     2      9      3
     3      9     10
     3     10     11
     3     11      4
     4     11     12
     4     12     13
     4     13     14
     4     14      5
    15     16     17
    15     17     18
    15     18     19
    15     19     20
    15     20     21
     5     14     22
     5     22     15
     5     15     21
     5     21     23
     5     23      1
     1     23     24
     1     24     25
     1     25     26
     1     26      6
     1      6      2
    25     27     28
    25     28     29
    25     29     26
    26     29     30
    26     30      7
    26      7      6
     7     30     31
     7     31     32
     7     32      8
     8     32     33
     8     33     34
     8     34     35
     8     35     10
     8     10      9
    10     35     36
    10     36     37
    10     37     12
    10     12     11
    36     38     39
    36     39     40
    36     40     41
    36     41     37
    12     37     41
    12     41     42
    12     42     43
    12     43     13
    14     13     43
    14     43     44
    14     44     22
    22     44     45
    22     45     46
    22     46     16
    22     16     15
    18     47     48
    18     48     49
    18     49     19
    19     49     50
    19     50     51
    19     51     52
    19     52     20
    52     51     53
    52     53     54
    52     54     55
    52     55     56
    52     56     57
    21     20     52
    21     52     57
    21     57     58
    21     58     59
    21     59     60
    21     60     24
    21     24     23
    24     60     61
    24     61     62
    24     62     63
    24     63     27
    24     27     25
    62     64     65
    62     65     66
    62     66     67
    62     67     68
    62     68     63
    63     68     69
    63     69     28
    63     28     27
    67     70     71
    67     71     72
    67     72     69
    67     69     68
    28     69     72
    28     72     73
    28     73     31
    28     31     30
    28     30     29
    31     73     74
    31     74     75
    31     75     33
    31     33     32
    33     75     76
    33     76     77
    33     77     78
    33     78     34
    34     78     79
    34     79     80
    34     80     81
    34     81     82
    34     82     38
    34     38     36
    34     36     35
    81     83     84
    81     84     82
    82     84     85
    82     85     86
    82     86     87
    82     87     88
    82     88     39
    82     39     38
    87     89     90
    87     90     91
    87     91     92
    87     92     93
    87     93     88
    39     88     93
    39     93     94
    39     94     95
    39     95     96
    39     96     40
    41     40     96
    41     96     97
    41     97     98
    41     98     42
    43     42     98
    43     98     99
    43     99    100
    43    100    101
    43    101     45
    43     45     44
    45    101    102
    45    102    103
    45    103     46
    46    103    104
    46    104     17
    46     17     16
    48    105    106
    48    106     50
    48     50     49
    50    106    107
    50    107     53
    50     53     51
    55    108    109
    55    109    110
    55    110     56
    57     56    110
    57    110    111
    57    111     58
    58    111    112
    58    112    113
    58    113    114
    58    114     59
    59    114    115
    59    115    116
    59    116     61
    59     61     60
    61    116    117
    61    117    118
    61    118    119
    61    119     64
    61     64     62
   119    120    121
   119    121    122
   119    122     65
   119     65     64
    65    122    123
    65    123     66
   121    124    125
   121    125    126
   121    126    123
   121    123    122
    66    123    126
    66    126     70
    66     70     67
   126    125    127
   126    127    128
   126    128    129
   126    129     71
   126     71     70
    72     71    129
    72    129    130
    72    130    131
    72    131    132
    72    132    133
    72    133    134
    72    134     74
    72     74     73
    74    134    135
    74    135    136
    74    136     76
    74     76     75
    76    136    137
    76    137    138
    76    138    139
    76    139     77
    77    139    140
    77    140    141
    77    141    142
    77    142    143
    77    143     79
    77     79     78
    79    143    144
    79    144    145
    79    145    146
    79    146     80
    80    146    147
    80    147    148
    80    148     83
    80     83     81
   148    149     85
   148     85     84
   148     84     83
    90    150    151
    90    151     91
    91    151    152
    91    152    153
    91    153     92
    93     92    153
    93    153    154
    93    154    155
    93    155    156
    93    156    157
    93    157     94
    94    157    158
    94    158     95
    98     97    159
    98    159    160
    98    160     99
    99    160    161
    99    161    162
    99    162    163
    99    163    100
   100    163    164
   100    164    165
   100    165    166
   100    166    102
   100    102    101
   102    166    167
   102    167    104
   102    104    103
    17    104    167
    17    167    168
    17    168     47
    17     47     18
   169    170    171
   169    171    172
   169    172    173
   169    173    107
   169    107    106
   169    106    105
    53    107    173
    53    173     54
   174    175    176
   174    176    109
   174    109    108
   110    109    176
   110    176    177
   110    177    112
   110    112    111
   176    175    178
   176    178    179
   176    179    180
   176    180    177
   112    177    180
   112    180    181
   112    181    113
   113    181    182
   113    182    183
   113    183    115
   113    115    114
   115    183    184
   115    184    185
   115    185    117
   115    117    116
   117    185    186
   117    186    187
   117    187    188
   117    188    189
   117    189    118
   118    189    190
   118    190    191
   118    191    120
   118    120    119
   191    192    124
   191    124    121
   191    121    120
   190    193    194
   190    194    195
   190    195    192
   190    192    191
   195    127    125
   195    125    124
   195    124    192
   194    196    197
   194    197    128
   194    128    127
   194    127    195
   129    128    197
   129    197    198
   129    198    199
   129    199    200
   129    200    130
   130    200    201
   130    201    131
   133    202    203
   133    203    135
   133    135    134
   135    203    204
   135    204    205
   135    205    137
   135    137    136
   137    205    206
   137    206    207
   137    207    208
   137    208    138
   138    208    209
   138    209    210
   138    210    211
   138    211    140
   138    140    139
   140    211    212
   140    212    141
   142    213    214
   142    214    144
   142    144    143
   145    215    147
   145    147    146
    85    149    216
    85    216    217
    85    217     86
    86    217    218
    86    218     89
    86     89     87
   153    152    219
   153    219    154
   154    219    220
   154    220    221
   154    221    222
   154    222    155
   155    222    223
   155    223    224
   155    224    225
   155    225    156
   158    157    156
   158    156    225
   158    225    226
   158    226    227
    96     95    158
    96    158    227
    96    227    228
    96    228    229
    96    229    159
    96    159     97
   159    229    230
   159    230    231
   159    231    232
   159    232    233
   159    233    161
   159    161    160
   161    233    234
   161    234    235
   161    235    236
   161    236    162
   162    236    237
   162    237    238
   162    238    164
   162    164    163
   164    238    239
   164    239    240
   164    240    165
   167    166    165
   167    165    240
   167    240    241
   167    241    242
   167    242    168
   168    242    169
   168    169    105
   168    105     48
   168     48     47
   172    171    243
   172    243    244
   172    244    245
   172    245    246
   172    246    247
   172    247    248
    54    173    172
    54    172    248
    54    248    249
    54    249    250
    54    250    251
    54    251    174
    54    174    108
    54    108     55
   250    252    253
   250    253    254
   250    254    251
   251    254    255
   251    255    178
   251    178    175
   251    175    174
   253    256    257
   253    257    258
   253    258    255
   253    255    254
   255    258    259
   255    259    179
   255    179    178
   259    258    257
   259    257    260
   180    179    259
   180    259    260
   180    260    261
   180    261    262
   180    262    182
   180    182    181
   182    262    263
   182    263    264
   182    264    184
   182    184    183
   184    264    265
   184    265    266
   184    266    186
   184    186    185
   186    266    267
   186    267    268
   186    268    269
   186    269    270
   186    270    271
   186    271    272
   186    272    187
   187    272    273
   187    273    274
   187    274    275
   187    275    276
   187    276    188
   188    276    277
   188    277    193
   188    193    190
   188    190    189
   275    278    279
   275    279    280
   275    280    281
   275    281    277
   275    277    276
   277    281    282
   277    282    196
   277    196    194
   277    194    193
   280    283    284
   280    284    285
   280    285    282
   280    282    281
   197    196    282
   197    282    285
   197    285    286
   197    286    198
   198    286    287
   198    287    288
   198    288    199
   199    288    289
   199    289    290
   199    290    201
   199    201    200
   131    201    290
   131    290    291
   131    291    132
   292    293    294
   292    294    204
   292    204    203
   292    203    202
   204    294    295
   204    295    296
   204    296    206
   204    206    205
   206    296    297
   206    297    298
   206    298    299
   206    299    207
   207    299    300
   207    300    301
   207    301    302
   207    302    209
   207    209    208
   209    302    303
   209    303    304
   209    304    210
   210    304    305
   210    305    212
   210    212    211
   141    212    305
   141    305    306
   141    306    213
   141    213    142
   144    214    307
   144    307    308
   144    308    215
   144    215    145
   147    215    308
   147    308    309
   147    309    216
   147    216    149
   147    149    148
   218    310    150
   218    150     90
   218     90     89
   311    220    219
   311    219    152
   311    152    151
   311    151    150
   311    150    310
   221    312    223
   221    223    222
   223    312    313
   223    313    314
   223    314    315
   223    315    224
   316    315    314
   316    314    317
   316    317    318
   316    318    319
   316    319    320
   225    224    315
   225    315    316
   225    316    226
   227    226    316
   227    316    320
   227    320    321
   227    321    322
   227    322    323
   227    323    324
   227    324    228
   228    324    325
   228    325    326
   228    326    327
   228    327    230
   228    230    229
   230    327    328
   230    328    329
   230    329    330
   230    330    231
   232    331    332
   232    332    333
   232    333    234
   232    234    233
   235    334    335
   235    335    237
   235    237    236
   237    335    336
   237    336    239
   237    239    238
   240    239    336
   240    336    337
   240    337    338
   240    338    339
   240    339    241
   241    339    340
   241    340    341
   241    341    170
   241    170    169
   241    169    242
   341    342    343
   341    343    344
   341    344    243
   341    243    171
   341    171    170
   245    345    346
   245    346    347
   245    347    348
   245    348    349
   245    349    350
   245    350    246
   246    350    351
   246    351    352
   246    352    353
   246    353    247
   248    247    353
   248    353    354
   248    354    355
   248    355    356
   248    356    249
   249    356    357
   249    357    358
   249    358    359
   249    359    252
   249    252    250
   358    360    361
   358    361    362
   358    362    363
   358    363    359
   359    363    364
   359    364    256
   359    256    253
   359    253    252
   362    365    366
   362    366    364
   362    364    363
   260    257    256
   260    256    364
   260    364    366
   260    366    367
   260    367    261
   366    365    368
   366    368    369
   366    369    370
   366    370    367
   261    367    370
   261    370    371
   261    371    372
   261    372    263
   261    263    262
   263    372    373
   263    373    374
   263    374    375
   263    375    265
   263    265    264
   265    375    376
   265    376    377
   265    377    378
   265    378    267
   265    267    266
   267    378    379
   267    379    380
   267    380    381
   267    381    382
   267    382    268
   270    383    384
   270    384    385
   270    385    271
   271    385    386
   271    386    387
   271    387    273
   271    273    272
   273    387    388
   273    388    389
   273    389    390
   273    390    274
   274    390    391
   274    391    278
   274    278    275
   391    392    393
   391    393    394
   391    394    279
   391    279    278
   279    394    395
   279    395    283
   279    283    280
   395    396    397
   395    397    284
   395    284    283
   285    284    397
   285    397    398
   285    398    287
   285    287    286
   287    398    399
   287    399    400
   287    400    289
   287    289    288
   290    289    400
   290    400    401
   290    401    402
   290    402    291
   132    291    402
   132    402    292
   132    292    202
   132    202    133
   403    404    295
   403    295    294
   403    294    293
   295    404    405
   295    405    406
   295    406    297
   295    297    296
   297    406    407
   297    407    408
   297    408    409
   297    409    410
   297    410    411
   297    411    298
   298    411    412
   298    412    413
   298    413    414
   298    414    415
   298    415    416
   298    416    300
   298    300    299
   300    416    417
   300    417    418
   300    418    301
   301    418    419
   301    419    420
   301    420    303
   301    303    302
   420    419    421
   420    421    422
   420    422    423
   305    304    303
   305    303    420
   305    420    423
   305    423    306
   424    425    426
   424    426    427
   307    427    426
   307    426    428
   307    428    309
   307    309    308
   309    428    429
   309    429    430
   309    430    431
   309    431    311
   309    311    310
   309    310    218
   309    218    217
   309    217    216
   431    432    313
   431    313    312
   431    312    221
   431    221    220
   431    220    311
   314    313    432
   314    432    433
   314    433    434
   314    434    435
   314    435    317
   317    435    318
   318    435    434
   318    434    436
   318    436    437
   318    437    438
   318    438    319
   438    437    439
   438    439    440
   438    440    441
   438    441    442
   320    319    438
   320    438    442
   320    442    321
   321    442    441
   321    441    443
   321    443    444
   321    444    445
   321    445    322
   322    445    446
   322    446    447
   322    447    448
   322    448    449
   322    449    323
   323    449    450
   323    450    451
   323    451    325
   323    325    324
   326    452    328
   326    328    327
   231    330    453
   231    453    331
   231    331    232
   234    333    454
   234    454    334
   234    334    235
   336    335    334
   336    334    454
   336    454    455
   336    455    337
   338    456    457
   338    457    340
   338    340    339
   340    457    458
   340    458    459
   340    459    342
   340    342    341
   243    344    460
   243    460    461
   243    461    244
   244    461    462
   244    462    463
   244    463    464
   244    464    345
   244    345    245
   348    465    466
   348    466    349
   349    466    467
   349    467    468
   349    468    351
   349    351    350
   353    352    469
   353    469    470
   353    470    354
   354    470    471
   354    471    472
   354    472    355
   355    472    473
   355    473    474
   355    474    357
   355    357    356
   357    474    475
   357    475    476
   357    476    360
   357    360    358
   476    477    478
   476    478    479
   476    479    361
   476    361    360
   361    479    368
   361    368    365
   361    365    362
   478    480    481
   478    481    369
   478    369    368
   478    368    479
   370    369    481
   370    481    482
   370    482    483
   370    483    371
   371    483    484
   371    484    485
   371    485    373
   371    373    372
   373    485    486
   373    486    487
   373    487    488
   373    488    489
   373    489    374
   374    489    490
   374    490    376
   374    376    375
   377    491    492
   377    492    493
   377    493    494
   377    494    379
   377    379    378
   379    494    495
   379    495    380
   268    382    496
   268    496    497
   268    497    498
   268    498    269
   269    498    499
   269    499    383
   269    383    270
   384    500    501
   384    501    502
   384    502    386
   384    386    385
   386    502    503
   386    503    388
   386    388    387
   388    503    504
   388    504    505
   388    505    506
   388    506    389
   389    506    392
   389    392    391
   389    391    390
   505    507    508
   505    508    509
   505    509    393
   505    393    392
   505    392    506
   393    509    510
   393    510    396
   393    396    395
   393    395    394
   508    511    512
   508    512    510
   508    510    509
   397    396    510
   397    510    512
   397    512    513
   397    513    399
   397    399    398
   400    399    513
   400    513    514
   400    514    515
   400    515    401
   402    401    515
   402    515    516
   402    516    403
   402    403    293
   402    293    292
   516    517    518
   516    518    519
   516    519    405
   516    405    404
   516    404    403
   519    520    407
   519    407    406
   519    406    405
   407    520    521
   407    521    522
   407    522    523
   407    523    524
   407    524    525
   407    525    526
   407    526    527
   407    527    408
   408    527    528
   408    528    529
   408    529    530
   408    530    409
   409    530    531
   409    531    410
   414    532    415
   415    532    533
   415    533    534
   415    534    535
   415    535    417
   415    417    416
   417    535    536
   417    536    537
   417    537    421
   417    421    419
   417    419    418
   422    421    537
   422    537    538
   422    538    539
   539    538    540
   539    540    541
   539    541    542
   539    542    543
   543    542    544
   543    544    545
   543    545    546
   543    546    425
   543    425    424
   426    425    546
   426    546    547
   426    547    548
   426    548    549
   426    549    429
   426    429    428
   429    549    550
   429    550    551
   429    551    552
   429    552    553
   429    553    430
   430    553    554
   430    554    555
   430    555    556
   430    556    557
   430    557    558
   430    558    433
   430    433    432
   430    432    431
   558    559    436
   558    436    434
   558    434    433
   557    560    561
   557    561    562
   557    562    563
   557    563    559
   557    559    558
   436    559    563
   436    563    439
   436    439    437
   439    563    562
   439    562    564
   439    564    565
   439    565    440
   565    564    566
   565    566    567
   441    440    565
   441    565    567
   441    567    568
   441    568    443
   443    568    569
   443    569    570
   443    570    571
   443    571    444
   444    571    572
   444    572    573
   444    573    446
   444    446    445
   447    574    575
   447    575    576
   447    576    448
   448    576    450
   448    450    449
   325    451    577
   325    577    578
   325    578    452
   325    452    326
   329    579    453
   329    453    330
   332    580    455
   332    455    454
   332    454    333
   337    455    580
   337    580    581
   337    581    582
   337    582    456
   337    456    338
   582    458    457
   582    457    456
   343    583    584
   343    584    460
   343    460    344
   460    584    585
   460    585    462
   460    462    461
   464    586    587
   464    587    346
   464    346    345
   346    587    588
   346    588    589
   346    589    347
   590    591    592
   590    592    467
   590    467    466
   590    466    465
   467    592    593
   467    593    594
   467    594    595
   467    595    468
   351    468    595
   351    595    596
   351    596    469
   351    469    352
   469    596    597
   469    597    598
   469    598    471
   469    471    470
   471    598    599
   471    599    600
   471    600    473
   471    473    472
   473    600    601
   473    601    602
   473    602    603
   473    603    475
   473    475    474
   475    603    604
   475    604    477
   475    477    476
   604    605    606
   604    606    480
   604    480    478
   604    478    477
   481    480    606
   481    606    607
   481    607    482
   482    607    608
   482    608    609
   482    609    484
   482    484    483
   484    609    610
   484    610    486
   484    486    485
   488    611    612
   488    612    613
   488    613    490
   488    490    489
   376    490    613
   376    613    614
   376    614    615
   376    615    491
   376    491    377
   492    616    617
   492    617    493
   493    617    618
   493    618    495
   493    495    494
   381    619    620
   381    620    496
   381    496    382
   496    620    621
   496    621    497
   499    622    500
   499    500    384
   499    384    383
   623    624    625
   623    625    501
   623    501    500
   623    500    622
   501    625    626
   501    626    504
   501    504    503
   501    503    502
   627    628    626
   627    626    625
   627    625    624
   504    626    628
   504    628    629
   504    629    507
   504    507    505
   630    631    632
   630    632    629
   630    629    628
   630    628    627
   629    632    511
   629    511    508
   629    508    507
   513    512    511
   513    511    632
   513    632    631
   513    631    633
   513    633    634
   513    634    635
   513    635    514
   515    514    635
   515    635    636
   515    636    517
   515    517    516
   636    637    638
   636    638    639
   636    639    518
   636    518    517
   518    639    640
   518    640    641
   518    641    642
   518    642    643
   518    643    644
   518    644    521
   518    521    520
   518    520    519
   644    645    646
   644    646    647
   644    647    522
   644    522    521
   522    647    648
   522    648    523
   526    649    528
   526    528    527
   528    649    529
   412    650    651
   412    651    413
   413    651    533
   413    533    532
   413    532    414
   534    652    653
   534    653    654
   534    654    536
   534    536    535
   537    536    654
   537    654    540
   537    540    538
   541    655    544
   541    544    542
   545    656    657
   545    657    547
   545    547    546
   548    658    550
   548    550    549
   552    659    660
   552    660    554
   552    554    553
   554    660    661
   554    661    662
   554    662    663
   554    663    555
   555    663    664
   555    664    665
   555    665    556
   556    665    666
   556    666    560
   556    560    557
   666    667    668
   666    668    561
   666    561    560
   561    668    669
   561    669    566
   561    566    564
   561    564    562
   567    566    669
   567    669    670
   567    670    569
   567    569    568
   569    670    671
   569    671    672
   569    672    570
   570    672    673
   570    673    674
   570    674    572
   570    572    571
   572    674    675
   572    675    676
   572    676    573
   446    573    676
   446    676    677
   446    677    574
   446    574    447
   677    678    679
   677    679    680
   677    680    575
   677    575    574
   450    576    575
   450    575    680
   450    680    577
   450    577    451
   328    452    578
   328    578    681
   328    681    682
   328    682    579
   328    579    329
   453    579    682
   453    682    683
   453    683    581
   453    581    580
   453    580    332
   453    332    331
   581    683    684
   581    684    685
   581    685    459
   581    459    458
   581    458    582
   459    685    583
   459    583    343
   459    343    342
   462    585    686
   462    686    687
   462    687    463
   463    687    688
   463    688    586
   463    586    464
   588    689    690
   588    690    691
   588    691    589
   347    589    691
   347    691    590
   347    590    465
   347    465    348
   692    693    694
   692    694    695
   692    695    593
   692    593    592
   692    592    591
   593    695    696
   593    696    697
   593    697    594
   595    594    697
   595    697    698
   595    698    699
   595    699    700
   595    700    597
   595    597    596
   597    700    701
   597    701    702
   597    702    703
   597    703    704
   597    704    599
   597    599    598
   599    704    705
   599    705    601
   599    601    600
   601    705    706
   601    706    707
   601    707    602
   602    707    708
   602    708    709
   602    709    605
   602    605    604
   602    604    603
   709    710    608
   709    608    607
   709    607    606
   709    606    605
   608    710    711
   608    711    712
   608    712    610
   608    610    609
   487    713    611
   487    611    488
   613    612    714
   613    714    614
   615    715    716
   615    716    616
   615    616    492
   615    492    491
   618    617    616
   618    616    716
   618    716    717
   380    495    618
   380    618    717
   380    717    718
   380    718    719
   380    719    619
   380    619    381
   719    720    721
   719    721    722
   719    722    723
   719    723    621
   719    621    620
   719    620    619
   497    621    723
   497    723    724
   497    724    623
   497    623    622
   497    622    499
   497    499    498
   723    722    725
   723    725    726
   723    726    727
   723    727    724
   724    727    728
   724    728    630
   724    630    627
   724    627    624
   724    624    623
   726    729    730
   726    730    728
   726    728    727
   728    730    633
   728    633    631
   728    631    630
   633    730    729
   633    729    731
   633    731    732
   633    732    634
   635    634    732
   635    732    733
   635    733    734
   635    734    637
   635    637    636
   734    735    736
   734    736    638
   734    638    637
   638    736    737
   638    737    640
   638    640    639
   643    738    739
   643    739    740
   643    740    645
   643    645    644
   740    741    646
   740    646    645
   523    648    742
   523    742    524
   524    742    743
   524    743    744
   524    744    525
   410    531    745
   410    745    650
   410    650    412
   410    412    411
   745    746    652
   745    652    534
   745    534    533
   745    533    651
   745    651    650
   540    654    653
   540    653    747
   540    747    655
   540    655    541
   544    655    747
   544    747    748
   544    748    656
   544    656    545
   547    657    749
   547    749    658
   547    658    548
   551    750    751
   551    751    659
   551    659    552
   751    752    753
   751    753    661
   751    661    660
   751    660    659
   661    753    754
   661    754    755
   661    755    662
   662    755    756
   662    756    757
   662    757    664
   662    664    663
   664    757    758
   664    758    759
   664    759    667
   664    667    666
   664    666    665
   669    668    667
   669    667    759
   669    759    760
   669    760    671
   669    671    670
   671    760    761
   671    761    762
   671    762    673
   671    673    672
   761    763    764
   761    764    765
   761    765    762
   673    762    765
   673    765    766
   673    766    675
   673    675    674
   766    765    764
   766    764    767
   766    767    768
   766    768    769
   766    769    770
   676    675    766
   676    766    770
   676    770    678
   676    678    677
   679    678    770
   679    770    769
   679    769    771
   679    771    772
   577    680    679
   577    679    772
   577    772    773
   577    773    681
   577    681    578
   681    773    774
   681    774    775
   681    775    684
   681    684    683
   681    683    682
   684    775    776
   684    776    777
   684    777    686
   684    686    585
   684    585    584
   684    584    583
   684    583    685
   686    777    778
   686    778    779
   686    779    688
   686    688    687
   688    779    780
   688    780    689
   688    689    588
   688    588    587
   688    587    586
   780    693    692
   780    692    690
   780    690    689
   691    690    692
   691    692    591
   691    591    590
   697    696    781
   697    781    782
   697    782    783
   697    783    698
   698    783    784
   698    784    785
   698    785    786
   698    786    787
   698    787    788
   698    788    699
   699    788    789
   699    789    790
   699    790    701
   699    701    700
   701    790    791
   701    791    702
   703    792    706
   703    706    705
   703    705    704
   706    792    793
   706    793    794
   706    794    708
   706    708    707
   708    794    711
   708    711    710
   708    710    709
   486    610    712
   486    712    795
   486    795    796
   486    796    713
   486    713    487
   796    797    798
   796    798    714
   796    714    612
   796    612    611
   796    611    713
   614    714    798
   614    798    799
   614    799    800
   614    800    715
   614    715    615
   717    716    715
   717    715    800
   717    800    801
   717    801    718
   718    801    802
   718    802    803
   718    803    720
   718    720    719
   803    804    805
   803    805    806
   803    806    807
   803    807    808
   803    808    721
   803    721    720
   721    808    809
   721    809    725
   721    725    722
   807    810    811
   807    811    812
   807    812    813
   807    813    809
   807    809    808
   725    809    813
   725    813    814
   725    814    731
   725    731    729
   725    729    726
   813    812    815
   813    815    816
   813    816    814
   732    731    814
   732    814    816
   732    816    817
   732    817    733
   733    817    818
   733    818    819
   733    819    735
   733    735    734
   819    820    821
   819    821    737
   819    737    736
   819    736    735
   642    822    738
   642    738    643
   823    739    738
   823    738    822
   646    741    824
   646    824    743
   646    743    742
   646    742    648
   646    648    647
   743    824    825
   743    825    744
   525    744    825
   525    825    826
   525    826    827
   525    827    828
   525    828    746
   525    746    745
   525    745    531
   525    531    530
   525    530    529
   525    529    649
   525    649    526
   653    652    746
   653    746    828
   653    828    829
   653    829    830
   653    830    748
   653    748    747
   748    830    831
   748    831    832
   748    832    749
   748    749    657
   748    657    656
   550    658    749
   550    749    832
   550    832    833
   550    833    750
   550    750    551
   833    834    835
   833    835    752
   833    752    751
   833    751    750
   835    836    754
   835    754    753
   835    753    752
   754    836    837
   754    837    756
   754    756    755
   756    837    838
   756    838    839
   756    839    840
   756    840    758
   756    758    757
   758    840    841
   758    841    763
   758    763    761
   758    761    760
   758    760    759
   764    763    841
   764    841    842
   764    842    843
   764    843    767
   842    844    845
   842    845    846
   842    846    843
   767    843    846
   767    846    847
   767    847    768
   847    846    845
   847    845    848
   847    848    849
   847    849    850
   769    768    847
   769    847    850
   769    850    851
   769    851    852
   769    852    771
   772    771    852
   772    852    853
   772    853    854
   772    854    855
   772    855    774
   772    774    773
   774    855    856
   774    856    857
   774    857    858
   774    858    859
   774    859    776
   774    776    775
   776    859    860
   776    860    861
   776    861    862
   776    862    863
   776    863    778
   776    778    777
   778    863    864
   778    864    694
   778    694    693
   778    693    780
   778    780    779
   862    782    781
   862    781    864
   862    864    863
   864    781    696
   864    696    695
   864    695    694
   784    865    866
   784    866    785
   785    866    867
   785    867    868
   785    868    786
   787    869    870
   787    870    789
   787    789    788
   789    870    871
   789    871    791
   789    791    790
   702    791    871
   702    871    872
   702    872    873
   702    873    793
   702    793    792
   702    792    703
   712    711    794
   712    794    793
   712    793    873
   712    873    874
   712    874    795
   795    874    875
   795    875    876
   795    876    797
   795    797    796
   798    797    876
   798    876    877
   798    877    878
   798    878    799
   799    878    802
   799    802    801
   799    801    800
   879    880    881
   879    881    805
   879    805    804
   805    881    882
   805    882    883
   805    883    884
   805    884    806
   806    884    885
   806    885    810
   806    810    807
   885    886    887
   885    887    888
   885    888    811
   885    811    810
   811    888    889
   811    889    815
   811    815    812
   816    815    889
   816    889    890
   816    890    891
   816    891    818
   816    818    817
   818    891    892
   818    892    820
   818    820    819
   640    737    821
   640    821    893
   640    893    641
   641    893    894
   641    894    823
   641    823    822
   641    822    642
   894    895    826
   894    826    825
   894    825    824
   894    824    741
   894    741    740
   894    740    739
   894    739    823
   826    895    896
   826    896    897
   826    897    827
   827    897    898
   827    898    899
   827    899    900
   827    900    829
   827    829    828
   829    900    901
   829    901    902
   829    902    903
   829    903    831
   829    831    830
   832    831    903
   832    903    904
   832    904    905
   832    905    834
   832    834    833
   904    906    907
   904    907    908
   904    908    909
   904    909    905
   905    909    838
   905    838    837
   905    837    836
   905    836    835
   905    835    834
   908    910    839
   908    839    838
   908    838    909
   839    910    911
   839    911    912
   839    912    844
   839    844    842
   839    842    841
   839    841    840
   845    844    912
   845    912    848
   848    912    911
   848    911    913
   848    913    914
   848    914    849
   850    849    914
   850    914    915
   850    915    851
   852    851    915
   852    915    916
   852    916    917
   852    917    853
   854    918    919
   854    919    856
   854    856    855
   857    920    921
   857    921    922
   857    922    858
   858    922    923
   858    923    924
   858    924    925
   858    925    926
   858    926    860
   858    860    859
   860    926    927
   860    927    928
   860    928    861
   861    928    865
   861    865    784
   861    784    783
   861    783    782
   861    782    862
   927    929    930
   927    930    867
   927    867    866
   927    866    865
   927    865    928
   867    930    931
   867    931    932
   867    932    933
   867    933    868
   786    868    933
   786    933    869
   786    869    787
   871    870    869
   871    869    933
   871    933    932
   871    932    934
   871    934    872
   872    934    935
   872    935    936
   872    936    875
   872    875    874
   872    874    873
   875    936    937
   875    937    938
   875    938    877
   875    877    876
   802    878    877
   802    877    938
   802    938    879
   802    879    804
   802    804    803
   939    882    881
   939    881    880
   940    941    942
   940    942    883
   940    883    882
   940    882    939
   883    942    886
   883    886    885
   883    885    884
   943    944    887
   943    887    886
   943    886    942
   943    942    941
   889    888    887
   889    887    944
   889    944    945
   889    945    946
   889    946    890
   890    946    947
   890    947    948
   890    948    949
   890    949    892
   890    892    891
   821    820    892
   821    892    949
   821    949    896
   821    896    895
   821    895    894
   821    894    893
   949    948    950
   949    950    898
   949    898    897
   949    897    896
   898    950    951
   898    951    952
   898    952    899
   899    952    953
   899    953    954
   899    954    955
   899    955    901
   899    901    900
   901    955    956
   901    956    957
   901    957    958
   901    958    902
   903    902    958
   903    958    959
   903    959    906
   903    906    904
   959    960    961
   959    961    907
   959    907    906
   907    961    962
   907    962    963
   907    963    913
   907    913    911
   907    911    910
   907    910    908
   915    914    913
   915    913    963
   915    963    916
   916    963    962
   916    962    964
   916    964    917
   853    917    964
   853    964    965
   853    965    918
   853    918    854
   856    919    966
   856    966    967
   856    967    920
   856    920    857
   967    968    969
   967    969    921
   967    921    920
   924    970    971
   924    971    972
   924    972    925
   925    972    929
   925    929    927
   925    927    926
   971    973    931
   971    931    930
   971    930    929
   971    929    972
   974    975    973
   974    973    971
   974    971    970
   932    931    973
   932    973    975
   932    975    976
   932    976    935
   932    935    934
   935    976    977
   935    977    978
   935    978    979
   935    979    937
   935    937    936
   938    937    979
   938    979    980
   938    980    981
   938    981    982
   938    982    940
   938    940    939
   938    939    880
   938    880    879
   982    983    943
   982    943    941
   982    941    940
   981    984    983
   981    983    982
   985    945    944
   985    944    943
   985    943    983
   985    983    984
   986    987    988
   986    988    947
   986    947    946
   986    946    945
   986    945    985
   947    988    989
   947    989    990
   947    990    951
   947    951    950
   947    950    948
   951    990    991
   951    991    953
   951    953    952
   953    991    992
   953    992    993
   953    993    954
   954    993    994
   954    994    995
   954    995    956
   954    956    955
   956    995    996
   956    996    997
   956    997    957
   958    957    997
   958    997    998
   958    998    999
   958    999    960
   958    960    959
   964    962    961
   964    961    960
   964    960    999
   964    999    965
   965    999    998
   965    998   1000
   965   1000    966
   965    966    919
   965    919    918
   966   1000   1001
   966   1001   1002
   966   1002    968
   966    968    967
   921    969   1003
   921   1003   1004
   921   1004    923
   921    923    922
   923   1004    974
   923    974    970
   923    970    924
  1003   1005    977
  1003    977    976
  1003    976    975
  1003    975    974
  1003    974   1004
   977   1005   1006
   977   1006   1007
   977   1007   1008
   977   1008    978
   979    978   1008
   979   1008   1009
   979   1009   1010
   979   1010    980
   980   1010    986
   980    986    985
   980    985    984
   980    984    981
  1009   1011   1012
  1009   1012    987
  1009    987    986
  1009    986   1010
  1012   1013   1014
  1012   1014    989
  1012    989    988
  1012    988    987
   989   1014   1015
   989   1015    992
   989    992    991
   989    991    990
   992   1015   1016
   992   1016   1017
   992   1017    994
   992    994    993
   996    995    994
   996    994   1017
   996   1017   1018
   998    997    996
   998    996   1018
   998   1018   1019
   998   1019   1001
   998   1001   1000
  1001   1019   1020
  1001   1020   1007
  1001   1007   1006
  1001   1006   1002
  1002   1006   1005
  1002   1005   1003
  1002   1003    969
  1002    969    968
  1008   1007   1020
  1008   1020   1021
  1008   1021   1011
  1008   1011   1009
  1021   1022   1013
  1021   1013   1012
  1021   1012   1011
  1016   1015   1014
  1016   1014   1013
  1016   1013   1022
  1018   1017   1016
  1018   1016   1022
  1018   1022   1021
  1018   1021   1020
  1018   1020   1019
   306    423    422
   306    422    539
   306    539    543
   306    543    424
   306    424    427
   306    427    307
   306    307    214
   306    214    213
