0 -90 5.250000000000
5 -90 5.250000000000
10 -90 5.250000000000
15 -90 5.250000000000
20 -90 5.250000000000
25 -90 5.250000000000
30 -90 5.250000000000
35 -90 5.250000000000
40 -90 5.250000000000
45 -90 5.250000000000
50 -90 5.250000000000
55 -90 5.250000000000
60 -90 5.250000000000
65 -90 5.250000000000
70 -90 5.250000000000
75 -90 5.250000000000
80 -90 5.250000000000
85 -90 5.250000000000
90 -90 5.250000000000
95 -90 5.250000000000
100 -90 5.250000000000
105 -90 5.250000000000
110 -90 5.250000000000
115 -90 5.250000000000
120 -90 5.250000000000
125 -90 5.250000000000
130 -90 5.250000000000
135 -90 5.250000000000
140 -90 5.250000000000
145 -90 5.250000000000
150 -90 5.250000000000
155 -90 5.250000000000
160 -90 5.250000000000
165 -90 5.250000000000
170 -90 5.250000000000
175 -90 5.250000000000
180 -90 5.250000000000
185 -90 5.250000000000
190 -90 5.250000000000
195 -90 5.250000000000
200 -90 5.250000000000
205 -90 5.250000000000
210 -90 5.250000000000
215 -90 5.250000000000
220 -90 5.250000000000
225 -90 5.250000000000
230 -90 5.250000000000
235 -90 5.250000000000
240 -90 5.250000000000
245 -90 5.250000000000
250 -90 5.250000000000
255 -90 5.250000000000
260 -90 5.250000000000
265 -90 5.250000000000
270 -90 5.250000000000
275 -90 5.250000000000
280 -90 5.250000000000
285 -90 5.250000000000
290 -90 5.250000000000
295 -90 5.250000000000
300 -90 5.250000000000
305 -90 5.250000000000
310 -90 5.250000000000
315 -90 5.250000000000
320 -90 5.250000000000
325 -90 5.250000000000
330 -90 5.250000000000
335 -90 5.250000000000
340 -90 5.250000000000
345 -90 5.250000000000
350 -90 5.250000000000
355 -90 5.250000000000
360 -90 5.250000000000
0 -85 5.250000000000
5 -85 5.250000000000
10 -85 5.250000000000
15 -85 5.250000000000
20 -85 5.250000000000
25 -85 5.250000000000
30 -85 5.250000000000
35 -85 5.250000000000
40 -85 5.250000000000
45 -85 5.250000000000
50 -85 5.250000000000
55 -85 5.250000000000
60 -85 5.250000000000
65 -85 5.250000000000
70 -85 5.250000000000
75 -85 5.250000000000
80 -85 5.250000000000
85 -85 5.250000000000
90 -85 5.250000000000
95 -85 5.250000000000
100 -85 5.250000000000
105 -85 5.250000000000
110 -85 5.250000000000
115 -85 5.250000000000
120 -85 5.250000000000
125 -85 5.250000000000
130 -85 5.250000000000
135 -85 5.250000000000
140 -85 5.250000000000
145 -85 5.250000000000
150 -85 5.250000000000
155 -85 5.250000000000
160 -85 5.250000000000
165 -85 5.250000000000
170 -85 5.250000000000
175 -85 5.250000000000
180 -85 5.250000000000
185 -85 5.250000000000
190 -85 5.250000000000
195 -85 5.250000000000
200 -85 5.250000000000
205 -85 5.250000000000
210 -85 5.250000000000
215 -85 5.250000000000
220 -85 5.250000000000
225 -85 5.250000000000
230 -85 5.250000000000
235 -85 5.250000000000
240 -85 5.250000000000
245 -85 5.250000000000
250 -85 5.250000000000
255 -85 5.250000000000
260 -85 5.250000000000
265 -85 5.250000000000
270 -85 5.250000000000
275 -85 5.250000000000
280 -85 5.250000000000
285 -85 5.250000000000
290 -85 5.250000000000
295 -85 5.250000000000
300 -85 5.250000000000
305 -85 5.250000000000
310 -85 5.250000000000
315 -85 5.250000000000
320 -85 5.250000000000
325 -85 5.250000000000
330 -85 5.250000000000
335 -85 5.250000000000
340 -85 5.250000000000
345 -85 5.250000000000
350 -85 5.250000000000
355 -85 5.250000000000
360 -85 5.250000000000
0 -80 5.250000000000
5 -80 5.250000000000
10 -80 5.250000000000
15 -80 5.250000000000
20 -80 5.250000000000
25 -80 5.250000000000
30 -80 5.250000000000
35 -80 5.250000000000
40 -80 5.250000000000
45 -80 5.250000000000
50 -80 5.250000000000
55 -80 5.250000000000
60 -80 5.250000000000
65 -80 5.250000000000
70 -80 5.250000000000
75 -80 5.250000000000
80 -80 5.250000000000
85 -80 5.250000000000
90 -80 5.250000000000
95 -80 5.250000000000
100 -80 5.250000000000
105 -80 5.250000000000
110 -80 5.250000000000
115 -80 5.250000000000
120 -80 5.250000000000
125 -80 5.250000000000
130 -80 5.250000000000
135 -80 5.250000000000
140 -80 5.250000000000
145 -80 5.250000000000
150 -80 5.250000000000
155 -80 5.250000000000
160 -80 5.250000000000
165 -80 5.250000000000
170 -80 5.250000000000
175 -80 5.250000000000
180 -80 5.250000000000
185 -80 5.250000000000
190 -80 5.250000000000
195 -80 5.250000000000
200 -80 5.250000000000
205 -80 5.250000000000
210 -80 5.250000000000
215 -80 5.250000000000
220 -80 5.250000000000
225 -80 5.250000000000
230 -80 5.250000000000
235 -80 5.250000000000
240 -80 5.250000000000
245 -80 5.250000000000
250 -80 5.250000000000
255 -80 5.250000000000
260 -80 5.250000000000
265 -80 5.250000000000
270 -80 5.250000000000
275 -80 5.250000000000
280 -80 5.250000000000
285 -80 5.250000000000
290 -80 5.250000000000
295 -80 5.250000000000
300 -80 5.250000000000
305 -80 5.250000000000
310 -80 5.250000000000
315 -80 5.250000000000
320 -80 5.250000000000
325 -80 5.250000000000
330 -80 5.250000000000
335 -80 5.250000000000
340 -80 5.250000000000
345 -80 5.250000000000
350 -80 5.250000000000
355 -80 5.250000000000
360 -80 5.250000000000
0 -75 5.250000000000
5 -75 5.250000000000
10 -75 5.250000000000
15 -75 5.250000000000
20 -75 5.250000000000
25 -75 5.250000000000
30 -75 5.250000000000
35 -75 5.250000000000
40 -75 5.250000000000
45 -75 5.250000000000
50 -75 5.250000000000
55 -75 5.250000000000
60 -75 5.250000000000
65 -75 5.250000000000
70 -75 5.250000000000
75 -75 5.250000000000
80 -75 5.250000000000
85 -75 5.250000000000
90 -75 5.250000000000
95 -75 5.250000000000
100 -75 5.250000000000
105 -75 5.250000000000
110 -75 5.250000000000
115 -75 5.250000000000
120 -75 5.250000000000
125 -75 5.250000000000
130 -75 5.250000000000
135 -75 5.250000000000
140 -75 5.250000000000
145 -75 5.250000000000
150 -75 5.250000000000
155 -75 5.250000000000
160 -75 5.250000000000
165 -75 5.250000000000
170 -75 5.250000000000
175 -75 5.250000000000
180 -75 5.250000000000
185 -75 5.250000000000
190 -75 5.250000000000
195 -75 5.250000000000
200 -75 5.250000000000
205 -75 5.250000000000
210 -75 5.250000000000
215 -75 5.250000000000
220 -75 5.250000000000
225 -75 5.250000000000
230 -75 5.250000000000
235 -75 5.250000000000
240 -75 5.250000000000
245 -75 5.250000000000
250 -75 5.250000000000
255 -75 5.250000000000
260 -75 5.250000000000
265 -75 5.250000000000
270 -75 5.250000000000
275 -75 5.250000000000
280 -75 5.250000000000
285 -75 5.250000000000
290 -75 5.250000000000
295 -75 5.250000000000
300 -75 5.250000000000
305 -75 5.250000000000
310 -75 5.250000000000
315 -75 5.250000000000
320 -75 5.250000000000
325 -75 5.250000000000
330 -75 5.250000000000
335 -75 5.250000000000
340 -75 5.250000000000
345 -75 5.250000000000
350 -75 5.250000000000
355 -75 5.250000000000
360 -75 5.250000000000
0 -70 5.250000000000
5 -70 5.250000000000
10 -70 5.250000000000
15 -70 5.250000000000
20 -70 5.250000000000
25 -70 5.250000000000
30 -70 5.250000000000
35 -70 5.250000000000
40 -70 5.250000000000
45 -70 5.250000000000
50 -70 5.250000000000
55 -70 5.250000000000
60 -70 5.250000000000
65 -70 5.250000000000
70 -70 5.250000000000
75 -70 5.250000000000
80 -70 5.250000000000
85 -70 5.250000000000
90 -70 5.250000000000
95 -70 5.250000000000
100 -70 5.250000000000
105 -70 5.250000000000
110 -70 5.250000000000
115 -70 5.250000000000
120 -70 5.250000000000
125 -70 5.250000000000
130 -70 5.250000000000
135 -70 5.250000000000
140 -70 5.250000000000
145 -70 5.250000000000
150 -70 5.250000000000
155 -70 5.250000000000
160 -70 5.250000000000
165 -70 5.250000000000
170 -70 5.250000000000
175 -70 5.250000000000
180 -70 5.250000000000
185 -70 5.250000000000
190 -70 5.250000000000
195 -70 5.250000000000
200 -70 5.250000000000
205 -70 5.250000000000
210 -70 5.250000000000
215 -70 5.250000000000
220 -70 5.250000000000
225 -70 5.250000000000
230 -70 5.250000000000
235 -70 5.250000000000
240 -70 5.250000000000
245 -70 5.250000000000
250 -70 5.250000000000
255 -70 5.250000000000
260 -70 5.250000000000
265 -70 5.250000000000
270 -70 5.250000000000
275 -70 5.250000000000
280 -70 5.250000000000
285 -70 5.250000000000
290 -70 5.250000000000
295 -70 5.250000000000
300 -70 5.250000000000
305 -70 5.250000000000
310 -70 5.250000000000
315 -70 5.250000000000
320 -70 5.250000000000
325 -70 5.250000000000
330 -70 5.250000000000
335 -70 5.250000000000
340 -70 5.250000000000
345 -70 5.250000000000
350 -70 5.250000000000
355 -70 5.250000000000
360 -70 5.250000000000
0 -65 5.250000000000
5 -65 5.250000000000
10 -65 5.250000000000
15 -65 5.250000000000
20 -65 5.250000000000
25 -65 5.250000000000
30 -65 5.250000000000
35 -65 5.250000000000
40 -65 5.250000000000
45 -65 5.250000000000
50 -65 5.250000000000
55 -65 5.250000000000
60 -65 5.250000000000
65 -65 5.250000000000
70 -65 5.250000000000
75 -65 5.250000000000
80 -65 5.250000000000
85 -65 5.250000000000
90 -65 5.250000000000
95 -65 5.250000000000
100 -65 5.250000000000
105 -65 5.250000000000
110 -65 5.250000000000
115 -65 5.250000000000
120 -65 5.250000000000
125 -65 5.250000000000
130 -65 5.250000000000
135 -65 5.250000000000
140 -65 5.250000000000
145 -65 5.250000000000
150 -65 5.250000000000
155 -65 5.250000000000
160 -65 5.250000000000
165 -65 5.250000000000
170 -65 5.250000000000
175 -65 5.250000000000
180 -65 5.250000000000
185 -65 5.250000000000
190 -65 5.250000000000
195 -65 5.250000000000
200 -65 5.250000000000
205 -65 5.250000000000
210 -65 5.250000000000
215 -65 5.250000000000
220 -65 5.250000000000
225 -65 5.250000000000
230 -65 5.250000000000
235 -65 5.250000000000
240 -65 5.250000000000
245 -65 5.250000000000
250 -65 5.250000000000
255 -65 5.250000000000
260 -65 5.250000000000
265 -65 5.250000000000
270 -65 5.250000000000
275 -65 5.250000000000
280 -65 5.250000000000
285 -65 5.250000000000
290 -65 5.250000000000
295 -65 5.250000000000
300 -65 5.250000000000
305 -65 5.250000000000
310 -65 5.250000000000
315 -65 5.250000000000
320 -65 5.250000000000
325 -65 5.250000000000
330 -65 5.250000000000
335 -65 5.250000000000
340 -65 5.250000000000
345 -65 5.250000000000
350 -65 5.250000000000
355 -65 5.250000000000
360 -65 5.250000000000
0 -60 5.250000000000
5 -60 5.250000000000
10 -60 5.250000000000
15 -60 5.250000000000
20 -60 5.250000000000
25 -60 5.250000000000
30 -60 5.250000000000
35 -60 5.250000000000
40 -60 5.250000000000
45 -60 5.250000000000
50 -60 5.250000000000
55 -60 5.250000000000
60 -60 5.250000000000
65 -60 5.250000000000
70 -60 5.250000000000
75 -60 5.250000000000
80 -60 5.250000000000
85 -60 5.250000000000
90 -60 5.250000000000
95 -60 5.250000000000
100 -60 5.250000000000
105 -60 5.250000000000
110 -60 5.250000000000
115 -60 5.250000000000
120 -60 5.250000000000
125 -60 5.250000000000
130 -60 5.250000000000
135 -60 5.250000000000
140 -60 5.250000000000
145 -60 5.250000000000
150 -60 5.250000000000
155 -60 5.250000000000
160 -60 5.250000000000
165 -60 5.250000000000
170 -60 5.250000000000
175 -60 5.250000000000
180 -60 5.250000000000
185 -60 5.250000000000
190 -60 5.250000000000
195 -60 5.250000000000
200 -60 5.250000000000
205 -60 5.250000000000
210 -60 5.250000000000
215 -60 5.250000000000
220 -60 5.250000000000
225 -60 5.250000000000
230 -60 5.250000000000
235 -60 5.250000000000
240 -60 5.250000000000
245 -60 5.250000000000
250 -60 5.250000000000
255 -60 5.250000000000
260 -60 5.250000000000
265 -60 5.250000000000
270 -60 5.250000000000
275 -60 5.250000000000
280 -60 5.250000000000
285 -60 5.250000000000
290 -60 5.250000000000
295 -60 5.250000000000
300 -60 5.250000000000
305 -60 5.250000000000
310 -60 5.250000000000
315 -60 5.250000000000
320 -60 5.250000000000
325 -60 5.250000000000
330 -60 5.250000000000
335 -60 5.250000000000
340 -60 5.250000000000
345 -60 5.250000000000
350 -60 5.250000000000
355 -60 5.250000000000
360 -60 5.250000000000
0 -55 5.250000000000
5 -55 5.250000000000
10 -55 5.250000000000
15 -55 5.250000000000
20 -55 5.250000000000
25 -55 5.250000000000
30 -55 5.250000000000
35 -55 5.250000000000
40 -55 5.250000000000
45 -55 5.250000000000
50 -55 5.250000000000
55 -55 5.250000000000
60 -55 5.250000000000
65 -55 5.250000000000
70 -55 5.250000000000
75 -55 5.250000000000
80 -55 5.250000000000
85 -55 5.250000000000
90 -55 5.250000000000
95 -55 5.250000000000
100 -55 5.250000000000
105 -55 5.250000000000
110 -55 5.250000000000
115 -55 5.250000000000
120 -55 5.250000000000
125 -55 5.250000000000
130 -55 5.250000000000
135 -55 5.250000000000
140 -55 5.250000000000
145 -55 5.250000000000
150 -55 5.250000000000
155 -55 5.250000000000
160 -55 5.250000000000
165 -55 5.250000000000
170 -55 5.250000000000
175 -55 5.250000000000
180 -55 5.250000000000
185 -55 5.250000000000
190 -55 5.250000000000
195 -55 5.250000000000
200 -55 5.250000000000
205 -55 5.250000000000
210 -55 5.250000000000
215 -55 5.250000000000
220 -55 5.250000000000
225 -55 5.250000000000
230 -55 5.250000000000
235 -55 5.250000000000
240 -55 5.250000000000
245 -55 5.250000000000
250 -55 5.250000000000
255 -55 5.250000000000
260 -55 5.250000000000
265 -55 5.250000000000
270 -55 5.250000000000
275 -55 5.250000000000
280 -55 5.250000000000
285 -55 5.250000000000
290 -55 5.250000000000
295 -55 5.250000000000
300 -55 5.250000000000
305 -55 5.250000000000
310 -55 5.250000000000
315 -55 5.250000000000
320 -55 5.250000000000
325 -55 5.250000000000
330 -55 5.250000000000
335 -55 5.250000000000
340 -55 5.250000000000
345 -55 5.250000000000
350 -55 5.250000000000
355 -55 5.250000000000
360 -55 5.250000000000
0 -50 5.250000000000
5 -50 5.250000000000
10 -50 5.250000000000
15 -50 5.250000000000
20 -50 5.250000000000
25 -50 5.250000000000
30 -50 5.250000000000
35 -50 5.250000000000
40 -50 5.250000000000
45 -50 5.250000000000
50 -50 5.250000000000
55 -50 5.250000000000
60 -50 5.250000000000
65 -50 5.250000000000
70 -50 5.250000000000
75 -50 5.250000000000
80 -50 5.250000000000
85 -50 5.250000000000
90 -50 5.250000000000
95 -50 5.250000000000
100 -50 5.250000000000
105 -50 5.250000000000
110 -50 5.250000000000
115 -50 5.250000000000
120 -50 5.250000000000
125 -50 5.250000000000
130 -50 5.250000000000
135 -50 5.250000000000
140 -50 5.250000000000
145 -50 5.250000000000
150 -50 5.250000000000
155 -50 5.250000000000
160 -50 5.250000000000
165 -50 5.250000000000
170 -50 5.250000000000
175 -50 5.250000000000
180 -50 5.250000000000
185 -50 5.250000000000
190 -50 5.250000000000
195 -50 5.250000000000
200 -50 5.250000000000
205 -50 5.250000000000
210 -50 5.250000000000
215 -50 5.250000000000
220 -50 5.250000000000
225 -50 5.250000000000
230 -50 5.250000000000
235 -50 5.250000000000
240 -50 5.250000000000
245 -50 5.250000000000
250 -50 5.250000000000
255 -50 5.250000000000
260 -50 5.250000000000
265 -50 5.250000000000
270 -50 5.250000000000
275 -50 5.250000000000
280 -50 5.250000000000
285 -50 5.250000000000
290 -50 5.250000000000
295 -50 5.250000000000
300 -50 5.250000000000
305 -50 5.250000000000
310 -50 5.250000000000
315 -50 5.250000000000
320 -50 5.250000000000
325 -50 5.250000000000
330 -50 5.250000000000
335 -50 5.250000000000
340 -50 5.250000000000
345 -50 5.250000000000
350 -50 5.250000000000
355 -50 5.250000000000
360 -50 5.250000000000
0 -45 5.250000000000
5 -45 5.250000000000
10 -45 5.250000000000
15 -45 5.250000000000
20 -45 5.250000000000
25 -45 5.250000000000
30 -45 5.250000000000
35 -45 5.250000000000
40 -45 5.250000000000
45 -45 5.250000000000
50 -45 5.250000000000
55 -45 5.250000000000
60 -45 5.250000000000
65 -45 5.250000000000
70 -45 5.250000000000
75 -45 5.250000000000
80 -45 5.250000000000
85 -45 5.250000000000
90 -45 5.250000000000
95 -45 5.250000000000
100 -45 5.250000000000
105 -45 5.250000000000
110 -45 5.250000000000
115 -45 5.250000000000
120 -45 5.250000000000
125 -45 5.250000000000
130 -45 5.250000000000
135 -45 5.250000000000
140 -45 5.250000000000
145 -45 5.250000000000
150 -45 5.250000000000
155 -45 5.250000000000
160 -45 5.250000000000
165 -45 5.250000000000
170 -45 5.250000000000
175 -45 5.250000000000
180 -45 5.250000000000
185 -45 5.250000000000
190 -45 5.250000000000
195 -45 5.250000000000
200 -45 5.250000000000
205 -45 5.250000000000
210 -45 5.250000000000
215 -45 5.250000000000
220 -45 5.250000000000
225 -45 5.250000000000
230 -45 5.250000000000
235 -45 5.250000000000
240 -45 5.250000000000
245 -45 5.250000000000
250 -45 5.250000000000
255 -45 5.250000000000
260 -45 5.250000000000
265 -45 5.250000000000
270 -45 5.250000000000
275 -45 5.250000000000
280 -45 5.250000000000
285 -45 5.250000000000
290 -45 5.250000000000
295 -45 5.250000000000
300 -45 5.250000000000
305 -45 5.250000000000
310 -45 5.250000000000
315 -45 5.250000000000
320 -45 5.250000000000
325 -45 5.250000000000
330 -45 5.250000000000
335 -45 5.250000000000
340 -45 5.250000000000
345 -45 5.250000000000
350 -45 5.250000000000
355 -45 5.250000000000
360 -45 5.250000000000
0 -40 5.250000000000
5 -40 5.250000000000
10 -40 5.250000000000
15 -40 5.250000000000
20 -40 5.250000000000
25 -40 5.250000000000
30 -40 5.250000000000
35 -40 5.250000000000
40 -40 5.250000000000
45 -40 5.250000000000
50 -40 5.250000000000
55 -40 5.250000000000
60 -40 5.250000000000
65 -40 5.250000000000
70 -40 5.250000000000
75 -40 5.250000000000
80 -40 5.250000000000
85 -40 5.250000000000
90 -40 5.250000000000
95 -40 5.250000000000
100 -40 5.250000000000
105 -40 5.250000000000
110 -40 5.250000000000
115 -40 5.250000000000
120 -40 5.250000000000
125 -40 5.250000000000
130 -40 5.250000000000
135 -40 5.250000000000
140 -40 5.250000000000
145 -40 5.250000000000
150 -40 5.250000000000
155 -40 5.250000000000
160 -40 5.250000000000
165 -40 5.250000000000
170 -40 5.250000000000
175 -40 5.250000000000
180 -40 5.250000000000
185 -40 5.250000000000
190 -40 5.250000000000
195 -40 5.250000000000
200 -40 5.250000000000
205 -40 5.250000000000
210 -40 5.250000000000
215 -40 5.250000000000
220 -40 5.250000000000
225 -40 5.250000000000
230 -40 5.250000000000
235 -40 5.250000000000
240 -40 5.250000000000
245 -40 5.250000000000
250 -40 5.250000000000
255 -40 5.250000000000
260 -40 5.250000000000
265 -40 5.250000000000
270 -40 5.250000000000
275 -40 5.250000000000
280 -40 5.250000000000
285 -40 5.250000000000
290 -40 5.250000000000
295 -40 5.250000000000
300 -40 5.250000000000
305 -40 5.250000000000
310 -40 5.250000000000
315 -40 5.250000000000
320 -40 5.250000000000
325 -40 5.250000000000
330 -40 5.250000000000
335 -40 5.250000000000
340 -40 5.250000000000
345 -40 5.250000000000
350 -40 5.250000000000
355 -40 5.250000000000
360 -40 5.250000000000
0 -35 5.250000000000
5 -35 5.250000000000
10 -35 5.250000000000
15 -35 5.250000000000
20 -35 5.250000000000
25 -35 5.250000000000
30 -35 5.250000000000
35 -35 5.250000000000
40 -35 5.250000000000
45 -35 5.250000000000
50 -35 5.250000000000
55 -35 5.250000000000
60 -35 5.250000000000
65 -35 5.250000000000
70 -35 5.250000000000
75 -35 5.250000000000
80 -35 5.250000000000
85 -35 5.250000000000
90 -35 5.250000000000
95 -35 5.250000000000
100 -35 5.250000000000
105 -35 5.250000000000
110 -35 5.250000000000
115 -35 5.250000000000
120 -35 5.250000000000
125 -35 5.250000000000
130 -35 5.250000000000
135 -35 5.250000000000
140 -35 5.250000000000
145 -35 5.250000000000
150 -35 5.250000000000
155 -35 5.250000000000
160 -35 5.250000000000
165 -35 5.250000000000
170 -35 5.250000000000
175 -35 5.250000000000
180 -35 5.250000000000
185 -35 5.250000000000
190 -35 5.250000000000
195 -35 5.250000000000
200 -35 5.250000000000
205 -35 5.250000000000
210 -35 5.250000000000
215 -35 5.250000000000
220 -35 5.250000000000
225 -35 5.250000000000
230 -35 5.250000000000
235 -35 5.250000000000
240 -35 5.250000000000
245 -35 5.250000000000
250 -35 5.250000000000
255 -35 5.250000000000
260 -35 5.250000000000
265 -35 5.250000000000
270 -35 5.250000000000
275 -35 5.250000000000
280 -35 5.250000000000
285 -35 5.250000000000
290 -35 5.250000000000
295 -35 5.250000000000
300 -35 5.250000000000
305 -35 5.250000000000
310 -35 5.250000000000
315 -35 5.250000000000
320 -35 5.250000000000
325 -35 5.250000000000
330 -35 5.250000000000
335 -35 5.250000000000
340 -35 5.250000000000
345 -35 5.250000000000
350 -35 5.250000000000
355 -35 5.250000000000
360 -35 5.250000000000
0 -30 5.250000000000
5 -30 5.250000000000
10 -30 5.250000000000
15 -30 5.250000000000
20 -30 5.250000000000
25 -30 5.250000000000
30 -30 5.250000000000
35 -30 5.250000000000
40 -30 5.250000000000
45 -30 5.250000000000
50 -30 5.250000000000
55 -30 5.250000000000
60 -30 5.250000000000
65 -30 5.250000000000
70 -30 5.250000000000
75 -30 5.250000000000
80 -30 5.250000000000
85 -30 5.250000000000
90 -30 5.250000000000
95 -30 5.250000000000
100 -30 5.250000000000
105 -30 5.250000000000
110 -30 5.250000000000
115 -30 5.250000000000
120 -30 5.250000000000
125 -30 5.250000000000
130 -30 5.250000000000
135 -30 5.250000000000
140 -30 5.250000000000
145 -30 5.250000000000
150 -30 5.250000000000
155 -30 5.250000000000
160 -30 5.250000000000
165 -30 5.250000000000
170 -30 5.250000000000
175 -30 5.250000000000
180 -30 5.250000000000
185 -30 5.250000000000
190 -30 5.250000000000
195 -30 5.250000000000
200 -30 5.250000000000
205 -30 5.250000000000
210 -30 5.250000000000
215 -30 5.250000000000
220 -30 5.250000000000
225 -30 5.250000000000
230 -30 5.250000000000
235 -30 5.250000000000
240 -30 5.250000000000
245 -30 5.250000000000
250 -30 5.250000000000
255 -30 5.250000000000
260 -30 5.250000000000
265 -30 5.250000000000
270 -30 5.250000000000
275 -30 5.250000000000
280 -30 5.250000000000
285 -30 5.250000000000
290 -30 5.250000000000
295 -30 5.250000000000
300 -30 5.250000000000
305 -30 5.250000000000
310 -30 5.250000000000
315 -30 5.250000000000
320 -30 5.250000000000
325 -30 5.250000000000
330 -30 5.250000000000
335 -30 5.250000000000
340 -30 5.250000000000
345 -30 5.250000000000
350 -30 5.250000000000
355 -30 5.250000000000
360 -30 5.250000000000
0 -25 5.250000000000
5 -25 5.250000000000
10 -25 5.250000000000
15 -25 5.250000000000
20 -25 5.250000000000
25 -25 5.250000000000
30 -25 5.250000000000
35 -25 5.250000000000
40 -25 5.250000000000
45 -25 5.250000000000
50 -25 5.250000000000
55 -25 5.250000000000
60 -25 5.250000000000
65 -25 5.250000000000
70 -25 5.250000000000
75 -25 5.250000000000
80 -25 5.250000000000
85 -25 5.250000000000
90 -25 5.250000000000
95 -25 5.250000000000
100 -25 5.250000000000
105 -25 5.250000000000
110 -25 5.250000000000
115 -25 5.250000000000
120 -25 5.250000000000
125 -25 5.250000000000
130 -25 5.250000000000
135 -25 5.250000000000
140 -25 5.250000000000
145 -25 5.250000000000
150 -25 5.250000000000
155 -25 5.250000000000
160 -25 5.250000000000
165 -25 5.250000000000
170 -25 5.250000000000
175 -25 5.250000000000
180 -25 5.250000000000
185 -25 5.250000000000
190 -25 5.250000000000
195 -25 5.250000000000
200 -25 5.250000000000
205 -25 5.250000000000
210 -25 5.250000000000
215 -25 5.250000000000
220 -25 5.250000000000
225 -25 5.250000000000
230 -25 5.250000000000
235 -25 5.250000000000
240 -25 5.250000000000
245 -25 5.250000000000
250 -25 5.250000000000
255 -25 5.250000000000
260 -25 5.250000000000
265 -25 5.250000000000
270 -25 5.250000000000
275 -25 5.250000000000
280 -25 5.250000000000
285 -25 5.250000000000
290 -25 5.250000000000
295 -25 5.250000000000
300 -25 5.250000000000
305 -25 5.250000000000
310 -25 5.250000000000
315 -25 5.250000000000
320 -25 5.250000000000
325 -25 5.250000000000
330 -25 5.250000000000
335 -25 5.250000000000
340 -25 5.250000000000
345 -25 5.250000000000
350 -25 5.250000000000
355 -25 5.250000000000
360 -25 5.250000000000
0 -20 5.250000000000
5 -20 5.250000000000
10 -20 5.250000000000
15 -20 5.250000000000
20 -20 5.250000000000
25 -20 5.250000000000
30 -20 5.250000000000
35 -20 5.250000000000
40 -20 5.250000000000
45 -20 5.250000000000
50 -20 5.250000000000
55 -20 5.250000000000
60 -20 5.250000000000
65 -20 5.250000000000
70 -20 5.250000000000
75 -20 5.250000000000
80 -20 5.250000000000
85 -20 5.250000000000
90 -20 5.250000000000
95 -20 5.250000000000
100 -20 5.250000000000
105 -20 5.250000000000
110 -20 5.250000000000
115 -20 5.250000000000
120 -20 5.250000000000
125 -20 5.250000000000
130 -20 5.250000000000
135 -20 5.250000000000
140 -20 5.250000000000
145 -20 5.250000000000
150 -20 5.250000000000
155 -20 5.250000000000
160 -20 5.250000000000
165 -20 5.250000000000
170 -20 5.250000000000
175 -20 5.250000000000
180 -20 5.250000000000
185 -20 5.250000000000
190 -20 5.250000000000
195 -20 5.250000000000
200 -20 5.250000000000
205 -20 5.250000000000
210 -20 5.250000000000
215 -20 5.250000000000
220 -20 5.250000000000
225 -20 5.250000000000
230 -20 5.250000000000
235 -20 5.250000000000
240 -20 5.250000000000
245 -20 5.250000000000
250 -20 5.250000000000
255 -20 5.250000000000
260 -20 5.250000000000
265 -20 5.250000000000
270 -20 5.250000000000
275 -20 5.250000000000
280 -20 5.250000000000
285 -20 5.250000000000
290 -20 5.250000000000
295 -20 5.250000000000
300 -20 5.250000000000
305 -20 5.250000000000
310 -20 5.250000000000
315 -20 5.250000000000
320 -20 5.250000000000
325 -20 5.250000000000
330 -20 5.250000000000
335 -20 5.250000000000
340 -20 5.250000000000
345 -20 5.250000000000
350 -20 5.250000000000
355 -20 5.250000000000
360 -20 5.250000000000
0 -15 5.250000000000
5 -15 5.250000000000
10 -15 5.250000000000
15 -15 5.250000000000
20 -15 5.250000000000
25 -15 5.250000000000
30 -15 5.250000000000
35 -15 5.250000000000
40 -15 5.250000000000
45 -15 5.250000000000
50 -15 5.250000000000
55 -15 5.250000000000
60 -15 5.250000000000
65 -15 5.250000000000
70 -15 5.250000000000
75 -15 5.250000000000
80 -15 5.250000000000
85 -15 5.250000000000
90 -15 5.250000000000
95 -15 5.250000000000
100 -15 5.250000000000
105 -15 5.250000000000
110 -15 5.250000000000
115 -15 5.250000000000
120 -15 5.250000000000
125 -15 5.250000000000
130 -15 5.250000000000
135 -15 5.250000000000
140 -15 5.250000000000
145 -15 5.250000000000
150 -15 5.250000000000
155 -15 5.250000000000
160 -15 5.250000000000
165 -15 5.250000000000
170 -15 5.250000000000
175 -15 5.250000000000
180 -15 5.250000000000
185 -15 5.250000000000
190 -15 5.250000000000
195 -15 5.250000000000
200 -15 5.250000000000
205 -15 5.250000000000
210 -15 5.250000000000
215 -15 5.250000000000
220 -15 5.250000000000
225 -15 5.250000000000
230 -15 5.250000000000
235 -15 5.250000000000
240 -15 5.250000000000
245 -15 5.250000000000
250 -15 5.250000000000
255 -15 5.250000000000
260 -15 5.250000000000
265 -15 5.250000000000
270 -15 5.250000000000
275 -15 5.250000000000
280 -15 5.250000000000
285 -15 5.250000000000
290 -15 5.250000000000
295 -15 5.250000000000
300 -15 5.250000000000
305 -15 5.250000000000
310 -15 5.250000000000
315 -15 5.250000000000
320 -15 5.250000000000
325 -15 5.250000000000
330 -15 5.250000000000
335 -15 5.250000000000
340 -15 5.250000000000
345 -15 5.250000000000
350 -15 5.250000000000
355 -15 5.250000000000
360 -15 5.250000000000
0 -10 5.250000000000
5 -10 5.250000000000
10 -10 5.250000000000
15 -10 5.250000000000
20 -10 5.250000000000
25 -10 5.250000000000
30 -10 5.250000000000
35 -10 5.250000000000
40 -10 5.250000000000
45 -10 5.250000000000
50 -10 5.250000000000
55 -10 5.250000000000
60 -10 5.250000000000
65 -10 5.250000000000
70 -10 5.250000000000
75 -10 5.250000000000
80 -10 5.250000000000
85 -10 5.250000000000
90 -10 5.250000000000
95 -10 5.250000000000
100 -10 5.250000000000
105 -10 5.250000000000
110 -10 5.250000000000
115 -10 5.250000000000
120 -10 5.250000000000
125 -10 5.250000000000
130 -10 5.250000000000
135 -10 5.250000000000
140 -10 5.250000000000
145 -10 5.250000000000
150 -10 5.250000000000
155 -10 5.250000000000
160 -10 5.250000000000
165 -10 5.250000000000
170 -10 5.250000000000
175 -10 5.250000000000
180 -10 5.250000000000
185 -10 5.250000000000
190 -10 5.250000000000
195 -10 5.250000000000
200 -10 5.250000000000
205 -10 5.250000000000
210 -10 5.250000000000
215 -10 5.250000000000
220 -10 5.250000000000
225 -10 5.250000000000
230 -10 5.250000000000
235 -10 5.250000000000
240 -10 5.250000000000
245 -10 5.250000000000
250 -10 5.250000000000
255 -10 5.250000000000
260 -10 5.250000000000
265 -10 5.250000000000
270 -10 5.250000000000
275 -10 5.250000000000
280 -10 5.250000000000
285 -10 5.250000000000
290 -10 5.250000000000
295 -10 5.250000000000
300 -10 5.250000000000
305 -10 5.250000000000
310 -10 5.250000000000
315 -10 5.250000000000
320 -10 5.250000000000
325 -10 5.250000000000
330 -10 5.250000000000
335 -10 5.250000000000
340 -10 5.250000000000
345 -10 5.250000000000
350 -10 5.250000000000
355 -10 5.250000000000
360 -10 5.250000000000
0 -5 5.250000000000
5 -5 5.250000000000
10 -5 5.250000000000
15 -5 5.250000000000
20 -5 5.250000000000
25 -5 5.250000000000
30 -5 5.250000000000
35 -5 5.250000000000
40 -5 5.250000000000
45 -5 5.250000000000
50 -5 5.250000000000
55 -5 5.250000000000
60 -5 5.250000000000
65 -5 5.250000000000
70 -5 5.250000000000
75 -5 5.250000000000
80 -5 5.250000000000
85 -5 5.250000000000
90 -5 5.250000000000
95 -5 5.250000000000
100 -5 5.250000000000
105 -5 5.250000000000
110 -5 5.250000000000
115 -5 5.250000000000
120 -5 5.250000000000
125 -5 5.250000000000
130 -5 5.250000000000
135 -5 5.250000000000
140 -5 5.250000000000
145 -5 5.250000000000
150 -5 5.250000000000
155 -5 5.250000000000
160 -5 5.250000000000
165 -5 5.250000000000
170 -5 5.250000000000
175 -5 5.250000000000
180 -5 5.250000000000
185 -5 5.250000000000
190 -5 5.250000000000
195 -5 5.250000000000
200 -5 5.250000000000
205 -5 5.250000000000
210 -5 5.250000000000
215 -5 5.250000000000
220 -5 5.250000000000
225 -5 5.250000000000
230 -5 5.250000000000
235 -5 5.250000000000
240 -5 5.250000000000
245 -5 5.250000000000
250 -5 5.250000000000
255 -5 5.250000000000
260 -5 5.250000000000
265 -5 5.250000000000
270 -5 5.250000000000
275 -5 5.250000000000
280 -5 5.250000000000
285 -5 5.250000000000
290 -5 5.250000000000
295 -5 5.250000000000
300 -5 5.250000000000
305 -5 5.250000000000
310 -5 5.250000000000
315 -5 5.250000000000
320 -5 5.250000000000
325 -5 5.250000000000
330 -5 5.250000000000
335 -5 5.250000000000
340 -5 5.250000000000
345 -5 5.250000000000
350 -5 5.250000000000
355 -5 5.250000000000
360 -5 5.250000000000
0 0 5.250000000000
5 0 5.250000000000
10 0 5.250000000000
15 0 5.250000000000
20 0 5.250000000000
25 0 5.250000000000
30 0 5.250000000000
35 0 5.250000000000
40 0 5.250000000000
45 0 5.250000000000
50 0 5.250000000000
55 0 5.250000000000
60 0 5.250000000000
65 0 5.250000000000
70 0 5.250000000000
75 0 5.250000000000
80 0 5.250000000000
85 0 5.250000000000
90 0 5.250000000000
95 0 5.250000000000
100 0 5.250000000000
105 0 5.250000000000
110 0 5.250000000000
115 0 5.250000000000
120 0 5.250000000000
125 0 5.250000000000
130 0 5.250000000000
135 0 5.250000000000
140 0 5.250000000000
145 0 5.250000000000
150 0 5.250000000000
155 0 5.250000000000
160 0 5.250000000000
165 0 5.250000000000
170 0 5.250000000000
175 0 5.250000000000
180 0 5.250000000000
185 0 5.250000000000
190 0 5.250000000000
195 0 5.250000000000
200 0 5.250000000000
205 0 5.250000000000
210 0 5.250000000000
215 0 5.250000000000
220 0 5.250000000000
225 0 5.250000000000
230 0 5.250000000000
235 0 5.250000000000
240 0 5.250000000000
245 0 5.250000000000
250 0 5.250000000000
255 0 5.250000000000
260 0 5.250000000000
265 0 5.250000000000
270 0 5.250000000000
275 0 5.250000000000
280 0 5.250000000000
285 0 5.250000000000
290 0 5.250000000000
295 0 5.250000000000
300 0 5.250000000000
305 0 5.250000000000
310 0 5.250000000000
315 0 5.250000000000
320 0 5.250000000000
325 0 5.250000000000
330 0 5.250000000000
335 0 5.250000000000
340 0 5.250000000000
345 0 5.250000000000
350 0 5.250000000000
355 0 5.250000000000
360 0 5.250000000000
0 5 5.250000000000
5 5 5.250000000000
10 5 5.250000000000
15 5 5.250000000000
20 5 5.250000000000
25 5 5.250000000000
30 5 5.250000000000
35 5 5.250000000000
40 5 5.250000000000
45 5 5.250000000000
50 5 5.250000000000
55 5 5.250000000000
60 5 5.250000000000
65 5 5.250000000000
70 5 5.250000000000
75 5 5.250000000000
80 5 5.250000000000
85 5 5.250000000000
90 5 5.250000000000
95 5 5.250000000000
100 5 5.250000000000
105 5 5.250000000000
110 5 5.250000000000
115 5 5.250000000000
120 5 5.250000000000
125 5 5.250000000000
130 5 5.250000000000
135 5 5.250000000000
140 5 5.250000000000
145 5 5.250000000000
150 5 5.250000000000
155 5 5.250000000000
160 5 5.250000000000
165 5 5.250000000000
170 5 5.250000000000
175 5 5.250000000000
180 5 5.250000000000
185 5 5.250000000000
190 5 5.250000000000
195 5 5.250000000000
200 5 5.250000000000
205 5 5.250000000000
210 5 5.250000000000
215 5 5.250000000000
220 5 5.250000000000
225 5 5.250000000000
230 5 5.250000000000
235 5 5.250000000000
240 5 5.250000000000
245 5 5.250000000000
250 5 5.250000000000
255 5 5.250000000000
260 5 5.250000000000
265 5 5.250000000000
270 5 5.250000000000
275 5 5.250000000000
280 5 5.250000000000
285 5 5.250000000000
290 5 5.250000000000
295 5 5.250000000000
300 5 5.250000000000
305 5 5.250000000000
310 5 5.250000000000
315 5 5.250000000000
320 5 5.250000000000
325 5 5.250000000000
330 5 5.250000000000
335 5 5.250000000000
340 5 5.250000000000
345 5 5.250000000000
350 5 5.250000000000
355 5 5.250000000000
360 5 5.250000000000
0 10 5.250000000000
5 10 5.250000000000
10 10 5.250000000000
15 10 5.250000000000
20 10 5.250000000000
25 10 5.250000000000
30 10 5.250000000000
35 10 5.250000000000
40 10 5.250000000000
45 10 5.250000000000
50 10 5.250000000000
55 10 5.250000000000
60 10 5.250000000000
65 10 5.250000000000
70 10 5.250000000000
75 10 5.250000000000
80 10 5.250000000000
85 10 5.250000000000
90 10 5.250000000000
95 10 5.250000000000
100 10 5.250000000000
105 10 5.250000000000
110 10 5.250000000000
115 10 5.250000000000
120 10 5.250000000000
125 10 5.250000000000
130 10 5.250000000000
135 10 5.250000000000
140 10 5.250000000000
145 10 5.250000000000
150 10 5.250000000000
155 10 5.250000000000
160 10 5.250000000000
165 10 5.250000000000
170 10 5.250000000000
175 10 5.250000000000
180 10 5.250000000000
185 10 5.250000000000
190 10 5.250000000000
195 10 5.250000000000
200 10 5.250000000000
205 10 5.250000000000
210 10 5.250000000000
215 10 5.250000000000
220 10 5.250000000000
225 10 5.250000000000
230 10 5.250000000000
235 10 5.250000000000
240 10 5.250000000000
245 10 5.250000000000
250 10 5.250000000000
255 10 5.250000000000
260 10 5.250000000000
265 10 5.250000000000
270 10 5.250000000000
275 10 5.250000000000
280 10 5.250000000000
285 10 5.250000000000
290 10 5.250000000000
295 10 5.250000000000
300 10 5.250000000000
305 10 5.250000000000
310 10 5.250000000000
315 10 5.250000000000
320 10 5.250000000000
325 10 5.250000000000
330 10 5.250000000000
335 10 5.250000000000
340 10 5.250000000000
345 10 5.250000000000
350 10 5.250000000000
355 10 5.250000000000
360 10 5.250000000000
0 15 5.250000000000
5 15 5.250000000000
10 15 5.250000000000
15 15 5.250000000000
20 15 5.250000000000
25 15 5.250000000000
30 15 5.250000000000
35 15 5.250000000000
40 15 5.250000000000
45 15 5.250000000000
50 15 5.250000000000
55 15 5.250000000000
60 15 5.250000000000
65 15 5.250000000000
70 15 5.250000000000
75 15 5.250000000000
80 15 5.250000000000
85 15 5.250000000000
90 15 5.250000000000
95 15 5.250000000000
100 15 5.250000000000
105 15 5.250000000000
110 15 5.250000000000
115 15 5.250000000000
120 15 5.250000000000
125 15 5.250000000000
130 15 5.250000000000
135 15 5.250000000000
140 15 5.250000000000
145 15 5.250000000000
150 15 5.250000000000
155 15 5.250000000000
160 15 5.250000000000
165 15 5.250000000000
170 15 5.250000000000
175 15 5.250000000000
180 15 5.250000000000
185 15 5.250000000000
190 15 5.250000000000
195 15 5.250000000000
200 15 5.250000000000
205 15 5.250000000000
210 15 5.250000000000
215 15 5.250000000000
220 15 5.250000000000
225 15 5.250000000000
230 15 5.250000000000
235 15 5.250000000000
240 15 5.250000000000
245 15 5.250000000000
250 15 5.250000000000
255 15 5.250000000000
260 15 5.250000000000
265 15 5.250000000000
270 15 5.250000000000
275 15 5.250000000000
280 15 5.250000000000
285 15 5.250000000000
290 15 5.250000000000
295 15 5.250000000000
300 15 5.250000000000
305 15 5.250000000000
310 15 5.250000000000
315 15 5.250000000000
320 15 5.250000000000
325 15 5.250000000000
330 15 5.250000000000
335 15 5.250000000000
340 15 5.250000000000
345 15 5.250000000000
350 15 5.250000000000
355 15 5.250000000000
360 15 5.250000000000
0 20 5.250000000000
5 20 5.250000000000
10 20 5.250000000000
15 20 5.250000000000
20 20 5.250000000000
25 20 5.250000000000
30 20 5.250000000000
35 20 5.250000000000
40 20 5.250000000000
45 20 5.250000000000
50 20 5.250000000000
55 20 5.250000000000
60 20 5.250000000000
65 20 5.250000000000
70 20 5.250000000000
75 20 5.250000000000
80 20 5.250000000000
85 20 5.250000000000
90 20 5.250000000000
95 20 5.250000000000
100 20 5.250000000000
105 20 5.250000000000
110 20 5.250000000000
115 20 5.250000000000
120 20 5.250000000000
125 20 5.250000000000
130 20 5.250000000000
135 20 5.250000000000
140 20 5.250000000000
145 20 5.250000000000
150 20 5.250000000000
155 20 5.250000000000
160 20 5.250000000000
165 20 5.250000000000
170 20 5.250000000000
175 20 5.250000000000
180 20 5.250000000000
185 20 5.250000000000
190 20 5.250000000000
195 20 5.250000000000
200 20 5.250000000000
205 20 5.250000000000
210 20 5.250000000000
215 20 5.250000000000
220 20 5.250000000000
225 20 5.250000000000
230 20 5.250000000000
235 20 5.250000000000
240 20 5.250000000000
245 20 5.250000000000
250 20 5.250000000000
255 20 5.250000000000
260 20 5.250000000000
265 20 5.250000000000
270 20 5.250000000000
275 20 5.250000000000
280 20 5.250000000000
285 20 5.250000000000
290 20 5.250000000000
295 20 5.250000000000
300 20 5.250000000000
305 20 5.250000000000
310 20 5.250000000000
315 20 5.250000000000
320 20 5.250000000000
325 20 5.250000000000
330 20 5.250000000000
335 20 5.250000000000
340 20 5.250000000000
345 20 5.250000000000
350 20 5.250000000000
355 20 5.250000000000
360 20 5.250000000000
0 25 5.250000000000
5 25 5.250000000000
10 25 5.250000000000
15 25 5.250000000000
20 25 5.250000000000
25 25 5.250000000000
30 25 5.250000000000
35 25 5.250000000000
40 25 5.250000000000
45 25 5.250000000000
50 25 5.250000000000
55 25 5.250000000000
60 25 5.250000000000
65 25 5.250000000000
70 25 5.250000000000
75 25 5.250000000000
80 25 5.250000000000
85 25 5.250000000000
90 25 5.250000000000
95 25 5.250000000000
100 25 5.250000000000
105 25 5.250000000000
110 25 5.250000000000
115 25 5.250000000000
120 25 5.250000000000
125 25 5.250000000000
130 25 5.250000000000
135 25 5.250000000000
140 25 5.250000000000
145 25 5.250000000000
150 25 5.250000000000
155 25 5.250000000000
160 25 5.250000000000
165 25 5.250000000000
170 25 5.250000000000
175 25 5.250000000000
180 25 5.250000000000
185 25 5.250000000000
190 25 5.250000000000
195 25 5.250000000000
200 25 5.250000000000
205 25 5.250000000000
210 25 5.250000000000
215 25 5.250000000000
220 25 5.250000000000
225 25 5.250000000000
230 25 5.250000000000
235 25 5.250000000000
240 25 5.250000000000
245 25 5.250000000000
250 25 5.250000000000
255 25 5.250000000000
260 25 5.250000000000
265 25 5.250000000000
270 25 5.250000000000
275 25 5.250000000000
280 25 5.250000000000
285 25 5.250000000000
290 25 5.250000000000
295 25 5.250000000000
300 25 5.250000000000
305 25 5.250000000000
310 25 5.250000000000
315 25 5.250000000000
320 25 5.250000000000
325 25 5.250000000000
330 25 5.250000000000
335 25 5.250000000000
340 25 5.250000000000
345 25 5.250000000000
350 25 5.250000000000
355 25 5.250000000000
360 25 5.250000000000
0 30 5.250000000000
5 30 5.250000000000
10 30 5.250000000000
15 30 5.250000000000
20 30 5.250000000000
25 30 5.250000000000
30 30 5.250000000000
35 30 5.250000000000
40 30 5.250000000000
45 30 5.250000000000
50 30 5.250000000000
55 30 5.250000000000
60 30 5.250000000000
65 30 5.250000000000
70 30 5.250000000000
75 30 5.250000000000
80 30 5.250000000000
85 30 5.250000000000
90 30 5.250000000000
95 30 5.250000000000
100 30 5.250000000000
105 30 5.250000000000
110 30 5.250000000000
115 30 5.250000000000
120 30 5.250000000000
125 30 5.250000000000
130 30 5.250000000000
135 30 5.250000000000
140 30 5.250000000000
145 30 5.250000000000
150 30 5.250000000000
155 30 5.250000000000
160 30 5.250000000000
165 30 5.250000000000
170 30 5.250000000000
175 30 5.250000000000
180 30 5.250000000000
185 30 5.250000000000
190 30 5.250000000000
195 30 5.250000000000
200 30 5.250000000000
205 30 5.250000000000
210 30 5.250000000000
215 30 5.250000000000
220 30 5.250000000000
225 30 5.250000000000
230 30 5.250000000000
235 30 5.250000000000
240 30 5.250000000000
245 30 5.250000000000
250 30 5.250000000000
255 30 5.250000000000
260 30 5.250000000000
265 30 5.250000000000
270 30 5.250000000000
275 30 5.250000000000
280 30 5.250000000000
285 30 5.250000000000
290 30 5.250000000000
295 30 5.250000000000
300 30 5.250000000000
305 30 5.250000000000
310 30 5.250000000000
315 30 5.250000000000
320 30 5.250000000000
325 30 5.250000000000
330 30 5.250000000000
335 30 5.250000000000
340 30 5.250000000000
345 30 5.250000000000
350 30 5.250000000000
355 30 5.250000000000
360 30 5.250000000000
0 35 5.250000000000
5 35 5.250000000000
10 35 5.250000000000
15 35 5.250000000000
20 35 5.250000000000
25 35 5.250000000000
30 35 5.250000000000
35 35 5.250000000000
40 35 5.250000000000
45 35 5.250000000000
50 35 5.250000000000
55 35 5.250000000000
60 35 5.250000000000
65 35 5.250000000000
70 35 5.250000000000
75 35 5.250000000000
80 35 5.250000000000
85 35 5.250000000000
90 35 5.250000000000
95 35 5.250000000000
100 35 5.250000000000
105 35 5.250000000000
110 35 5.250000000000
115 35 5.250000000000
120 35 5.250000000000
125 35 5.250000000000
130 35 5.250000000000
135 35 5.250000000000
140 35 5.250000000000
145 35 5.250000000000
150 35 5.250000000000
155 35 5.250000000000
160 35 5.250000000000
165 35 5.250000000000
170 35 5.250000000000
175 35 5.250000000000
180 35 5.250000000000
185 35 5.250000000000
190 35 5.250000000000
195 35 5.250000000000
200 35 5.250000000000
205 35 5.250000000000
210 35 5.250000000000
215 35 5.250000000000
220 35 5.250000000000
225 35 5.250000000000
230 35 5.250000000000
235 35 5.250000000000
240 35 5.250000000000
245 35 5.250000000000
250 35 5.250000000000
255 35 5.250000000000
260 35 5.250000000000
265 35 5.250000000000
270 35 5.250000000000
275 35 5.250000000000
280 35 5.250000000000
285 35 5.250000000000
290 35 5.250000000000
295 35 5.250000000000
300 35 5.250000000000
305 35 5.250000000000
310 35 5.250000000000
315 35 5.250000000000
320 35 5.250000000000
325 35 5.250000000000
330 35 5.250000000000
335 35 5.250000000000
340 35 5.250000000000
345 35 5.250000000000
350 35 5.250000000000
355 35 5.250000000000
360 35 5.250000000000
0 40 5.250000000000
5 40 5.250000000000
10 40 5.250000000000
15 40 5.250000000000
20 40 5.250000000000
25 40 5.250000000000
30 40 5.250000000000
35 40 5.250000000000
40 40 5.250000000000
45 40 5.250000000000
50 40 5.250000000000
55 40 5.250000000000
60 40 5.250000000000
65 40 5.250000000000
70 40 5.250000000000
75 40 5.250000000000
80 40 5.250000000000
85 40 5.250000000000
90 40 5.250000000000
95 40 5.250000000000
100 40 5.250000000000
105 40 5.250000000000
110 40 5.250000000000
115 40 5.250000000000
120 40 5.250000000000
125 40 5.250000000000
130 40 5.250000000000
135 40 5.250000000000
140 40 5.250000000000
145 40 5.250000000000
150 40 5.250000000000
155 40 5.250000000000
160 40 5.250000000000
165 40 5.250000000000
170 40 5.250000000000
175 40 5.250000000000
180 40 5.250000000000
185 40 5.250000000000
190 40 5.250000000000
195 40 5.250000000000
200 40 5.250000000000
205 40 5.250000000000
210 40 5.250000000000
215 40 5.250000000000
220 40 5.250000000000
225 40 5.250000000000
230 40 5.250000000000
235 40 5.250000000000
240 40 5.250000000000
245 40 5.250000000000
250 40 5.250000000000
255 40 5.250000000000
260 40 5.250000000000
265 40 5.250000000000
270 40 5.250000000000
275 40 5.250000000000
280 40 5.250000000000
285 40 5.250000000000
290 40 5.250000000000
295 40 5.250000000000
300 40 5.250000000000
305 40 5.250000000000
310 40 5.250000000000
315 40 5.250000000000
320 40 5.250000000000
325 40 5.250000000000
330 40 5.250000000000
335 40 5.250000000000
340 40 5.250000000000
345 40 5.250000000000
350 40 5.250000000000
355 40 5.250000000000
360 40 5.250000000000
0 45 5.250000000000
5 45 5.250000000000
10 45 5.250000000000
15 45 5.250000000000
20 45 5.250000000000
25 45 5.250000000000
30 45 5.250000000000
35 45 5.250000000000
40 45 5.250000000000
45 45 5.250000000000
50 45 5.250000000000
55 45 5.250000000000
60 45 5.250000000000
65 45 5.250000000000
70 45 5.250000000000
75 45 5.250000000000
80 45 5.250000000000
85 45 5.250000000000
90 45 5.250000000000
95 45 5.250000000000
100 45 5.250000000000
105 45 5.250000000000
110 45 5.250000000000
115 45 5.250000000000
120 45 5.250000000000
125 45 5.250000000000
130 45 5.250000000000
135 45 5.250000000000
140 45 5.250000000000
145 45 5.250000000000
150 45 5.250000000000
155 45 5.250000000000
160 45 5.250000000000
165 45 5.250000000000
170 45 5.250000000000
175 45 5.250000000000
180 45 5.250000000000
185 45 5.250000000000
190 45 5.250000000000
195 45 5.250000000000
200 45 5.250000000000
205 45 5.250000000000
210 45 5.250000000000
215 45 5.250000000000
220 45 5.250000000000
225 45 5.250000000000
230 45 5.250000000000
235 45 5.250000000000
240 45 5.250000000000
245 45 5.250000000000
250 45 5.250000000000
255 45 5.250000000000
260 45 5.250000000000
265 45 5.250000000000
270 45 5.250000000000
275 45 5.250000000000
280 45 5.250000000000
285 45 5.250000000000
290 45 5.250000000000
295 45 5.250000000000
300 45 5.250000000000
305 45 5.250000000000
310 45 5.250000000000
315 45 5.250000000000
320 45 5.250000000000
325 45 5.250000000000
330 45 5.250000000000
335 45 5.250000000000
340 45 5.250000000000
345 45 5.250000000000
350 45 5.250000000000
355 45 5.250000000000
360 45 5.250000000000
0 50 5.250000000000
5 50 5.250000000000
10 50 5.250000000000
15 50 5.250000000000
20 50 5.250000000000
25 50 5.250000000000
30 50 5.250000000000
35 50 5.250000000000
40 50 5.250000000000
45 50 5.250000000000
50 50 5.250000000000
55 50 5.250000000000
60 50 5.250000000000
65 50 5.250000000000
70 50 5.250000000000
75 50 5.250000000000
80 50 5.250000000000
85 50 5.250000000000
90 50 5.250000000000
95 50 5.250000000000
100 50 5.250000000000
105 50 5.250000000000
110 50 5.250000000000
115 50 5.250000000000
120 50 5.250000000000
125 50 5.250000000000
130 50 5.250000000000
135 50 5.250000000000
140 50 5.250000000000
145 50 5.250000000000
150 50 5.250000000000
155 50 5.250000000000
160 50 5.250000000000
165 50 5.250000000000
170 50 5.250000000000
175 50 5.250000000000
180 50 5.250000000000
185 50 5.250000000000
190 50 5.250000000000
195 50 5.250000000000
200 50 5.250000000000
205 50 5.250000000000
210 50 5.250000000000
215 50 5.250000000000
220 50 5.250000000000
225 50 5.250000000000
230 50 5.250000000000
235 50 5.250000000000
240 50 5.250000000000
245 50 5.250000000000
250 50 5.250000000000
255 50 5.250000000000
260 50 5.250000000000
265 50 5.250000000000
270 50 5.250000000000
275 50 5.250000000000
280 50 5.250000000000
285 50 5.250000000000
290 50 5.250000000000
295 50 5.250000000000
300 50 5.250000000000
305 50 5.250000000000
310 50 5.250000000000
315 50 5.250000000000
320 50 5.250000000000
325 50 5.250000000000
330 50 5.250000000000
335 50 5.250000000000
340 50 5.250000000000
345 50 5.250000000000
350 50 5.250000000000
355 50 5.250000000000
360 50 5.250000000000
0 55 5.250000000000
5 55 5.250000000000
10 55 5.250000000000
15 55 5.250000000000
20 55 5.250000000000
25 55 5.250000000000
30 55 5.250000000000
35 55 5.250000000000
40 55 5.250000000000
45 55 5.250000000000
50 55 5.250000000000
55 55 5.250000000000
60 55 5.250000000000
65 55 5.250000000000
70 55 5.250000000000
75 55 5.250000000000
80 55 5.250000000000
85 55 5.250000000000
90 55 5.250000000000
95 55 5.250000000000
100 55 5.250000000000
105 55 5.250000000000
110 55 5.250000000000
115 55 5.250000000000
120 55 5.250000000000
125 55 5.250000000000
130 55 5.250000000000
135 55 5.250000000000
140 55 5.250000000000
145 55 5.250000000000
150 55 5.250000000000
155 55 5.250000000000
160 55 5.250000000000
165 55 5.250000000000
170 55 5.250000000000
175 55 5.250000000000
180 55 5.250000000000
185 55 5.250000000000
190 55 5.250000000000
195 55 5.250000000000
200 55 5.250000000000
205 55 5.250000000000
210 55 5.250000000000
215 55 5.250000000000
220 55 5.250000000000
225 55 5.250000000000
230 55 5.250000000000
235 55 5.250000000000
240 55 5.250000000000
245 55 5.250000000000
250 55 5.250000000000
255 55 5.250000000000
260 55 5.250000000000
265 55 5.250000000000
270 55 5.250000000000
275 55 5.250000000000
280 55 5.250000000000
285 55 5.250000000000
290 55 5.250000000000
295 55 5.250000000000
300 55 5.250000000000
305 55 5.250000000000
310 55 5.250000000000
315 55 5.250000000000
320 55 5.250000000000
325 55 5.250000000000
330 55 5.250000000000
335 55 5.250000000000
340 55 5.250000000000
345 55 5.250000000000
350 55 5.250000000000
355 55 5.250000000000
360 55 5.250000000000
0 60 5.250000000000
5 60 5.250000000000
10 60 5.250000000000
15 60 5.250000000000
20 60 5.250000000000
25 60 5.250000000000
30 60 5.250000000000
35 60 5.250000000000
40 60 5.250000000000
45 60 5.250000000000
50 60 5.250000000000
55 60 5.250000000000
60 60 5.250000000000
65 60 5.250000000000
70 60 5.250000000000
75 60 5.250000000000
80 60 5.250000000000
85 60 5.250000000000
90 60 5.250000000000
95 60 5.250000000000
100 60 5.250000000000
105 60 5.250000000000
110 60 5.250000000000
115 60 5.250000000000
120 60 5.250000000000
125 60 5.250000000000
130 60 5.250000000000
135 60 5.250000000000
140 60 5.250000000000
145 60 5.250000000000
150 60 5.250000000000
155 60 5.250000000000
160 60 5.250000000000
165 60 5.250000000000
170 60 5.250000000000
175 60 5.250000000000
180 60 5.250000000000
185 60 5.250000000000
190 60 5.250000000000
195 60 5.250000000000
200 60 5.250000000000
205 60 5.250000000000
210 60 5.250000000000
215 60 5.250000000000
220 60 5.250000000000
225 60 5.250000000000
230 60 5.250000000000
235 60 5.250000000000
240 60 5.250000000000
245 60 5.250000000000
250 60 5.250000000000
255 60 5.250000000000
260 60 5.250000000000
265 60 5.250000000000
270 60 5.250000000000
275 60 5.250000000000
280 60 5.250000000000
285 60 5.250000000000
290 60 5.250000000000
295 60 5.250000000000
300 60 5.250000000000
305 60 5.250000000000
310 60 5.250000000000
315 60 5.250000000000
320 60 5.250000000000
325 60 5.250000000000
330 60 5.250000000000
335 60 5.250000000000
340 60 5.250000000000
345 60 5.250000000000
350 60 5.250000000000
355 60 5.250000000000
360 60 5.250000000000
0 65 5.250000000000
5 65 5.250000000000
10 65 5.250000000000
15 65 5.250000000000
20 65 5.250000000000
25 65 5.250000000000
30 65 5.250000000000
35 65 5.250000000000
40 65 5.250000000000
45 65 5.250000000000
50 65 5.250000000000
55 65 5.250000000000
60 65 5.250000000000
65 65 5.250000000000
70 65 5.250000000000
75 65 5.250000000000
80 65 5.250000000000
85 65 5.250000000000
90 65 5.250000000000
95 65 5.250000000000
100 65 5.250000000000
105 65 5.250000000000
110 65 5.250000000000
115 65 5.250000000000
120 65 5.250000000000
125 65 5.250000000000
130 65 5.250000000000
135 65 5.250000000000
140 65 5.250000000000
145 65 5.250000000000
150 65 5.250000000000
155 65 5.250000000000
160 65 5.250000000000
165 65 5.250000000000
170 65 5.250000000000
175 65 5.250000000000
180 65 5.250000000000
185 65 5.250000000000
190 65 5.250000000000
195 65 5.250000000000
200 65 5.250000000000
205 65 5.250000000000
210 65 5.250000000000
215 65 5.250000000000
220 65 5.250000000000
225 65 5.250000000000
230 65 5.250000000000
235 65 5.250000000000
240 65 5.250000000000
245 65 5.250000000000
250 65 5.250000000000
255 65 5.250000000000
260 65 5.250000000000
265 65 5.250000000000
270 65 5.250000000000
275 65 5.250000000000
280 65 5.250000000000
285 65 5.250000000000
290 65 5.250000000000
295 65 5.250000000000
300 65 5.250000000000
305 65 5.250000000000
310 65 5.250000000000
315 65 5.250000000000
320 65 5.250000000000
325 65 5.250000000000
330 65 5.250000000000
335 65 5.250000000000
340 65 5.250000000000
345 65 5.250000000000
350 65 5.250000000000
355 65 5.250000000000
360 65 5.250000000000
0 70 5.250000000000
5 70 5.250000000000
10 70 5.250000000000
15 70 5.250000000000
20 70 5.250000000000
25 70 5.250000000000
30 70 5.250000000000
35 70 5.250000000000
40 70 5.250000000000
45 70 5.250000000000
50 70 5.250000000000
55 70 5.250000000000
60 70 5.250000000000
65 70 5.250000000000
70 70 5.250000000000
75 70 5.250000000000
80 70 5.250000000000
85 70 5.250000000000
90 70 5.250000000000
95 70 5.250000000000
100 70 5.250000000000
105 70 5.250000000000
110 70 5.250000000000
115 70 5.250000000000
120 70 5.250000000000
125 70 5.250000000000
130 70 5.250000000000
135 70 5.250000000000
140 70 5.250000000000
145 70 5.250000000000
150 70 5.250000000000
155 70 5.250000000000
160 70 5.250000000000
165 70 5.250000000000
170 70 5.250000000000
175 70 5.250000000000
180 70 5.250000000000
185 70 5.250000000000
190 70 5.250000000000
195 70 5.250000000000
200 70 5.250000000000
205 70 5.250000000000
210 70 5.250000000000
215 70 5.250000000000
220 70 5.250000000000
225 70 5.250000000000
230 70 5.250000000000
235 70 5.250000000000
240 70 5.250000000000
245 70 5.250000000000
250 70 5.250000000000
255 70 5.250000000000
260 70 5.250000000000
265 70 5.250000000000
270 70 5.250000000000
275 70 5.250000000000
280 70 5.250000000000
285 70 5.250000000000
290 70 5.250000000000
295 70 5.250000000000
300 70 5.250000000000
305 70 5.250000000000
310 70 5.250000000000
315 70 5.250000000000
320 70 5.250000000000
325 70 5.250000000000
330 70 5.250000000000
335 70 5.250000000000
340 70 5.250000000000
345 70 5.250000000000
350 70 5.250000000000
355 70 5.250000000000
360 70 5.250000000000
0 75 5.250000000000
5 75 5.250000000000
10 75 5.250000000000
15 75 5.250000000000
20 75 5.250000000000
25 75 5.250000000000
30 75 5.250000000000
35 75 5.250000000000
40 75 5.250000000000
45 75 5.250000000000
50 75 5.250000000000
55 75 5.250000000000
60 75 5.250000000000
65 75 5.250000000000
70 75 5.250000000000
75 75 5.250000000000
80 75 5.250000000000
85 75 5.250000000000
90 75 5.250000000000
95 75 5.250000000000
100 75 5.250000000000
105 75 5.250000000000
110 75 5.250000000000
115 75 5.250000000000
120 75 5.250000000000
125 75 5.250000000000
130 75 5.250000000000
135 75 5.250000000000
140 75 5.250000000000
145 75 5.250000000000
150 75 5.250000000000
155 75 5.250000000000
160 75 5.250000000000
165 75 5.250000000000
170 75 5.250000000000
175 75 5.250000000000
180 75 5.250000000000
185 75 5.250000000000
190 75 5.250000000000
195 75 5.250000000000
200 75 5.250000000000
205 75 5.250000000000
210 75 5.250000000000
215 75 5.250000000000
220 75 5.250000000000
225 75 5.250000000000
230 75 5.250000000000
235 75 5.250000000000
240 75 5.250000000000
245 75 5.250000000000
250 75 5.250000000000
255 75 5.250000000000
260 75 5.250000000000
265 75 5.250000000000
270 75 5.250000000000
275 75 5.250000000000
280 75 5.250000000000
285 75 5.250000000000
290 75 5.250000000000
295 75 5.250000000000
300 75 5.250000000000
305 75 5.250000000000
310 75 5.250000000000
315 75 5.250000000000
320 75 5.250000000000
325 75 5.250000000000
330 75 5.250000000000
335 75 5.250000000000
340 75 5.250000000000
345 75 5.250000000000
350 75 5.250000000000
355 75 5.250000000000
360 75 5.250000000000
0 80 5.250000000000
5 80 5.250000000000
10 80 5.250000000000
15 80 5.250000000000
20 80 5.250000000000
25 80 5.250000000000
30 80 5.250000000000
35 80 5.250000000000
40 80 5.250000000000
45 80 5.250000000000
50 80 5.250000000000
55 80 5.250000000000
60 80 5.250000000000
65 80 5.250000000000
70 80 5.250000000000
75 80 5.250000000000
80 80 5.250000000000
85 80 5.250000000000
90 80 5.250000000000
95 80 5.250000000000
100 80 5.250000000000
105 80 5.250000000000
110 80 5.250000000000
115 80 5.250000000000
120 80 5.250000000000
125 80 5.250000000000
130 80 5.250000000000
135 80 5.250000000000
140 80 5.250000000000
145 80 5.250000000000
150 80 5.250000000000
155 80 5.250000000000
160 80 5.250000000000
165 80 5.250000000000
170 80 5.250000000000
175 80 5.250000000000
180 80 5.250000000000
185 80 5.250000000000
190 80 5.250000000000
195 80 5.250000000000
200 80 5.250000000000
205 80 5.250000000000
210 80 5.250000000000
215 80 5.250000000000
220 80 5.250000000000
225 80 5.250000000000
230 80 5.250000000000
235 80 5.250000000000
240 80 5.250000000000
245 80 5.250000000000
250 80 5.250000000000
255 80 5.250000000000
260 80 5.250000000000
265 80 5.250000000000
270 80 5.250000000000
275 80 5.250000000000
280 80 5.250000000000
285 80 5.250000000000
290 80 5.250000000000
295 80 5.250000000000
300 80 5.250000000000
305 80 5.250000000000
310 80 5.250000000000
315 80 5.250000000000
320 80 5.250000000000
325 80 5.250000000000
330 80 5.250000000000
335 80 5.250000000000
340 80 5.250000000000
345 80 5.250000000000
350 80 5.250000000000
355 80 5.250000000000
360 80 5.250000000000
0 85 5.250000000000
5 85 5.250000000000
10 85 5.250000000000
15 85 5.250000000000
20 85 5.250000000000
25 85 5.250000000000
30 85 5.250000000000
35 85 5.250000000000
40 85 5.250000000000
45 85 5.250000000000
50 85 5.250000000000
55 85 5.250000000000
60 85 5.250000000000
65 85 5.250000000000
70 85 5.250000000000
75 85 5.250000000000
80 85 5.250000000000
85 85 5.250000000000
90 85 5.250000000000
95 85 5.250000000000
100 85 5.250000000000
105 85 5.250000000000
110 85 5.250000000000
115 85 5.250000000000
120 85 5.250000000000
125 85 5.250000000000
130 85 5.250000000000
135 85 5.250000000000
140 85 5.250000000000
145 85 5.250000000000
150 85 5.250000000000
155 85 5.250000000000
160 85 5.250000000000
165 85 5.250000000000
170 85 5.250000000000
175 85 5.250000000000
180 85 5.250000000000
185 85 5.250000000000
190 85 5.250000000000
195 85 5.250000000000
200 85 5.250000000000
205 85 5.250000000000
210 85 5.250000000000
215 85 5.250000000000
220 85 5.250000000000
225 85 5.250000000000
230 85 5.250000000000
235 85 5.250000000000
240 85 5.250000000000
245 85 5.250000000000
250 85 5.250000000000
255 85 5.250000000000
260 85 5.250000000000
265 85 5.250000000000
270 85 5.250000000000
275 85 5.250000000000
280 85 5.250000000000
285 85 5.250000000000
290 85 5.250000000000
295 85 5.250000000000
300 85 5.250000000000
305 85 5.250000000000
310 85 5.250000000000
315 85 5.250000000000
320 85 5.250000000000
325 85 5.250000000000
330 85 5.250000000000
335 85 5.250000000000
340 85 5.250000000000
345 85 5.250000000000
350 85 5.250000000000
355 85 5.250000000000
360 85 5.250000000000
0 90 5.250000000000
5 90 5.250000000000
10 90 5.250000000000
15 90 5.250000000000
20 90 5.250000000000
25 90 5.250000000000
30 90 5.250000000000
35 90 5.250000000000
40 90 5.250000000000
45 90 5.250000000000
50 90 5.250000000000
55 90 5.250000000000
60 90 5.250000000000
65 90 5.250000000000
70 90 5.250000000000
75 90 5.250000000000
80 90 5.250000000000
85 90 5.250000000000
90 90 5.250000000000
95 90 5.250000000000
100 90 5.250000000000
105 90 5.250000000000
110 90 5.250000000000
115 90 5.250000000000
120 90 5.250000000000
125 90 5.250000000000
130 90 5.250000000000
135 90 5.250000000000
140 90 5.250000000000
145 90 5.250000000000
150 90 5.250000000000
155 90 5.250000000000
160 90 5.250000000000
165 90 5.250000000000
170 90 5.250000000000
175 90 5.250000000000
180 90 5.250000000000
185 90 5.250000000000
190 90 5.250000000000
195 90 5.250000000000
200 90 5.250000000000
205 90 5.250000000000
210 90 5.250000000000
215 90 5.250000000000
220 90 5.250000000000
225 90 5.250000000000
230 90 5.250000000000
235 90 5.250000000000
240 90 5.250000000000
245 90 5.250000000000
250 90 5.250000000000
255 90 5.250000000000
260 90 5.250000000000
265 90 5.250000000000
270 90 5.250000000000
275 90 5.250000000000
280 90 5.250000000000
285 90 5.250000000000
290 90 5.250000000000
295 90 5.250000000000
300 90 5.250000000000
305 90 5.250000000000
310 90 5.250000000000
315 90 5.250000000000
320 90 5.250000000000
325 90 5.250000000000
330 90 5.250000000000
335 90 5.250000000000
340 90 5.250000000000
345 90 5.250000000000
350 90 5.250000000000
355 90 5.250000000000
360 90 5.250000000000
