402 800
    8.470469    -5.739412    58.936905
   19.883069    -5.739412    56.781605
    8.470469     4.914088    58.270705
   -2.853231    -5.739412    60.163505
    8.470469   -16.328912    58.526405
   32.085869    -5.739412    54.465405
   24.728369     9.514888    55.143005
    8.470469    15.624388    57.125205
   -7.792331     9.553888    58.149805
  -14.907231    -5.739412    60.080805
   -7.540831   -20.237812    58.978605
    8.470469   -26.518312    56.461905
   24.805569   -21.326312    55.531605
   45.290369    -5.739412    52.674705
   39.713669    10.649288    52.232105
   25.781869    21.815888    54.156305
    8.470469    26.610788    55.713605
   -9.040131    23.364288    55.335905
  -23.110631    11.161788    56.453905
  -28.190131    -5.739412    58.829505
  -22.002431   -21.114312    57.894105
   -8.186531   -31.482512    54.262505
    8.470469   -35.854412    52.599505
   25.677469   -33.608912    53.373805
   39.758669   -22.917012    53.760505
   59.079669    -5.739412    51.527805
   54.652569    11.128388    49.909205
   42.651369    24.181788    50.201205
   26.323369    33.186488    52.469705
    8.470469    37.999488    53.683605
   -9.814531    37.095988    52.622205
  -26.969131    28.244988    52.193805
  -39.088831    12.390288    54.338105
  -42.561431    -5.739412    56.752005
  -36.640931   -21.728012    55.675705
  -23.802331   -33.526112    51.337705
   -8.111831   -40.815812    47.705505
    8.470469   -44.138012    47.326305
   25.837069   -43.625812    49.444905
   42.366069   -37.446812    51.779305
   54.539869   -23.799612    52.623305
   72.597669    -5.739412    50.247405
   69.014569    11.367188    47.819405
   58.881969    25.376188    46.016905
   44.052969    36.280388    46.632505
   26.747769    44.311888    48.901905
    8.470469    49.490588    50.207205
  -10.483831    50.584188    49.409405
  -29.443631    45.057688    48.387705
  -45.581331    31.821188    49.289205
  -55.391931    13.433388    51.951305
  -57.279931    -5.739412    53.872505
  -51.386231   -22.361512    52.440205
  -39.225031   -34.974312    47.852705
  -23.884831   -43.560512    43.015105
   -7.916331   -48.824112    40.588305
    8.470469   -51.618212    41.235005
   25.866569   -52.225512    43.917405
   43.352869   -49.287112    47.075405
   58.514769   -40.153112    49.690205
   68.868569   -24.358112    51.023105
   84.906069    -5.739412    47.122505
   81.799069    11.500588    44.621505
   73.325969    26.125688    41.362405
   60.535269    38.167088    39.646705
   44.650169    47.673188    40.382705
   27.006969    54.928388    42.605605
    8.470469    60.220988    44.334105
  -10.948731    62.722588    44.475605
  -31.034331    60.135388    43.899505
  -49.766631    50.430588    44.199105
  -63.805631    34.122588    46.004805
  -71.043831    14.211888    48.425105
  -71.447331    -5.739412    49.531205
  -65.576831   -23.016612    47.751305
  -54.223031   -36.285512    43.334105
  -39.369631   -45.616012    38.256105
  -23.529631   -51.893912    34.631305
   -7.789231   -56.073312    33.488205
    8.470469   -58.825012    34.654505
   25.919169   -60.285112    37.153305
   43.810469   -59.470612    39.925005
   60.269069   -54.062812    42.586505
   73.475669   -42.083312    45.198705
   82.034369   -24.665612    47.169805
   95.169769    -5.739412    40.113405
   92.156269    11.517288    38.359705
   84.886169    26.586988    34.935405
   74.150169    39.440488    31.867505
   60.478769    49.880588    30.612805
   44.458869    57.906088    31.411105
   26.925469    64.080388    33.475605
    8.470469    68.968988    35.505805
  -10.965131    72.106688    36.596205
  -31.442531    71.666588    36.914805
  -51.704031    65.508288    37.330505
  -68.894431    52.888688    38.508305
  -80.315531    35.100988    40.370505
  -85.246131    14.646188    42.075405
  -84.457331    -5.739412    42.420305
  -78.629031   -23.629012    40.587205
  -68.150031   -37.527112    36.805905
  -54.149131   -47.365512    32.304105
  -38.627031   -54.164112    28.532505
  -23.124331   -59.125212    26.422105
   -7.718931   -63.023212    26.179505
    8.470469   -66.143912    27.398105
   25.936069   -68.345412    29.265405
   43.913669   -68.830312    31.031805
   60.818969   -65.877612    32.587705
   75.273369   -57.447812    34.432805
   86.359069   -42.991912    36.888205
   93.228469   -24.636912    39.295005
  102.561569    -5.739412    28.269105
   99.462069    11.250788    27.635105
   92.979969    26.531288    25.290805
   83.909269    39.931588    22.488705
   72.554469    51.045788    20.478605
   58.935869    59.558588    19.852705
   43.319869    65.779388    20.575105
   26.332169    70.573888    22.175805
    8.470469    74.635288    23.954405
  -10.308131    77.727688    25.332705
  -30.237231    78.508288    26.192905
  -50.764431    75.167388    26.851505
  -69.904931    66.530488    27.707505
  -84.945331    52.708388    28.916205
  -94.129831    34.855688    30.264305
  -97.476331    14.673088    31.228905
  -95.916031    -5.739412    31.193705
  -90.111131   -24.066812    29.776005
  -80.355331   -38.548812    27.105905
  -67.342731   -48.816612    23.832405
  -52.520731   -55.841012    20.803605
  -37.387631   -61.057112    18.678705
  -22.545531   -65.532812    17.747605
   -7.534531   -69.675612    17.944505
    8.470469   -73.363112    18.897805
   25.701369   -76.150512    20.025005
   43.349269   -77.284912    20.823905
   60.054269   -75.571912    21.248905
   74.758169   -69.535512    21.750805
   86.924369   -58.250412    22.882605
   96.071469   -42.364212    24.813105
  101.477169   -24.065312    26.999605
  106.187469    -5.739412    12.936305
  103.172669    10.451588    13.023705
   97.395469    25.490688    12.159405
   89.655369    39.037388    10.770205
   80.274269    50.523888     9.463405
   69.110869    59.423188     8.656705
   55.997869    65.732888     8.493405
   41.156069    70.127988     8.917105
   25.157669    73.572088     9.739605
    8.470469    76.696588    10.697205
   -8.906731    79.362188    11.550005
  -27.285731    80.619388    12.194505
  -46.648831    79.112288    12.690405
  -65.993931    73.734988    13.179105
  -83.308831    64.089388    13.769605
  -96.452431    50.444388    14.465105
 -104.269631    33.461688    15.144705
 -106.878531    14.179988    15.590605
 -105.005431    -5.739412    15.560105
  -99.251531   -24.092912    14.893805
  -90.008931   -38.941012    13.620005
  -77.890931   -49.583612    11.979105
  -63.994931   -56.749812    10.330505
  -49.569731   -61.897512     9.002805
  -35.383531   -66.348712     8.192905
  -21.395231   -70.812612     7.949605
   -6.980031   -75.327812     8.189605
    8.470469   -79.444412     8.705005
   24.944569   -82.476512     9.200805
   41.646369   -83.668812     9.426005
   57.456069   -82.222412     9.345905
   71.583369   -77.323512     9.176105
   83.753969   -68.397312     9.234205
   93.828669   -55.554812     9.754905
  101.367169   -39.818712    10.765905
  105.651269   -22.753112    12.005105
  105.390469    -5.739412    -2.875095
  102.899769     8.970588    -2.875095
   98.092969    23.101388    -2.875095
   91.660569    36.194788    -2.875095
   83.956069    47.596288    -2.875095
   74.903769    56.678488    -2.875095
   64.234869    63.212888    -2.875095
   51.860769    67.569688    -2.875095
   38.088169    70.553388    -2.875095
   23.478669    72.990688    -2.875095
    8.470469    75.338888    -2.875095
   -6.901031    77.481588    -2.875095
  -22.942631    78.761388    -2.875095
  -39.926231    78.234288    -2.875095
  -57.607431    75.045988    -2.875095
  -74.942231    68.711988    -2.875095
  -90.278531    59.129288    -2.875095
 -102.000031    46.408088    -2.875095
 -109.169031    30.811788    -2.875095
 -111.681331    12.983088    -2.875095
 -109.934931    -5.739412    -2.875095
 -104.442731   -23.390712    -2.875095
  -95.734331   -38.083312    -2.875095
  -84.502631   -48.903612    -2.875095
  -71.691331   -56.233812    -2.875095
  -58.311231   -61.302212    -2.875095
  -45.083131   -65.448312    -2.875095
  -32.186831   -69.604912    -2.875095
  -19.293131   -74.106512    -2.875095
   -5.856331   -78.720112    -2.875095
    8.470469   -82.810012    -2.875095
   23.511569   -85.584812    -2.875095
   38.568569   -86.334512    -2.875095
   52.789569   -84.554612    -2.875095
   65.617269   -79.953012    -2.875095
   76.930769   -72.438912    -2.875095
   86.799069   -62.173412    -2.875095
   95.104769   -49.631312    -2.875095
  101.368369   -35.547412    -2.875095
  104.932469   -20.710112    -2.875095
  100.328869    -5.739412   -16.640295
   98.160369     9.743588   -17.338295
   93.255769    24.910088   -17.183195
   86.400569    38.790388   -16.324395
   77.857669    50.211088   -15.259095
   67.364769    58.414688   -14.452195
   54.662069    63.584288   -14.133495
   40.048169    66.735088   -14.311695
   24.380769    69.059888   -14.846295
    8.470469    71.257688   -15.519995
   -7.511231    73.210488   -16.132595
  -24.035131    74.075688   -16.598595
  -41.636431    72.720488   -16.976095
  -60.146231    68.249088   -17.404895
  -78.236431    60.236388   -18.011095
  -93.714831    48.552488   -18.832395
 -104.482331    33.188388   -19.776795
 -109.390031    14.576088   -20.610895
 -108.370731    -5.739412   -21.005595
 -102.072531   -25.021112   -20.669795
  -91.575431   -40.553512   -19.536095
  -78.302431   -51.260812   -17.854495
  -63.805231   -58.084012   -16.079895
  -49.298231   -62.945712   -14.641595
  -35.244331   -67.512512   -13.792295
  -21.332231   -72.547012   -13.592695
   -6.891731   -77.795812   -13.941395
    8.470469   -82.218412   -14.574695
   24.399669   -84.497412   -15.096395
   39.904969   -83.642412   -15.155495
   54.029169   -79.326112   -14.702195
   66.425969   -71.798112   -14.035995
   77.273769   -61.598412   -13.577395
   86.688469   -49.345512   -13.631595
   94.239369   -35.637612   -14.298895
   99.030669   -20.978912   -15.439295
   92.219969    -5.739412   -27.699695
   90.910469     9.989988   -29.386695
   86.322669    25.623788   -29.512895
   79.116669    39.531488   -28.276395
   69.337669    50.106288   -26.673995
   56.702469    56.865088   -25.598495
   41.505669    60.740588   -25.373795
   24.977469    63.239688   -25.815995
    8.470469    65.337188   -26.484995
   -7.612031    66.924088   -27.001595
  -23.930131    66.981188   -27.307995
  -41.325831    64.261388   -27.678595
  -59.667731    57.939788   -28.498495
  -77.212431    47.667388   -30.013895
  -91.102931    33.258588   -32.152295
  -98.771831    14.923588   -34.399895
  -99.097931    -5.739412   -35.828695
  -92.600531   -25.401512   -35.494995
  -81.013531   -40.745212   -33.145095
  -66.639731   -50.831312   -29.563795
  -51.534131   -57.281312   -26.065395
  -36.770631   -62.463412   -23.681895
  -22.268331   -67.844412   -22.832195
   -7.322831   -73.370112   -23.405795
    8.470469   -77.653612   -24.815195
   24.561669   -78.857612   -26.043595
   39.733069   -75.885912   -26.144695
   53.107269   -68.951112   -25.047095
   64.693369   -59.110412   -23.627995
   74.873369   -47.437112   -22.925195
   83.508969   -34.560512   -23.511595
   89.654369   -20.663612   -25.341295
   82.825469    -5.739412   -36.859395
   82.564069    10.024788   -39.502995
   78.247069    25.705788   -40.191295
   70.153269    38.979288   -39.055295
   58.186069    48.141988   -37.420295
   42.715469    53.429488   -36.326995
   25.439669    56.423688   -35.878395
    8.470469    58.387088   -35.586795
   -7.420331    59.265788   -35.090295
  -23.078931    57.930388   -34.618195
  -39.604531    53.167588   -34.843295
  -56.686231    44.353288   -36.389495
  -71.888631    31.267088   -39.396295
  -81.682331    14.051088   -43.149495
  -83.594931    -5.739412   -45.918595
  -77.633131   -24.537412   -45.721595
  -66.023031   -38.887812   -42.083095
  -51.763831   -48.283612   -36.782195
  -37.023831   -54.841812   -32.317995
  -22.385531   -60.745812   -30.185095
   -7.335531   -66.432112   -30.601295
    8.470469   -70.368812   -32.746595
   24.286469   -70.332512   -34.869695
   38.758769   -65.376512   -35.221895
   51.234769   -56.509712   -33.743295
   62.054769   -45.478812   -32.088795
   71.502769   -33.361612   -31.909195
   78.874269   -20.237312   -33.747695
   73.538069    -5.739412   -45.231195
   74.023269    10.202588   -48.568295
   69.246969    25.719088   -49.794095
   59.032369    37.878488   -48.840395
   43.842969    45.361888   -47.024995
   25.933369    49.236288   -45.134695
    8.470469    50.979688   -43.092295
   -7.178131    50.694388   -40.976295
  -21.986931    47.309688   -39.627895
  -37.129331    39.885488   -40.161395
  -51.698631    28.179788   -43.141295
  -62.348431    12.464288   -47.837095
  -65.575131    -5.739412   -51.668795
  -60.603331   -22.969612   -51.388295
  -49.781931   -36.088312   -46.507695
  -36.345531   -45.121112   -40.301195
  -22.120431   -52.164112   -36.352895
   -7.221731   -58.266412   -36.050895
    8.470469   -62.017412   -38.667995
   23.979269   -60.980912   -41.749995
   37.858069   -54.554212   -42.654095
   49.706669   -44.542412   -41.414495
   59.964369   -32.909412   -40.510995
   68.379069   -20.145012   -41.856095
   64.773569    -5.739412   -53.346695
   65.223969    10.728288   -56.961495
   58.570969    25.912188   -58.240995
   44.785169    36.460388   -56.747795
   26.551369    41.824088   -53.535995
    8.470469    43.359088   -49.482895
   -7.071531    41.489588   -45.733695
  -21.002031    35.522888   -44.047895
  -34.200931    25.143088   -45.741095
  -44.682231    10.854688   -50.346995
  -48.689831    -5.739412   -54.531695
  -44.653531   -21.432212   -53.784595
  -34.677031   -33.618512   -48.085095
  -21.753331   -42.658612   -42.465495
   -7.221831   -49.732312   -40.898795
    8.470469   -53.707312   -43.576395
   23.970269   -52.036012   -47.522495
   37.662269   -44.515012   -49.245295
   49.239769   -33.510112   -49.067695
   58.724869   -20.625012   -50.048595
   55.964769    -5.739412   -60.802995
   55.211269    11.527988   -64.148795
   44.933569    25.870588   -64.388695
   27.245369    33.765788   -60.826495
    8.470469    35.419088   -55.174195
   -7.174831    31.720888   -50.347195
  -20.119131    22.883988   -49.257195
  -30.323631     9.750188   -52.447195
  -34.711131    -5.739412   -56.127095
  -31.096131   -20.467412   -54.673295
  -21.134831   -32.215312   -49.154295
   -7.418231   -40.971512   -46.142995
    8.470469   -45.640612   -48.445395
   24.410569   -43.483112   -53.067695
   38.284269   -34.612912   -55.837595
   49.297869   -21.617312   -57.569295
   46.069269    -5.739412   -66.478395
   42.743469    12.144988   -68.867095
   27.724569    24.118788   -66.520495
    8.470469    26.783988   -60.253795
   -7.382531    21.186188   -55.250795
  -18.600031     9.342688   -55.398495
  -23.421831    -5.739412   -57.716395
  -19.329231   -20.259612   -55.686895
   -7.660431   -31.513012   -52.105295
    8.470469   -37.317912   -53.726795
   25.191469   -34.252312   -58.853195
   38.754769   -22.639612   -62.868495
   34.412769    -5.739412   -69.288495
   27.135169    11.541188   -69.838095
    8.470469    17.033288   -64.334895
   -7.156731     9.267088   -60.003695
  -13.455631    -5.739412   -60.014595
   -7.339531   -20.416612   -58.157295
    8.470469   -28.027012   -59.143995
   25.617769   -22.524812   -64.698195
   21.418469    -5.739412   -69.016795
    8.470469     6.044088   -66.657695
   -3.187131    -5.739412   -63.128995
    8.470469   -17.394312   -63.778795
    8.470469    -5.739412   -66.511495
     1      2      3
     1      3      4
     1      4      5
     1      5      2
     2      6      7
     7      3      2
     3      7      8
     3      8      9
     9      4      3
     4      9     10
     4     10     11
    11      5      4
     5     11     12
     5     12     13
    13      2      5
     2     13      6
     6     14     15
    15      7      6
     7     15     16
    16      8      7
     8     16     17
     8     17     18
    18      9      8
     9     18     19
    19     10      9
    10     19     20
    10     20     21
    21     11     10
    11     21     22
    22     12     11
    12     22     23
    12     23     24
    24     13     12
    13     24     25
    25      6     13
     6     25     14
    14     26     27
    27     15     14
    15     27     28
    28     16     15
    16     28     29
    29     17     16
    17     29     30
    17     30     31
    31     18     17
    18     31     32
    32     19     18
    19     32     33
    33     20     19
    20     33     34
    20     34     35
    35     21     20
    21     35     36
    36     22     21
    22     36     37
    37     23     22
    23     37     38
    23     38     39
    39     24     23
    24     39     40
    40     25     24
    25     40     41
    41     14     25
    14     41     26
    26     42     43
    43     27     26
    27     43     44
    44     28     27
    28     44     45
    45     29     28
    29     45     46
    46     30     29
    30     46     47
    30     47     48
    48     31     30
    31     48     49
    49     32     31
    32     49     50
    50     33     32
    33     50     51
    51     34     33
    34     51     52
    34     52     53
    53     35     34
    35     53     54
    54     36     35
    36     54     55
    55     37     36
    37     55     56
    56     38     37
    38     56     57
    38     57     58
    58     39     38
    39     58     59
    59     40     39
    40     59     60
    60     41     40
    41     60     61
    61     26     41
    26     61     42
    42     62     63
    63     43     42
    43     63     64
    64     44     43
    44     64     65
    65     45     44
    45     65     66
    66     46     45
    46     66     67
    67     47     46
    47     67     68
    47     68     69
    69     48     47
    48     69     70
    70     49     48
    49     70     71
    71     50     49
    50     71     72
    72     51     50
    51     72     73
    73     52     51
    52     73     74
    52     74     75
    75     53     52
    53     75     76
    76     54     53
    54     76     77
    77     55     54
    55     77     78
    78     56     55
    56     78     79
    79     57     56
    57     79     80
    57     80     81
    81     58     57
    58     81     82
    82     59     58
    59     82     83
    83     60     59
    60     83     84
    84     61     60
    61     84     85
    85     42     61
    42     85     62
    62     86     87
    87     63     62
    63     87     88
    88     64     63
    64     88     89
    89     65     64
    65     89     90
    90     66     65
    66     90     91
    91     67     66
    67     91     92
    92     68     67
    68     92     93
    68     93     94
    94     69     68
    69     94     95
    95     70     69
    70     95     96
    96     71     70
    71     96     97
    97     72     71
    72     97     98
    98     73     72
    73     98     99
    99     74     73
    74     99    100
    74    100    101
   101     75     74
    75    101    102
   102     76     75
    76    102    103
   103     77     76
    77    103    104
   104     78     77
    78    104    105
   105     79     78
    79    105    106
   106     80     79
    80    106    107
    80    107    108
   108     81     80
    81    108    109
   109     82     81
    82    109    110
   110     83     82
    83    110    111
   111     84     83
    84    111    112
   112     85     84
    85    112    113
   113     62     85
    62    113     86
    86    114    115
   115     87     86
    87    115    116
   116     88     87
    88    116    117
   117     89     88
    89    117    118
   118     90     89
    90    118    119
   119     91     90
    91    119    120
   120     92     91
    92    120    121
   121     93     92
    93    121    122
    93    122    123
   123     94     93
    94    123    124
   124     95     94
    95    124    125
   125     96     95
    96    125    126
   126     97     96
    97    126    127
   127     98     97
    98    127    128
   128     99     98
    99    128    129
   129    100     99
   100    129    130
   100    130    131
   131    101    100
   101    131    132
   132    102    101
   102    132    133
   133    103    102
   103    133    134
   134    104    103
   104    134    135
   135    105    104
   105    135    136
   136    106    105
   106    136    137
   137    107    106
   107    137    138
   107    138    139
   139    108    107
   108    139    140
   140    109    108
   109    140    141
   141    110    109
   110    141    142
   142    111    110
   111    142    143
   143    112    111
   112    143    144
   144    113    112
   113    144    145
   145     86    113
    86    145    114
   114    146    147
   147    115    114
   115    147    148
   148    116    115
   116    148    149
   149    117    116
   117    149    150
   150    118    117
   118    150    151
   151    119    118
   119    151    152
   152    120    119
   120    152    153
   153    121    120
   121    153    154
   154    122    121
   122    154    155
   122    155    156
   156    123    122
   123    156    157
   157    124    123
   124    157    158
   158    125    124
   125    158    159
   159    126    125
   126    159    160
   160    127    126
   127    160    161
   161    128    127
   128    161    162
   162    129    128
   129    162    163
   163    130    129
   130    163    164
   130    164    165
   165    131    130
   131    165    166
   166    132    131
   132    166    167
   167    133    132
   133    167    168
   168    134    133
   134    168    169
   169    135    134
   135    169    170
   170    136    135
   136    170    171
   171    137    136
   137    171    172
   172    138    137
   138    172    173
   138    173    174
   174    139    138
   139    174    175
   175    140    139
   140    175    176
   176    141    140
   141    176    177
   177    142    141
   142    177    178
   178    143    142
   143    178    179
   179    144    143
   144    179    180
   180    145    144
   145    180    181
   181    114    145
   114    181    146
   146    182    183
   183    147    146
   147    183    184
   184    148    147
   148    184    185
   185    149    148
   149    185    186
   186    150    149
   150    186    187
   187    151    150
   151    187    188
   188    152    151
   152    188    189
   189    153    152
   153    189    190
   190    154    153
   154    190    191
   191    155    154
   155    191    192
   155    192    193
   193    156    155
   156    193    194
   194    157    156
   157    194    195
   195    158    157
   158    195    196
   196    159    158
   159    196    197
   197    160    159
   160    197    198
   198    161    160
   161    198    199
   199    162    161
   162    199    200
   200    163    162
   163    200    201
   201    164    163
   164    201    202
   164    202    203
   203    165    164
   165    203    204
   204    166    165
   166    204    205
   205    167    166
   167    205    206
   206    168    167
   168    206    207
   207    169    168
   169    207    208
   208    170    169
   170    208    209
   209    171    170
   171    209    210
   210    172    171
   172    210    211
   211    173    172
   173    211    212
   173    212    213
   213    174    173
   174    213    214
   214    175    174
   175    214    215
   215    176    175
   176    215    216
   216    177    176
   177    216    217
   217    178    177
   178    217    218
   218    179    178
   179    218    219
   219    180    179
   180    219    220
   220    181    180
   181    220    221
   221    146    181
   146    221    182
   222    183    182
   223    183    222
   223    184    183
   224    184    223
   224    185    184
   225    185    224
   225    186    185
   226    186    225
   226    187    186
   227    187    226
   227    188    187
   228    188    227
   228    189    188
   229    189    228
   229    190    189
   230    190    229
   230    191    190
   231    191    230
   231    192    191
   231    193    192
   232    193    231
   232    194    193
   233    194    232
   233    195    194
   234    195    233
   234    196    195
   235    196    234
   235    197    196
   236    197    235
   236    198    197
   237    198    236
   237    199    198
   238    199    237
   238    200    199
   239    200    238
   239    201    200
   240    201    239
   240    202    201
   240    203    202
   241    203    240
   241    204    203
   242    204    241
   242    205    204
   243    205    242
   243    206    205
   244    206    243
   244    207    206
   245    207    244
   245    208    207
   246    208    245
   246    209    208
   247    209    246
   247    210    209
   248    210    247
   248    211    210
   249    211    248
   249    212    211
   249    213    212
   250    213    249
   250    214    213
   251    214    250
   251    215    214
   252    215    251
   252    216    215
   253    216    252
   253    217    216
   254    217    253
   254    218    217
   255    218    254
   255    219    218
   256    219    255
   256    220    219
   257    220    256
   257    221    220
   222    221    257
   222    182    221
   258    223    222
   259    223    258
   259    224    223
   260    224    259
   260    225    224
   261    225    260
   261    226    225
   262    226    261
   262    227    226
   263    227    262
   263    228    227
   264    228    263
   264    229    228
   265    229    264
   265    230    229
   266    230    265
   266    231    230
   266    232    231
   267    232    266
   267    233    232
   268    233    267
   268    234    233
   269    234    268
   269    235    234
   270    235    269
   270    236    235
   271    236    270
   271    237    236
   272    237    271
   272    238    237
   273    238    272
   273    239    238
   274    239    273
   274    240    239
   274    241    240
   275    241    274
   275    242    241
   276    242    275
   276    243    242
   277    243    276
   277    244    243
   278    244    277
   278    245    244
   279    245    278
   279    246    245
   280    246    279
   280    247    246
   281    247    280
   281    248    247
   282    248    281
   282    249    248
   282    250    249
   283    250    282
   283    251    250
   284    251    283
   284    252    251
   285    252    284
   285    253    252
   286    253    285
   286    254    253
   287    254    286
   287    255    254
   288    255    287
   288    256    255
   289    256    288
   289    257    256
   258    257    289
   258    222    257
   290    259    258
   291    259    290
   291    260    259
   292    260    291
   292    261    260
   293    261    292
   293    262    261
   294    262    293
   294    263    262
   295    263    294
   295    264    263
   296    264    295
   296    265    264
   297    265    296
   297    266    265
   297    267    266
   298    267    297
   298    268    267
   299    268    298
   299    269    268
   300    269    299
   300    270    269
   301    270    300
   301    271    270
   302    271    301
   302    272    271
   303    272    302
   303    273    272
   304    273    303
   304    274    273
   304    275    274
   305    275    304
   305    276    275
   306    276    305
   306    277    276
   307    277    306
   307    278    277
   308    278    307
   308    279    278
   309    279    308
   309    280    279
   310    280    309
   310    281    280
   311    281    310
   311    282    281
   311    283    282
   312    283    311
   312    284    283
   313    284    312
   313    285    284
   314    285    313
   314    286    285
   315    286    314
   315    287    286
   316    287    315
   316    288    287
   317    288    316
   317    289    288
   290    289    317
   290    258    289
   318    291    290
   319    291    318
   319    292    291
   320    292    319
   320    293    292
   321    293    320
   321    294    293
   322    294    321
   322    295    294
   323    295    322
   323    296    295
   324    296    323
   324    297    296
   324    298    297
   325    298    324
   325    299    298
   326    299    325
   326    300    299
   327    300    326
   327    301    300
   328    301    327
   328    302    301
   329    302    328
   329    303    302
   330    303    329
   330    304    303
   330    305    304
   331    305    330
   331    306    305
   332    306    331
   332    307    306
   333    307    332
   333    308    307
   334    308    333
   334    309    308
   335    309    334
   335    310    309
   336    310    335
   336    311    310
   336    312    311
   337    312    336
   337    313    312
   338    313    337
   338    314    313
   339    314    338
   339    315    314
   340    315    339
   340    316    315
   341    316    340
   341    317    316
   318    317    341
   318    290    317
   342    319    318
   343    319    342
   343    320    319
   344    320    343
   344    321    320
   345    321    344
   345    322    321
   346    322    345
   346    323    322
   347    323    346
   347    324    323
   347    325    324
   348    325    347
   348    326    325
   349    326    348
   349    327    326
   350    327    349
   350    328    327
   351    328    350
   351    329    328
   352    329    351
   352    330    329
   352    331    330
   353    331    352
   353    332    331
   354    332    353
   354    333    332
   355    333    354
   355    334    333
   356    334    355
   356    335    334
   357    335    356
   357    336    335
   357    337    336
   358    337    357
   358    338    337
   359    338    358
   359    339    338
   360    339    359
   360    340    339
   361    340    360
   361    341    340
   342    341    361
   342    318    341
   362    343    342
   363    343    362
   363    344    343
   364    344    363
   364    345    344
   365    345    364
   365    346    345
   366    346    365
   366    347    346
   366    348    347
   367    348    366
   367    349    348
   368    349    367
   368    350    349
   369    350    368
   369    351    350
   370    351    369
   370    352    351
   370    353    352
   371    353    370
   371    354    353
   372    354    371
   372    355    354
   373    355    372
   373    356    355
   374    356    373
   374    357    356
   374    358    357
   375    358    374
   375    359    358
   376    359    375
   376    360    359
   377    360    376
   377    361    360
   362    361    377
   362    342    361
   378    363    362
   379    363    378
   379    364    363
   380    364    379
   380    365    364
   381    365    380
   381    366    365
   381    367    366
   382    367    381
   382    368    367
   383    368    382
   383    369    368
   384    369    383
   384    370    369
   384    371    370
   385    371    384
   385    372    371
   386    372    385
   386    373    372
   387    373    386
   387    374    373
   387    375    374
   388    375    387
   388    376    375
   389    376    388
   389    377    376
   378    377    389
   378    362    377
   390    379    378
   391    379    390
   391    380    379
   392    380    391
   392    381    380
   392    382    381
   393    382    392
   393    383    382
   394    383    393
   394    384    383
   394    385    384
   395    385    394
   395    386    385
   396    386    395
   396    387    386
   396    388    387
   397    388    396
   397    389    388
   390    389    397
   390    378    389
   398    391    390
   399    391    398
   399    392    391
   399    393    392
   400    393    399
   400    394    393
   400    395    394
   401    395    400
   401    396    395
   401    397    396
   398    397    401
   398    390    397
   402    399    398
   402    400    399
   402    401    400
   402    398    401
