900 1796
   -9.751420    12.329097    46.888594
   -9.861722    13.160724    46.817531
  -22.021698    25.320786    46.817531
  -23.091093    24.626196    46.991307
  -25.055072    22.813398    47.363267
  -25.430223    22.211518    47.459513
  -25.514395    21.494247    47.538424
  -25.677046    19.185302    47.781884
  -23.458568    13.375724    48.135561
  -22.412027    12.329097    48.135561
  -23.225371    11.102397    47.934618
  -22.483521     8.032111    47.705301
  -22.412027     7.960616    47.705301
  -19.847806    -2.265219    46.445571
   -7.598312   -21.917775    43.303532
   -6.246821   -23.396560    43.024799
    8.580778    -8.568960    43.024799
    9.070717    -4.873509    43.340443
   32.836306    -4.873509    36.131252
   34.533368    -3.414388    35.433126
   36.807989     0.658888    34.231350
   35.540928    17.327572    32.521266
   25.235492    42.207144    32.521266
   24.877158    42.352374    32.611733
   20.002094    43.877729    33.898888
   13.227733    45.763401    35.716947
   12.119701    46.059382    36.015860
   11.872964    46.039719    36.093219
    7.706116    45.298731    37.450316
    5.664951    44.499358    38.169916
    5.651842    44.494011    38.174573
    0.155840    41.593880    40.206166
   -2.167508    40.034201    41.106873
   -2.420282    39.825669    41.209759
   -2.421404    39.824548    41.210276
   -2.422007    39.824375    41.210363
   -5.399239    37.930424    42.011288
  -22.034634    -0.078478    46.445571
   -0.703213   -38.931771    39.008788
    1.663342   -39.912079    39.008788
    4.442735   -43.471269    37.966558
    4.752946   -44.201993    37.705936
    5.408641   -44.964628    37.392190
    6.902086   -44.851134    37.239024
    8.103690   -44.653899    37.147867
    8.299631   -44.547477    37.155543
   16.800031   -40.904202    36.356946
   17.492724   -40.506628    36.308392
   20.313771   -39.623946    35.563523
   25.448077   -37.615552    34.258430
   25.790456   -37.429098    34.177966
   31.389000   -23.913060    34.177966
   38.124122     1.887830    33.351858
   42.889658    11.582935    29.416052
   41.941087    25.141231    27.981251
   40.377959    30.974955    27.981251
   40.135189    35.358787    27.300374
   39.122023    36.349875    27.561254
   37.053864    37.727670    28.209273
   32.080226    40.523277    29.860713
   25.254206    42.207747    32.513073
   25.222469    42.239570    32.513073
   25.000828    42.324346    32.571113
    5.654688    44.495736    38.173279
    7.631173    45.318826    37.450316
    7.293968    45.342370    37.485934
    5.968263    44.690728    38.024168
  -25.162529    22.789078    47.327994
  -25.562690    22.388917    47.327994
  -26.493668    18.422754    47.236147
  -23.969550     9.002759    47.236147
  -23.463829    -0.127291    45.818250
  -32.658905   -12.439310    36.690011
   -5.689269   -39.408946    36.690011
   -0.757631   -40.525170    38.309369
    3.254672   -44.626992    37.253427
    3.513310   -44.641308    37.293529
    5.172684   -45.085969    37.293529
    5.408641   -45.102528    37.318539
    5.437101   -45.132971    37.298186
    5.996291   -45.093817    37.239024
   26.439855   -37.268861    33.925623
   27.373765   -36.646714    33.633006
   29.034002   -35.022613    33.205593
   30.775305   -33.076831    32.800775
   31.590978   -31.636252    32.705995
   31.933616   -25.449626    33.666812
   33.365571   -20.105495    33.666812
   45.553833    14.558096    26.743943
   45.126678    20.270997    26.161985
   43.370541    29.099719    26.161985
   43.035407    33.832397    25.480331
   42.335815    34.592962    25.842460
   40.677217    35.336191    26.908837
   40.368386    35.798274    26.908837
   31.945862    40.611675    29.884430
   24.554614    42.622483    32.571113
   22.862641    43.227640    32.961615
    9.995744    46.172617    36.363586
    9.022163    46.366316    36.363586
    8.482549    46.406677    36.418522
   -0.856637    41.392506    40.206166
   -1.180387    41.201998    40.309656
   -2.414159    40.123289    40.993551
   -5.377678    37.950173    42.001025
  -23.351715    24.566948    46.905842
  -25.916798    22.853069    46.905842
  -26.073154    22.815209    46.844697
  -26.068152    22.755703    46.878072
  -25.925250    22.632118    47.015455
  -27.552887    23.272203    45.518129
  -27.614032    23.180701    45.518129
  -27.557716    23.102049    45.599024
  -28.566225    18.031821    45.599024
  -28.052053    18.031821    46.021004
  -40.660226     8.538952    34.124151
  -46.967761     1.495086    27.797815
  -46.835812    -0.269330    27.618087
  -43.568378   -16.695762    27.618087
  -40.319140   -15.940200    30.408002
  -38.020199   -16.036187    32.068842
  -47.627682   -22.365455    21.785915
  -46.918776   -25.484554    20.763866
  -46.749657   -26.013819    20.626828
  -42.683280   -32.099455    20.626828
  -39.503122   -33.506659    22.291463
  -39.032675   -33.977107    22.291463
  -13.766396   -40.094566    32.169573
  -11.537569   -41.583872    32.169573
    3.268125   -44.948845    37.020920
    3.912177   -45.541152    36.714245
    4.102167   -45.780300    36.549006
    5.386304   -46.035748    36.549006
    5.437101   -45.971153    36.610323
    7.166072   -45.516229    36.701395
    7.061374   -45.648092    36.610323
   19.221263   -40.353894    35.563523
   26.299195   -37.409521    33.925623
   28.190300   -36.285362    33.205593
   33.105811   -29.989124    31.921714
   33.733477   -21.124525    33.198521
   38.011576     0.383001    33.198521
   50.523158    14.558096    20.688836
   49.371316    21.830503    20.688836
   47.508067    27.584109    21.848871
   47.066596    28.918698    22.046710
   46.823395    29.566372    22.175382
   46.144933    31.154338    22.582960
   45.945887    31.507238    22.727846
   44.828455    32.987057    23.653304
   43.749314    33.761420    24.693377
   43.478343    34.293272    24.693377
   42.590659    34.917230    25.354850
   42.365655    34.928528    25.609349
   40.552512    35.786286    26.747306
   39.861976    36.476822    26.747306
   31.893858    40.658331    29.873477
   22.371064    43.478086    32.961615
   10.902401    46.978631    35.254606
   10.715516    47.150597    35.081088
    9.163168    47.396471    35.081088
    8.482549    46.794246    35.946263
    5.399241    46.305947    35.946263
    4.251624    45.249746    37.011692
  -29.137231    25.844099    42.001025
  -29.177506    25.786835    42.043715
  -28.701883    25.042570    43.189089
  -28.739916    24.459232    43.701105
  -30.092442    25.379257    41.567316
  -30.832395    24.639391    41.567316
  -30.810403    24.625334    41.601209
  -29.882185    24.384633    42.698633
  -40.016432    24.178688    31.177967
  -40.791830    23.633642    30.600235
  -42.787546    22.666270    28.572695
  -44.792145    21.227674    26.640626
  -46.095514    20.552834    25.182626
  -49.291541    18.351432    21.713127
  -52.028158    15.377823    18.952448
  -52.854180    14.043752    18.203354
  -52.908167    13.926549    18.160233
  -54.217573     5.659346    18.160233
  -54.528905     1.850056    18.516066
  -54.289843     1.495086    18.875780
  -54.045693    -1.492926    18.596702
  -53.152317    -7.133383    18.596702
  -51.125554   -13.442989    19.848498
  -49.869790   -17.428212    20.369139
  -49.577345   -18.206973    20.523856
  -47.808444   -22.347431    21.586783
  -47.181382   -24.721575    20.910391
  -45.457585   -30.526840    19.045330
  -45.383245   -30.768920    18.965126
  -44.763341   -31.459801    19.110357
  -43.527585   -32.044347    19.885841
  -42.216196   -33.355822    19.885841
  -38.979119   -34.797781    21.571174
  -38.458133   -35.265211    21.461647
  -14.022533   -41.804736    30.443275
    0.061319   -48.980897    30.443275
    4.093112   -49.988544    31.658246
    4.346231   -48.237236    33.841107
    5.386304   -47.898566    34.454543
    4.654027   -50.504786    31.137520
    5.432875   -50.628111    31.137520
    5.432875   -48.104683    34.212377
    6.773931   -48.541324    33.421455
    7.037141   -52.047648    29.098252
    7.275254   -52.009960    29.098252
    7.849277   -52.316376    28.402972
   27.065796   -42.525026    28.402972
   26.067205   -40.962501    30.807559
   28.599172   -42.960028    26.554815
   33.738307   -37.820893    26.554815
   31.044034   -36.098994    30.701224
   34.295945   -37.792951    25.923958
   38.547654   -29.448476    25.923958
   44.384225   -25.259981    20.298334
   45.765987   -23.430108    19.154081
   46.752591   -22.358039    18.158767
   50.740142     2.818549    18.158767
   51.572977    13.008853    19.110702
   50.550583    14.527049    20.649424
   51.893709    13.008853    18.510633
   50.990157    16.252053    19.402198
   49.744052    20.645803    20.364999
   45.342110    32.964893    22.727846
   44.851223    33.486655    23.231927
   44.541874    33.902857    23.379746
   44.253483    34.130362    23.641834
   43.317330    35.350421    23.641834
   42.526581    35.461500    24.782982
   40.774066    36.369279    25.788990
   35.938588    40.079737    25.788990
   32.911336    41.519971    27.216719
   31.736209    41.408374    28.855913
   24.417059    43.571226    31.236094
   10.444631    49.358726    31.236094
   10.411170    48.886122    32.128522
    9.163168    48.568149    33.030867
    8.860891    50.978687    28.595549
    8.860891    49.875140    30.660173
    8.081526    52.217892    26.085057
    6.028890    54.211711    21.849389
    5.882538    54.290967    21.665004
    6.146351    50.566798    28.697487
    4.138475    55.930851    17.331538
    3.809722    56.025199    16.908696
  -15.643616    47.967304    16.908696
  -20.372414    43.517929    21.477774
  -21.029057    42.105206    23.570426
  -27.422748    34.000482    30.935111
  -40.086115    24.283644    30.935111
  -40.012724    24.210253    31.144850
  -41.072288    24.145054    29.511866
  -43.240660    22.570973    27.957965
  -44.447265    21.853098    26.680383
  -49.425301    18.289252    21.515030
  -51.809363    15.755474    19.066718
  -51.958820    15.545217    18.952448
  -53.311519    13.210399    17.652874
  -53.479862    12.795836    17.473233
  -53.688050    12.165669    17.283501
  -53.700900    12.120306    17.273584
  -54.394195     6.352642    17.658911
  -54.505102     5.396568    17.687026
  -54.696731     3.548153    17.783789
  -54.606522     2.109040    18.307016
  -54.567541     1.850056    18.443796
  -54.480178     0.890705    18.370835
  -54.170830    -1.984244    18.241473
  -53.868294    -4.966822    17.944284
  -45.175230   -31.637200    18.223793
  -44.856827   -32.306435    17.908149
  -44.628459   -32.604055    17.908149
  -44.370597   -33.101927    17.622345
  -43.996049   -35.767395    13.775539
  -42.632312   -38.654677    10.797704
  -41.923320   -39.631363    10.097768
  -36.697512   -43.641251    10.097768
  -32.031929   -49.555439     4.723624
  -30.908719   -50.390171     4.324843
  -29.017700   -52.169421     2.497729
   -4.279306   -62.416385     2.497729
   -3.564622   -62.609739     2.686081
   -2.313774   -62.345150     4.122003
    1.632813   -61.296625     9.044327
    5.441672   -60.203858    13.943193
    5.704450   -56.494780    20.947130
    7.037141   -56.155161    21.910707
    5.697550   -60.237578    13.943193
    6.597395   -59.847594    14.894351
    7.153739   -59.546438    15.594892
    7.153739   -56.659329    20.996201
    8.700137   -59.342822    15.594892
    8.534984   -57.011281    19.997524
    8.944028   -54.678447    23.966274
    9.127981   -59.465544    15.044670
   15.332200   -57.787024    13.409530
   17.752828   -56.988427    13.035242
   21.905532   -55.268253    13.035242
   26.748514   -53.837160    11.460384
   30.522186   -52.417796    10.695422
   31.686792   -46.877466    18.212064
   30.883452   -52.265321    10.493703
   37.417458   -49.156658     7.412033
   39.950114   -47.213204     7.412033
   38.778695   -46.041785    10.761138
   39.287176   -41.726774    15.294512
   41.220884   -47.034684     5.578106
   42.508729   -46.099825     4.655235
   46.229449   -41.250893     4.655235
   46.316726   -41.067457     4.741735
   45.078211   -40.509561     7.437733
   46.411247   -40.966986     4.644627
   51.121847   -29.594483     4.644627
   53.394830   -21.193260     6.858793
   53.555067   -20.908749     6.657246
   53.869763   -18.460351     6.785143
   54.381348   -14.203985     7.069567
   54.572373   -12.220860     7.284999
   54.810141   -10.414616     7.284999
   54.840411   -10.122688     7.300264
   54.828338    -9.625506     7.445236
   54.180146     0.715635    11.205023
   53.903828     4.655063    12.692259
   46.125960    31.559414    22.175382
   45.977538    32.031242    22.046710
   45.960634    32.077295    22.040673
   45.488376    32.901247    22.399438
   45.052166    33.775305    22.050073
   44.305917    34.963024    22.050073
   44.105837    35.324031    21.872760
   43.510166    35.543258    22.857122
   43.818049    36.071142    20.672019
   43.357691    36.811181    19.940949
   42.749257    37.611158    19.440058
   42.435079    38.046333    18.993154
   41.815865    38.771452    18.417578
   40.494213    40.740951    14.896507
   39.946320    41.387762    13.961390
   38.142232    43.014968    12.435345
   30.043718    48.103652    12.435345
   29.835013    48.266390    12.226210
   24.264584    51.459053     9.801010
   22.610557    52.470667     8.363536
    4.981487    58.639440     8.363536
    5.022710    57.287086    12.806184
    4.138475    57.156171    13.566231
    4.373397    58.959310     7.534754
    3.732967    59.205184     6.962197
    3.732967    58.562943     9.079341
    2.047980    60.012233     3.675875
    1.820129    60.068204     3.406629
    1.811246    59.777225     4.362617
    2.572156    58.734823     8.081612
   -0.059851    60.799964    -1.207726
   -1.892570    61.379852    -5.262977
   -7.009714    61.529050   -11.704360
   -8.186997    61.195381   -11.964119
  -11.051942    60.192823   -11.964119
  -10.756393    59.187936    -8.283502
  -11.512904    60.117017   -12.624989
  -11.833550    59.957038   -12.753144
  -24.438273    52.036871   -12.753144
  -26.271682    50.383189   -11.202261
  -32.723759    40.768548     5.986460
  -36.645422    36.176184     9.631546
  -43.431943    29.389663     9.631546
  -47.581112    23.933762    13.047747
  -49.023588    20.188981    19.066718
  -49.005305    20.175958    19.148648
  -52.296024    15.112802    18.519343
  -52.849264    14.147414    18.099002
  -53.163356    13.634018    17.652874
  -47.163357   -25.105695    20.523856
  -44.714011   -34.439965    14.205540
  -44.344293   -35.180866    13.909386
  -44.147145   -35.494613    13.909386
  -39.357374   -47.156457    -2.867100
  -39.074157   -47.528848    -3.100211
  -38.984466   -47.618539    -3.100211
  -38.574128   -48.099077    -3.481657
  -36.156087   -51.702336    -9.923471
  -34.067489   -53.586197   -11.690130
  -27.425249   -57.759858   -11.690130
  -26.348782   -58.297057   -11.259871
  -24.050099   -59.614483   -12.260618
  -23.984211   -59.638717   -12.252080
  -17.301524   -61.741373   -10.429451
  -17.009079   -61.819507   -10.311559
  -13.943191   -62.688564    -9.635166
  -13.600726   -62.749364    -9.438794
  -11.531101   -63.081394    -8.136805
  -11.082041   -63.070786    -7.579598
   -4.883773   -62.890024     0.222590
   -4.044556   -62.761610     1.624016
    4.537774   -60.866538    11.541279
    5.589662   -60.611867    12.749178
    2.176135   -61.447116     8.750157
    6.790490   -60.476640    12.749178
    7.413326   -60.314851    13.051110
    8.064536   -60.064836    13.633241
    9.050967   -59.700897    14.352754
   13.326566   -58.488772    13.409530
   20.590348   -56.095568    12.261310
   35.256245   -50.387584     7.804863
   37.968542   -49.033936     6.720807
   38.810691   -48.634206     6.153423
   41.098766   -47.366455     5.029868
   41.912714   -47.052967     3.721756
   43.228243   -46.052479     2.897976
   43.572088   -45.708547     2.897976
   45.305457   -44.228383     1.522165
   45.661462   -43.802436     1.454983
   46.105779   -43.309911     1.038349
   47.694176   -40.781911     1.038349
   47.932462   -40.304392     1.229202
   48.785736   -38.815690     0.581010
   49.001081   -38.228557     0.657420
   50.389225   -33.816870     1.860663
   51.037762   -31.388221     2.839763
   51.223612   -30.732699     2.984391
   52.238417   -26.590775     4.427212
   54.654130   -11.884000     7.170039
   45.613081    32.833720    21.400243
   44.878303    34.208410    21.400243
   42.057600    38.746183    16.945521
   41.691763    39.236553    16.564333
   39.881380    41.455290    13.812796
   37.529400    43.807356     9.424997
   37.222811    44.077809     9.228711
   36.716659    44.480730     8.667624
   33.745982    46.696707     6.358074
   33.203868    47.060905     5.518858
   28.909555    49.505250     3.840079
   21.616709    53.403369     3.840079
   14.909185    56.484694    -1.838928
   12.274246    57.406617    -1.838928
   10.013768    58.135617    -2.318862
    1.336487    60.767795    -2.318862
    1.189445    60.799964    -2.457108
   -1.931896    61.441428    -5.848730
   -2.865548    61.552163    -7.764759
   -3.901395    61.667554    -9.972629
   -6.302274    61.667554   -12.373508
   -6.967973    61.602010   -12.373508
   -6.988067    61.552163   -11.887278
   -8.570082    61.272740   -14.114294
   -9.268380    61.120092   -14.771110
  -10.552949    60.730367   -14.771110
  -11.019602    60.579875   -14.870202
  -11.776803    60.262075   -15.849216
  -14.244692    59.128343   -17.938677
  -14.276342    59.112733   -17.953683
  -15.299598    58.565876   -17.953683
  -20.848122    55.407623   -20.122831
  -22.325095    54.479578   -20.122831
  -24.326762    52.986391   -21.679060
  -27.641888    50.411822   -23.198550
  -30.950718    47.696333   -23.198550
  -31.306465    47.382500   -22.970872
  -31.688860    47.000105   -22.257396
  -34.239627    44.108684   -20.406393
  -35.316612    42.796432   -20.406393
  -38.881752    38.017183   -16.690761
  -48.554951    23.619929     5.596734
  -49.261615    22.479902     7.977432
  -49.743446    21.472428     8.977231
  -51.807380    16.979501    12.781174
  -51.977103    16.593052    13.197031
  -53.264431    13.526302    17.162418
  -53.448384    12.955814    17.283501
  -54.480178     0.826886    18.307016
  -53.871572    -4.963718    17.918153
  -53.744279    -5.583277    17.244951
  -52.245487   -12.437671    10.797704
  -48.284412   -25.495766    10.797704
  -45.759431   -33.325983     9.135225
  -43.314914   -39.149358     1.605474
  -40.247905   -45.825750    -4.047143
  -39.659565   -46.926365    -4.047143
  -39.633606   -46.917482    -3.700452
  -36.812213   -51.164361   -10.607626
  -36.776768   -51.207569   -10.607626
  -36.566166   -51.446199   -10.760446
  -35.567316   -52.445049   -12.623867
  -35.327047   -52.657117   -12.777636
  -33.755639   -53.946687   -12.777636
  -32.867696   -54.609022   -13.468086
  -29.459947   -56.750314   -13.468086
  -28.310778   -57.404370   -13.018768
  -24.945545   -59.203111   -13.018768
  -20.909009   -60.714753   -12.252080
  -18.386270   -61.528183   -11.716434
  -16.340017   -62.148950   -11.716434
  -16.011609   -62.236313   -11.580689
   -6.408093   -63.070786    -2.905736
  -10.770967   -63.156252    -8.136805
   -7.175556   -63.156252    -4.541308
    2.351981   -61.447116     8.574310
   13.628670   -58.429438    13.051110
   17.348528   -57.229904    12.261310
   39.666293   -48.361597     4.071034
   40.198576   -48.077086     4.071034
   41.829922   -47.148523     3.433278
   43.819774   -45.811606     0.352988
   44.475296   -45.273631     0.352988
   44.870282   -44.925129     0.100127
   45.091837   -44.703661    -0.313142
   46.553718   -42.922341    -0.313142
   46.588818   -42.875253    -0.349709
   46.980958   -42.251123    -0.349709
   47.399834   -41.515310    -0.062093
   48.436802   -39.575306    -0.062093
   49.303444   -37.364417     0.657420
   50.071253   -34.983373     1.162969
   50.350848   -34.011948     1.629190
   54.180146    -2.554646     7.934743
   53.304190     5.219773     7.934743
   52.467388     7.399787     5.985942
   52.075248     8.783102     6.291151
   43.433153    33.480963     6.291151
   43.219187    34.781227     8.155349
   43.546819    35.035640    11.378282
   38.006316    43.077494     8.155349
   37.937667    43.153645     8.090926
   34.966818    45.147205     2.779826
   33.913118    46.200904     2.779826
   33.931057    46.220395     2.982924
   26.933933    48.889313    -8.437788
   20.726696    52.789588    -8.437788
   16.711547    54.793324   -10.042485
   10.955613    55.740429   -18.294596
   -2.147328    60.325376   -18.294596
   -2.754382    60.644815   -17.467108
   -3.279076    60.846189   -16.998126
   -3.788764    61.387441   -12.703727
   -6.137639    61.168301   -16.998126
   -6.375580    61.226773   -16.716892
   -6.375580    61.272740   -16.308797
   -6.302274    61.387441   -15.217324
   -9.499335    60.874821   -16.716892
  -10.211605    60.601435   -17.353528
  -10.395644    60.533477   -17.487806
  -10.800807    60.333397   -17.938677
  -14.278843    59.111267   -17.955839
  -18.393687    56.752905   -19.747335
  -20.694267    55.469372   -20.353699
  -23.131885    53.737210   -21.679060
  -28.336219    49.785535   -23.785855
  -29.126451    49.094913   -24.223359
  -30.353668    48.069156   -24.416971
  -31.305344    46.954828   -25.301551
  -32.019683    46.240489   -25.301551
  -32.906160    45.074762   -26.031413
  -32.959888    45.010426   -26.021237
  -33.679229    44.213036   -25.346741
  -34.113887    43.521293   -25.346741
  -35.798702    41.360855   -23.182682
  -38.915214    37.933788   -16.815898
  -41.227954    34.152440   -13.529663
  -48.159879    24.040874     3.680705
  -49.194864    21.945032     6.013022
  -53.689861    12.130741    17.185876
  -54.505102     4.895418    17.185876
  -54.628600     3.548153    17.092563
  -53.744279    -0.873280    12.534954
  -53.082030    -3.567036     9.351433
  -52.063258   -12.609292     9.351433
  -45.882756   -28.711110    -5.042026
  -44.777829   -31.705331    -7.226094
  -40.069212   -41.240889   -17.837515
  -37.707400   -47.990499   -17.837515
  -37.607791   -48.596174   -16.969149
  -37.631163   -48.614371   -16.739056
  -36.632486   -51.102440   -13.005831
  -36.807642   -49.869444   -16.969149
  -36.450861   -50.513496   -16.652901
  -36.080539   -51.474917   -15.107625
  -36.139442   -51.528991   -14.493326
  -34.748970   -52.806487   -15.107625
  -34.361659   -53.259945   -14.747652
  -33.333918   -54.119084   -14.585518
  -33.141427   -54.292602   -14.422780
  -28.823656   -57.005675   -14.422780
  -28.569502   -57.132537   -14.524287
  -28.116820   -57.376255   -14.504451
  -24.971073   -59.179222   -13.134849
  -24.305719   -59.388530   -13.316301
  -20.012010   -60.891031   -13.316301
  -19.296636   -61.093785   -13.474123
  -18.365314   -61.401581   -13.193666
  -15.991859   -62.238383   -11.582501
  -12.591786   -62.621468   -11.582501
  -12.071749   -62.749364   -10.967771
  -10.772002   -63.009296    -9.628008
  -10.770967   -63.010848    -9.613605
   -7.116998   -63.010848    -5.959636
   -7.431521   -62.632938    -9.628008
   -6.689499   -62.556787    -9.561861
   -6.670957   -62.549973    -9.575314
    0.225005   -60.595050    -8.054099
   36.345217   -47.956003    -8.054099
   40.644359   -46.603304    -6.881559
   41.579908   -46.449362    -5.540330
   41.632256   -46.516803    -4.877046
   43.767425   -45.659821    -1.673344
   42.833343   -45.661804    -5.540330
   44.025374   -45.202568    -3.624301
   44.096178   -45.279754    -2.819926
   45.063722   -44.675546    -0.845511
   44.791285   -44.436657    -3.624301
   45.163935   -44.118425    -3.328492
   45.590313   -43.832362    -2.566289
   45.973139   -43.407881    -2.207266
   46.571397   -42.455774    -2.207266
   47.246065   -41.590685    -1.340710
   47.873817   -40.495417    -0.863795
   48.436199   -39.575909    -0.064766
   49.423061   -36.755724    -0.064766
   49.442465   -36.687162    -0.079859
   54.654130   -11.499104     6.785143
   54.729418   -10.677567     6.728310
   50.197510   -10.677567    -8.211404
   48.572719    -6.927611   -12.174894
   50.702110     7.453688     0.186628
   38.771710    11.173029   -34.969576
   39.006459    11.280227   -34.204872
   38.039777    31.894722   -13.461704
   37.317159    12.087793   -37.916019
   34.696968    14.649426   -42.187133
   34.661609    14.690305   -42.237756
   32.373706    20.213732   -42.237756
   30.876811    24.919935   -40.998206
   30.770734    25.265677   -40.896527
   29.699355    28.891359   -39.717433
   29.959029    31.625907   -35.902968
   33.320984    33.950031   -24.056136
   31.392967    42.611444   -13.192889
   24.318830    38.976448   -35.902968
   23.646922    40.273608   -35.158358
   23.590347    40.675752   -34.577953
   27.104088    44.189492   -20.279877
   25.907227    47.442352   -14.904871
   12.486918    49.195729   -34.577953
   12.076580    49.715852   -34.105263
   12.559016    50.413633   -31.646429
   10.666703    54.758138   -21.892249
   10.539583    50.170086   -34.605119
    5.329126    52.328368   -34.605119
    3.877853    53.146973   -34.009276
    3.292359    53.509532   -33.680523
    1.792187    54.809538   -31.821413
    1.418416    55.191847   -31.198232
   -0.223882    56.229074   -29.662269
   -1.204190    57.181267   -27.639301
   -2.138531    60.036984   -19.242046
   -5.546281    59.532385   -22.171154
   -6.068560    59.758683   -21.619122
   -6.137639    59.998176   -20.855367
   -9.887250    59.255981   -21.619122
  -11.044698    59.588097   -20.130420
  -12.498386    59.194749   -19.747335
  -23.555504    53.338602   -22.088362
  -31.036960    46.673163   -26.424071
  -31.555272    46.275503   -26.424071
  -32.252190    45.315376   -27.112106
  -32.319027    44.839926   -27.798330
  -33.087698    43.838144   -27.798330
  -33.203090    43.917918   -27.391529
  -33.060360    43.550615   -28.199440
  -33.604027    42.237932   -28.199440
  -35.880718    39.610755   -24.943734
  -38.441834    35.064013   -21.722439
  -38.476761    34.701022   -21.761852
  -43.584418    -4.095351   -21.761852
  -45.417311    -3.567036   -15.915881
  -42.580912    -6.411369   -24.209732
  -40.653844    -9.970300   -28.691621
  -38.121446   -29.205619   -28.691621
  -37.334319   -37.379423   -27.803591
  -37.394257   -38.730569   -27.072780
  -37.724563   -41.243304   -25.041360
  -37.925074   -41.942378   -24.142291
  -37.776825   -42.490443   -23.997837
  -37.521464   -47.935822   -18.518479
  -37.491193   -43.894801   -23.186821
  -37.198661   -46.585020   -20.935571
  -37.334664   -48.017148   -18.937958
  -37.760870   -42.528907   -23.997837
  -37.684546   -42.787373   -23.913751
  -37.119233   -48.470002   -18.724337
  -36.688370   -49.031435   -18.724337
  -36.100548   -50.166202   -18.072955
  -36.030002   -50.668386   -17.348267
  -35.027530   -52.049459   -16.358559
  -32.760843   -53.788692   -16.358559
  -32.752305   -53.797489   -16.353384
  -32.320752   -54.344606   -15.856288
  -28.067663   -57.390744   -14.520406
  -23.109031   -59.444673   -14.520406
  -22.739572   -59.544627   -14.617859
  -19.871954   -60.769775   -13.881701
  -16.490077   -61.582171   -13.397454
  -13.880321   -61.925757   -13.397454
  -12.591786   -62.038820   -13.503187
  -12.529519   -62.011826   -13.569075
  -11.962308   -61.962065   -13.522505
   -8.736787   -61.537411   -13.522505
   -6.261741   -61.299040   -13.253603
   -5.468836   -60.852394   -13.815381
   -3.311762   -59.930903   -14.369052
    7.306042   -55.689284   -16.116824
   24.316760   -49.343629   -17.422866
   27.999016   -48.347367   -16.452389
   29.457103   -47.743417   -16.452389
   36.105638   -45.778834   -14.290313
   36.211284   -45.748563   -14.253229
   38.029342   -45.550811   -12.731928
   38.527042   -45.568922   -12.117629
   40.726116   -45.777799    -9.050189
   40.896529   -46.024364    -8.181392
   42.791343   -45.602556    -5.804919
   41.027185   -45.546758    -9.050189
   42.909149   -45.282341    -6.334097
   43.336907   -44.971872    -6.027595
   43.378131   -44.918057    -6.027595
   44.573870   -43.974747    -4.941037
   45.267770   -43.652203    -3.913210
   46.269983   -42.587034    -2.884003
   47.967993   -38.487799    -2.884003
   48.359271   -37.041615    -3.265105
   47.330237   -33.455086    -7.878080
   47.528334   -31.397707    -8.101618
   50.080135   -12.014742    -8.101618
   36.447844    12.087793   -39.542535
   35.150512    12.387741   -41.895636
   34.403402    13.497239   -43.020140
   33.798762    14.180617   -43.888851
   33.809370    14.839675   -43.687563
   29.606387    28.910936   -39.843518
   28.756045    30.153073   -39.677244
   24.991945    36.140825   -38.333859
   24.531070    37.175379   -37.795194
   22.940000    38.766536   -37.795194
   21.761509    40.180898   -37.514219
   21.541765    40.521638   -37.370110
   20.301784    41.577580   -37.201076
   13.004281    48.125730   -35.666752
   12.587131    48.719072   -35.224592
    9.805064    50.136625   -35.224592
    9.033547    50.329461   -35.457099
    8.160265    50.691244   -35.457099
    6.290116    51.646887   -35.124983
    6.024751    51.803071   -35.040121
    0.715892    53.917541   -33.680523
    0.173864    54.397131   -32.991539
    0.016473    54.503122   -32.831992
   -0.223882    55.542677   -30.946406
   -9.796955    57.982020   -24.024830
   -4.238772    53.829144   -32.831992
   -9.118924    53.411735   -32.209845
  -10.471795    54.133921   -30.571342
  -15.178774    52.957414   -29.152840
  -31.386152    44.699352   -29.152840
  -31.438070    44.765241   -29.012612
  -32.159308    44.680207   -28.254807
  -31.438846    43.648326   -30.341853
  -32.030808    43.056364   -30.341853
  -32.323512    43.287061   -29.718585
  -32.427002    43.265241   -29.578184
  -31.778724    42.167559   -31.412973
  -32.389918    42.450862   -30.265012
  -31.534574    41.868387   -31.923178
  -30.809800    40.510772   -33.567546
  -30.458452    39.640336   -34.423666
  -30.286141    38.849846   -34.944221
  -30.252507    38.547224   -35.086950
  -30.105551    29.436492   -37.869190
  -31.639185     7.867044   -41.163359
  -31.963022     1.118124   -42.219732
  -32.202860    -1.997525   -42.538481
  -32.599743    -6.853529   -42.992111
  -32.761360    -7.534751   -42.857488
  -33.739081    -9.970300   -41.628115
  -34.134930   -13.560536   -40.003324
  -35.134642   -23.647954   -35.458220
  -37.719733   -41.625354   -24.759867
  -36.896816   -47.262448   -20.582929
  -35.481419   -50.239162   -18.723475
  -36.882931   -47.276333   -20.582929
  -34.870829   -50.787055   -18.595147
  -27.551507   -56.447434   -16.353384
  -27.330987   -56.609137   -16.278440
  -26.517729   -57.320198   -15.827569
  -22.745437   -59.540229   -14.621481
  -17.082902   -61.008319   -14.237275
  -15.328489   -61.286190   -14.237275
  -12.589198   -61.510073   -14.493153
  -12.529519   -61.550175   -14.432698
   -9.619729   -61.312407   -14.160865
   -8.179063   -61.084212   -14.160865
   25.566659   -48.704924   -17.644852
   29.420105   -47.741779   -16.483609
   29.786114   -47.555238   -16.483609
   30.732788   -47.216740   -16.265159
   40.585025   -45.326411    -9.955553
   40.915934   -45.435593    -9.368076
   38.171641   -45.408513   -12.731928
   38.215797   -45.387642   -12.704245
   40.516290   -45.272251   -10.101819
   44.295396   -37.855390   -10.101819
   45.306492   -33.809970   -11.320930
   36.670175   -17.630793   -30.916998
   33.238537    -1.887136   -41.285132
   33.648184     2.902117   -41.895636
   20.085490    41.722121   -37.201076
   12.936495    48.119693   -35.713840
    2.884954    52.427632   -35.040121
    2.811994    52.458593   -35.021579
    2.451935    52.682562   -34.850303
    1.075175    53.359300   -34.291372
    0.715892    53.681067   -33.968656
   -2.943596    53.407422   -33.595920
   -4.127003    53.171983   -33.595920
   -9.178344    52.814339   -32.868386
   -9.490366    52.527327   -33.016980
  -26.464087    42.917084   -34.133291
  -27.008616    42.793328   -33.954944
  -31.126393    43.159423   -31.094224
  -30.357808    40.555531   -33.954944
  -30.858354    41.055991   -33.188687
  -31.223673    41.669686   -32.401560
  -30.222753    40.118114   -34.346998
  -30.270186    39.922001   -34.423666
  -32.549637    -6.709592   -43.025401
  -37.036700   -44.921852   -22.649191
  -33.808764   -50.692620   -19.332944
  -36.120124   -45.534339   -22.649191
  -16.431433   -60.796165   -14.621481
  -12.589198   -61.272650   -14.782408
  -12.819722   -61.066274   -14.989387
   -8.532050   -60.969252   -14.369052
   25.842029   -48.451633   -17.775939
   35.032965   -44.343343   -16.265159
   36.225169   -45.535633   -14.440115
   30.825153   -30.718038   -28.480587
   31.742332   -26.930049   -29.961528
   36.007409   -20.546879   -29.961528
   30.136686     2.445209   -45.741665
   29.681158     4.033003   -46.608910
   31.674373     8.963520   -45.470522
   32.396302    11.092651   -45.001799
   20.799484    40.992172   -37.388997
    7.437646    50.731260   -35.569299
    5.323262    51.297781   -35.569299
    4.848675    51.330984   -35.619578
   -3.717183    53.023992   -33.784271
   -4.549673    52.800972   -33.784271
  -27.786170    41.565593   -34.481276
  -29.568266    40.062574   -34.713266
  -29.842256    39.559441   -34.831417
  -30.208351    39.193346   -34.831417
  -36.328829   -40.534829   -26.260988
  -12.819722   -51.369185   -22.947587
  -12.141777   -47.015711   -26.260988
  -12.141777   -48.666806   -25.054727
   -7.961734   -39.789961   -30.721920
   26.590174   -30.531756   -30.721920
   26.687627   -30.366776   -30.796174
   25.597103    -8.574135   -42.600747
   26.996200    -2.904787   -44.803616
   26.999822    -2.898663   -44.804909
   29.491082    -0.407403   -44.804909
    7.385125    46.548630   -37.388997
    5.848559    50.168017   -36.097960
   -2.454348    52.058346   -34.481276
  -32.256847    -7.330963   -43.036095
  -21.428269    -7.930255   -44.717978
   -7.819781   -13.567091   -44.717978
   -7.961734   -14.017185   -44.497717
   -3.119615    -8.100237   -46.966899
    0.370926    -6.165235   -47.501252
    9.242424    -2.777666   -48.041383
   13.179869    -0.719080   -48.226457
   19.628324     1.951907   -48.226457
   24.598166     2.707556   -47.662524
   26.803622     2.762406   -47.290909
   26.996286    -2.879604   -44.814482
   19.743715     7.562094   -47.662524
   17.739633     7.827718   -47.833799
    7.385125    19.157014   -45.698113
    6.943224    19.098456   -45.660339
  -17.891158    -5.735925   -45.660339
  -30.050529    -5.735925   -43.661173
  -32.083501    -6.709592   -43.166837
  -16.179004    -6.165235   -45.871286
  -15.944254    -6.399985   -45.871286
   17.739633     1.824270   -48.425072
     1      2      3
     1      3      4
     1      4      5
     1      5      6
     1      6      7
     1      7      8
     1      8      9
     1      9     10
    10      9     11
    10     11     12
    10     12     13
     1     10     13
     1     13     14
     1     14     15
     1     15     16
     1     16     17
     1     17     18
    18     19     20
    18     20     21
    18     21     22
    18     22     23
    18     23     24
    18     24     25
    18     25     26
    18     26     27
    18     27     28
    18     28     29
    18     29     30
    18     30     31
    18     31     32
    18     32     33
    18     33     34
    18     34     35
    18     35      2
    18      2      1
    35     36     37
    35     37      3
    35      3      2
    34     36     35
    13     12     38
    13     38     14
    15     39     40
    15     40     16
    41     42     43
    41     43     44
    41     44     45
    41     45     46
    16     40     41
    16     41     46
    16     46     47
    16     47     48
    16     48     17
    17     48     49
    17     49     50
    17     50     51
    17     51     52
    17     52     19
    17     19     18
    21     53     54
    21     54     55
    21     55     56
    21     56     22
    22     56     57
    22     57     58
    22     58     59
    22     59     60
    22     60     61
    22     61     23
    23     61     62
    23     62     63
    23     63     24
    30     64     31
    29     65     66
    29     66     67
    29     67     64
    29     64     30
     5     68     69
     5     69      6
     8     70     71
     8     71     11
     8     11      9
    11     71     72
    11     72     38
    11     38     12
    14     38     72
    14     72     73
    14     73     74
    14     74     75
    14     75     39
    14     39     15
    75     76     77
    75     77     42
    75     42     41
    75     41     40
    75     40     39
    77     78     79
    77     79     43
    77     43     42
    43     79     80
    43     80     81
    43     81     44
    51     82     83
    51     83     84
    51     84     85
    51     85     86
    51     86     87
    51     87     52
    19     52     87
    19     87     88
    19     88     20
    54     89     90
    54     90     91
    54     91     55
    55     91     92
    55     92     93
    55     93     94
    55     94     57
    55     57     56
    57     94     95
    57     95     58
    60     96     62
    60     62     61
    24     63     97
    24     97     98
    24     98     25
    28     99     65
    28     65     29
   100    101     66
   100     66     65
   100     65     99
    32    102    103
    32    103    104
    32    104     33
    33    104    105
    33    105     37
    33     37     36
    33     36     34
     4    106    107
     4    107     68
     4     68      5
   107    108    109
   107    109    110
   107    110     69
   107     69     68
   109    108    111
   109    111    112
   109    112    113
     6     69    110
     6    110      7
     7    110    109
     7    109    113
     7    113    114
     7    114    115
     7    115     70
     7     70      8
   114    116    117
   114    117    118
   114    118    119
   114    119    120
   114    120    115
    72     71     70
    72     70    115
    72    115    120
    72    120    121
    72    121     73
   120    119    122
   120    122    123
   120    123    124
   120    124    125
   120    125    126
   120    126    121
    73    121    126
    73    126    127
    73    127    128
    73    128     74
    74    128    129
    74    129    130
    74    130     76
    74     76     75
   130    131     78
   130     78     77
   130     77     76
   132    133    134
   132    134     80
   132     80     79
   132     79     78
   132     78    131
   135     81     80
   135     80    134
   135    134    136
    44     81    135
    44    135     45
    47    137     49
    47     49     48
    50    138     82
    50     82     51
    83    139     84
    87     86    140
    87    140    141
    87    141     88
    20     88    141
    20    141    142
    20    142     53
    20     53     21
   143    144    145
   143    145     90
   143     90     89
    90    145    146
    90    146    147
    90    147    148
    90    148    149
    90    149    150
    90    150    151
    90    151     92
    90     92     91
    92    151    152
    92    152    153
    92    153    154
    92    154     93
    93    154    155
    93    155     95
    93     95     94
    58     95    155
    58    155    156
    58    156     59
    62     96    157
    62    157     97
    62     97     63
    25     98    158
    25    158     26
    27    159    100
    27    100     99
    27     99     28
   160    161    162
   160    162    101
   160    101    100
   160    100    159
    66    101    162
    66    162    163
    66    163    164
    66    164     67
    31     64     67
    31     67    164
    31    164    102
    31    102     32
     3     37    105
     3    105    165
     3    165    166
     3    166    167
     3    167    106
     3    106      4
   167    168    111
   167    111    108
   167    108    107
   167    107    106
   166    169    170
   166    170    171
   166    171    172
   166    172    168
   166    168    167
   172    112    111
   172    111    168
   170    173    174
   170    174    171
   113    112    172
   113    172    171
   113    171    174
   113    174    175
   113    175    176
   113    176    116
   113    116    114
   176    177    178
   176    178    179
   176    179    180
   176    180    181
   176    181    182
   176    182    183
   176    183    184
   176    184    117
   176    117    116
   117    184    185
   117    185    186
   117    186    187
   117    187    118
   118    187    188
   118    188    189
   118    189    190
   118    190    122
   118    122    119
   122    190    191
   122    191    123
   124    192    193
   124    193    194
   124    194    195
   124    195    125
   126    125    195
   126    195    196
   126    196    197
   126    197    127
   127    197    198
   127    198    199
   127    199    129
   127    129    128
   129    199    200
   129    200    201
   129    201    202
   129    202    132
   129    132    131
   129    131    130
   202    203    133
   202    133    132
   201    204    205
   201    205    206
   201    206    203
   201    203    202
   207    206    205
   207    205    208
   207    208    209
   136    134    133
   136    133    203
   136    203    206
   136    206    207
    46     45    135
    46    135    136
    46    136    207
    46    207    209
    46    209    210
    46    210    211
    46    211    212
    46    212    137
    46    137     47
    49    137    212
    49    212    138
    49    138     50
   211    213    214
   211    214    215
   211    215    139
   211    139     83
   211     83     82
   211     82    138
   211    138    212
    84    139    215
    84    215     85
    85    215    214
    85    214    216
    85    216    217
    85    217    140
    85    140     86
   141    140    217
   141    217    218
   141    218    219
   141    219    142
   142    219    220
   142    220    221
   142    221    222
   142    222    223
   142    223    143
   142    143     89
   142     89     54
   142     54     53
   222    224    225
   222    225    223
   223    225    226
   223    226    144
   223    144    143
   149    227    228
   149    228    150
   150    228    229
   150    229    230
   150    230    152
   150    152    151
   152    230    231
   152    231    232
   152    232    153
   155    154    153
   155    153    232
   155    232    233
   155    233    156
    59    156    233
    59    233    234
    59    234    235
    59    235    236
    59    236    157
    59    157     96
    59     96     60
    97    157    236
    97    236    237
    97    237    158
    97    158     98
    26    158    237
    26    237    238
    26    238    239
    26    239    160
    26    160    159
    26    159     27
   239    240    161
   239    161    160
   238    241    242
   238    242    240
   238    240    239
   243    244    245
   243    245    246
   243    246    242
   243    242    241
   242    246    163
   242    163    162
   242    162    161
   242    161    240
   164    163    246
   164    246    245
   164    245    247
   164    247    248
   164    248    249
   164    249    250
   164    250    251
   164    251    103
   164    103    102
   103    251    252
   103    252    165
   103    165    105
   103    105    104
   165    252    253
   165    253    254
   165    254    169
   165    169    166
   254    173    170
   254    170    169
   253    255    256
   253    256    175
   253    175    174
   253    174    173
   253    173    254
   175    256    257
   175    257    177
   175    177    176
   178    258    259
   178    259    260
   178    260    179
   181    261    262
   181    262    263
   181    263    264
   181    264    265
   181    265    182
   182    265    266
   182    266    267
   182    267    268
   182    268    269
   182    269    183
   183    269    270
   183    270    271
   183    271    185
   183    185    184
   185    271    272
   185    272    186
   193    273    274
   193    274    275
   193    275    194
   195    194    275
   195    275    276
   195    276    196
   196    276    277
   196    277    278
   196    278    279
   196    279    280
   196    280    198
   196    198    197
   198    280    281
   198    281    282
   198    282    200
   198    200    199
   200    282    283
   200    283    284
   200    284    285
   200    285    286
   200    286    287
   200    287    288
   200    288    289
   200    289    204
   200    204    201
   205    204    289
   205    289    290
   205    290    208
   290    289    288
   290    288    291
   290    291    292
   290    292    293
   290    293    294
   294    293    295
   294    295    296
   209    208    290
   209    290    294
   209    294    296
   209    296    297
   209    297    210
   296    295    298
   296    298    299
   296    299    300
   296    300    301
   296    301    297
   210    297    301
   210    301    302
   210    302    303
   210    303    304
   210    304    213
   210    213    211
   303    305    306
   303    306    307
   303    307    308
   303    308    304
   304    308    309
   304    309    216
   304    216    214
   304    214    213
   309    308    307
   309    307    310
   309    310    311
   309    311    312
   309    312    313
   309    313    314
   217    216    309
   217    309    314
   217    314    218
   218    314    313
   218    313    315
   218    315    316
   218    316    317
   218    317    220
   218    220    219
   220    317    318
   220    318    319
   220    319    320
   220    320    321
   220    321    221
   221    321    322
   221    322    323
   221    323    324
   221    324    325
   221    325    326
   221    326    224
   221    224    222
   147    327    148
   148    327    328
   148    328    329
   148    329    330
   148    330    227
   148    227    149
   330    331    332
   330    332    229
   330    229    228
   330    228    227
   231    230    229
   231    229    332
   231    332    333
   231    333    334
   334    333    335
   334    335    336
   334    336    337
   233    232    231
   233    231    334
   233    334    337
   233    337    338
   233    338    339
   233    339    234
   234    339    340
   234    340    341
   234    341    342
   234    342    343
   234    343    235
   237    236    235
   237    235    343
   237    343    344
   237    344    345
   237    345    243
   237    243    241
   237    241    238
   345    346    347
   345    347    348
   345    348    244
   345    244    243
   245    244    348
   245    348    349
   245    349    247
   347    350    351
   347    351    352
   347    352    349
   347    349    348
   352    351    353
   352    353    354
   352    354    355
   352    355    356
   247    349    352
   247    352    356
   247    356    248
   355    354    357
   355    357    358
   355    358    359
   355    359    360
   355    360    361
   355    361    362
   248    356    355
   248    355    362
   248    362    249
   249    362    361
   249    361    363
   249    363    364
   249    364    365
   249    365    366
   249    366    367
   249    367    250
   250    367    368
   250    368    255
   250    255    253
   250    253    252
   250    252    251
   368    369    370
   368    370    371
   368    371    372
   368    372    257
   368    257    256
   368    256    255
   257    372    258
   257    258    178
   257    178    177
   371    259    258
   371    258    372
   179    260    373
   179    373    374
   179    374    180
   180    374    375
   180    375    261
   180    261    181
   189    376    191
   189    191    190
   123    191    376
   123    376    192
   123    192    124
   377    378    379
   377    379    274
   377    274    273
   275    274    379
   275    379    277
   275    277    276
   278    380    381
   278    381    382
   278    382    279
   279    382    383
   279    383    281
   279    281    280
   281    383    384
   281    384    385
   281    385    386
   281    386    387
   281    387    283
   281    283    282
   283    387    388
   283    388    389
   283    389    390
   283    390    391
   283    391    284
   284    391    392
   284    392    393
   284    393    394
   284    394    395
   284    395    396
   284    396    397
   284    397    285
   287    398    399
   287    399    291
   287    291    288
   286    400    398
   286    398    287
   291    399    401
   291    401    402
   291    402    403
   291    403    292
   292    403    404
   292    404    298
   292    298    295
   292    295    293
   298    404    405
   298    405    299
   301    300    406
   301    406    302
   407    408    306
   407    306    305
   306    408    409
   306    409    410
   306    410    310
   306    310    307
   310    410    411
   310    411    412
   310    412    413
   310    413    311
   311    413    414
   311    414    415
   311    415    312
   313    312    415
   313    415    416
   313    416    417
   313    417    418
   313    418    315
   315    418    419
   315    419    420
   315    420    421
   315    421    422
   315    422    316
   316    422    423
   316    423    424
   316    424    318
   316    318    317
   320    425    322
   320    322    321
   146    328    327
   146    327    147
   426    427    331
   426    331    330
   426    330    329
   332    331    427
   332    427    335
   332    335    333
   337    336    428
   337    428    429
   337    429    338
   338    429    340
   338    340    339
   341    430    431
   341    431    432
   341    432    342
   343    342    432
   343    432    433
   343    433    434
   343    434    344
   344    434    435
   344    435    436
   344    436    437
   344    437    346
   344    346    345
   437    438    439
   437    439    350
   437    350    347
   437    347    346
   439    440    441
   439    441    353
   439    353    351
   439    351    350
   353    441    442
   353    442    357
   353    357    354
   357    442    443
   357    443    358
   444    445    446
   444    446    447
   444    447    448
   358    443    444
   358    444    448
   358    448    359
   359    448    447
   359    447    449
   359    449    450
   359    450    451
   359    451    360
   361    360    451
   361    451    452
   361    452    363
   363    452    453
   363    453    454
   363    454    455
   363    455    456
   363    456    364
   364    456    457
   364    457    458
   364    458    365
   365    458    459
   365    459    460
   365    460    461
   365    461    462
   365    462    463
   365    463    366
   366    463    464
   366    464    369
   366    369    368
   366    368    367
   464    465    466
   464    466    467
   464    467    468
   464    468    370
   464    370    369
   370    468    469
   370    469    373
   370    373    260
   370    260    259
   370    259    371
   373    469    470
   373    470    471
   373    471    472
   373    472    375
   373    375    374
   375    472    473
   375    473    262
   375    262    261
   262    473    263
   268    474    270
   268    270    269
   270    474    475
   270    475    272
   270    272    271
   186    272    475
   186    475    476
   186    476    477
   186    477    478
   186    478    188
   186    188    187
   188    478    479
   188    479    377
   188    377    273
   188    273    193
   188    193    192
   188    192    376
   188    376    189
   479    480    481
   479    481    482
   479    482    483
   479    483    378
   479    378    377
   277    379    378
   277    378    483
   277    483    380
   277    380    278
   483    482    484
   483    484    485
   483    485    381
   483    381    380
   381    485    486
   381    486    384
   381    384    383
   381    383    382
   384    486    487
   384    487    488
   384    488    489
   384    489    385
   385    489    490
   385    490    491
   385    491    492
   385    492    386
   386    492    493
   386    493    388
   386    388    387
   389    494    495
   389    495    390
   390    495    496
   390    496    497
   390    497    392
   390    392    391
   395    498    396
   394    499    500
   394    500    498
   394    498    395
   285    397    501
   285    501    400
   285    400    286
   501    401    399
   501    399    398
   501    398    400
   402    502    405
   402    405    404
   402    404    403
   299    405    502
   299    502    503
   299    503    406
   299    406    300
   504    505    409
   504    409    408
   504    408    407
   506    411    410
   506    410    409
   506    409    505
   507    508    412
   507    412    411
   507    411    506
   412    508    509
   412    509    414
   412    414    413
   415    414    509
   415    509    510
   415    510    511
   415    511    416
   416    511    512
   416    512    513
   416    513    514
   416    514    417
   417    514    515
   417    515    419
   417    419    418
   420    516    517
   420    517    518
   420    518    421
   421    518    423
   421    423    422
   324    519    325
   325    519    520
   325    520    326
   326    520    521
   326    521    522
   326    522    226
   326    226    225
   326    225    224
   226    522    523
   226    523    524
   226    524    525
   226    525    426
   226    426    329
   226    329    328
   226    328    146
   226    146    145
   226    145    144
   525    428    336
   525    336    335
   525    335    427
   525    427    426
   340    429    428
   340    428    525
   340    525    524
   340    524    526
   340    526    430
   340    430    341
   526    527    431
   526    431    430
   432    431    527
   432    527    528
   432    528    529
   432    529    530
   432    530    433
   433    530    435
   433    435    434
   435    530    529
   435    529    531
   435    531    532
   435    532    436
   436    532    533
   436    533    438
   436    438    437
   533    534    535
   533    535    536
   533    536    440
   533    440    439
   533    439    438
   536    537    538
   536    538    445
   536    445    444
   536    444    443
   536    443    442
   536    442    441
   536    441    440
   539    540    541
   539    541    542
   539    542    538
   539    538    537
   538    542    446
   538    446    445
   447    446    542
   447    542    541
   447    541    449
   449    541    540
   449    540    543
   449    543    450
   451    450    543
   451    543    544
   451    544    545
   451    545    453
   451    453    452
   453    545    546
   453    546    454
   455    547    548
   455    548    549
   455    549    457
   455    457    456
   457    549    550
   457    550    459
   457    459    458
   460    551    552
   460    552    553
   460    553    461
   461    553    554
   461    554    555
   461    555    462
   462    555    556
   462    556    557
   462    557    558
   462    558    465
   462    465    464
   462    464    463
   558    559    560
   558    560    561
   558    561    466
   558    466    465
   466    561    562
   466    562    563
   466    563    467
   467    563    564
   467    564    470
   467    470    469
   467    469    468
   263    473    472
   263    472    471
   263    471    565
   263    565    264
   264    565    566
   264    566    266
   264    266    265
   266    566    567
   266    567    267
   267    567    568
   267    568    476
   267    476    475
   267    475    474
   267    474    268
   476    568    569
   476    569    570
   476    570    477
   477    570    571
   477    571    572
   477    572    480
   477    480    479
   477    479    478
   572    573    574
   572    574    575
   572    575    576
   572    576    481
   572    481    480
   481    576    577
   481    577    484
   481    484    482
   575    578    579
   575    579    580
   575    580    581
   575    581    577
   575    577    576
   484    577    581
   484    581    487
   484    487    486
   484    486    485
   487    581    580
   487    580    582
   487    582    583
   487    583    488
   488    583    584
   488    584    585
   488    585    490
   488    490    489
   490    585    586
   490    586    491
   491    586    587
   491    587    588
   491    588    589
   491    589    493
   491    493    492
   388    493    589
   388    589    590
   388    590    591
   388    591    494
   388    494    389
   591    592    593
   591    593    496
   591    496    495
   591    495    494
   392    497    594
   392    594    595
   392    595    596
   392    596    393
   393    596    597
   393    597    598
   393    598    499
   393    499    394
   500    499    598
   500    598    599
   599    598    597
   599    597    600
   599    600    601
   503    502    402
   503    402    401
   503    401    501
   503    501    397
   503    397    396
   503    396    498
   503    498    500
   503    500    599
   503    599    601
   503    601    602
   503    602    603
   302    406    503
   302    503    603
   302    603    604
   302    604    605
   302    605    606
   302    606    607
   302    607    504
   302    504    407
   302    407    305
   302    305    303
   607    608    507
   607    507    506
   607    506    505
   607    505    504
   606    609    610
   606    610    611
   606    611    608
   606    608    607
   611    612    510
   611    510    509
   611    509    508
   611    508    507
   611    507    608
   610    613    614
   610    614    615
   610    615    612
   610    612    611
   510    612    615
   510    615    616
   510    616    512
   510    512    511
   512    616    617
   512    617    618
   512    618    513
   513    618    619
   513    619    620
   513    620    515
   513    515    514
   419    515    620
   419    620    621
   419    621    516
   419    516    420
   621    622    517
   621    517    516
   319    623    425
   319    425    320
   322    425    623
   322    623    624
   322    624    323
   323    624    625
   323    625    626
   323    626    627
   323    627    521
   323    521    520
   323    520    519
   323    519    324
   626    628    629
   626    629    627
   627    629    630
   627    630    523
   627    523    522
   627    522    521
   631    632    633
   631    633    634
   631    634    635
   631    635    636
   631    636    637
   631    637    638
   631    638    639
   631    639    630
   631    630    629
   631    629    628
   523    630    639
   523    639    640
   523    640    528
   523    528    527
   523    527    526
   523    526    524
   639    638    641
   639    641    642
   639    642    643
   639    643    644
   639    644    640
   528    640    644
   528    644    645
   528    645    531
   528    531    529
   644    643    646
   644    646    647
   644    647    648
   644    648    645
   531    645    648
   531    648    649
   531    649    534
   531    534    533
   531    533    532
   648    647    650
   648    650    651
   648    651    652
   648    652    653
   648    653    654
   648    654    655
   648    655    649
   649    655    656
   649    656    657
   649    657    658
   649    658    535
   649    535    534
   657    659    658
   535    658    659
   535    659    660
   535    660    661
   535    661    539
   535    539    537
   535    537    536
   543    540    539
   543    539    661
   543    661    544
   544    661    660
   544    660    662
   544    662    663
   544    663    546
   544    546    545
   454    546    663
   454    663    664
   454    664    547
   454    547    455
   664    548    547
   459    550    665
   459    665    551
   459    551    460
   552    666    667
   552    667    554
   552    554    553
   554    667    668
   554    668    556
   554    556    555
   556    668    669
   556    669    670
   556    670    671
   556    671    557
   557    671    559
   557    559    558
   670    672    673
   670    673    674
   670    674    560
   670    560    559
   670    559    671
   560    674    675
   560    675    562
   560    562    561
   562    675    676
   562    676    677
   562    677    678
   562    678    564
   562    564    563
   470    564    678
   470    678    569
   470    569    568
   470    568    567
   470    567    566
   470    566    565
   470    565    471
   569    678    677
   569    677    679
   569    679    571
   569    571    570
   571    679    680
   571    680    681
   571    681    682
   571    682    683
   571    683    684
   571    684    685
   571    685    573
   571    573    572
   685    686    687
   685    687    574
   685    574    573
   688    689    690
   688    690    687
   688    687    686
   688    686    691
   688    691    692
   574    687    690
   574    690    693
   574    693    578
   574    578    575
   693    694    695
   693    695    696
   693    696    579
   693    579    578
   580    579    696
   580    696    697
   580    697    582
   582    697    698
   582    698    699
   582    699    700
   582    700    584
   582    584    583
   584    700    587
   584    587    586
   584    586    585
   589    588    701
   589    701    702
   589    702    590
   590    702    703
   590    703    704
   590    704    592
   590    592    591
   496    593    705
   496    705    706
   496    706    594
   496    594    497
   594    706    707
   594    707    595
   595    707    708
   595    708    709
   595    709    600
   595    600    597
   595    597    596
   601    600    709
   601    709    710
   601    710    711
   601    711    602
   603    602    711
   603    711    712
   603    712    713
   603    713    714
   603    714    715
   603    715    716
   603    716    604
   604    716    717
   604    717    718
   604    718    719
   604    719    720
   604    720    721
   604    721    722
   604    722    723
   604    723    605
   605    723    724
   605    724    609
   605    609    606
   722    725    726
   722    726    724
   722    724    723
   724    726    727
   724    727    613
   724    613    610
   724    610    609
   727    728    729
   727    729    730
   727    730    614
   727    614    613
   614    730    731
   614    731    617
   614    617    616
   614    616    615
   617    731    732
   617    732    619
   617    619    618
   620    619    732
   620    732    733
   620    733    622
   620    622    621
   423    518    517
   423    517    622
   423    622    733
   423    733    734
   423    734    735
   423    735    736
   423    736    424
   318    424    736
   318    736    625
   318    625    624
   318    624    623
   318    623    319
   737    738    739
   737    739    632
   737    632    631
   739    740    741
   739    741    633
   739    633    632
   633    741    634
   636    742    637
   637    742    743
   637    743    744
   637    744    745
   637    745    641
   637    641    638
   641    745    746
   641    746    747
   641    747    748
   641    748    642
   642    748    749
   642    749    750
   642    750    751
   642    751    646
   642    646    643
   646    751    752
   646    752    650
   646    650    647
   650    752    753
   650    753    754
   650    754    755
   650    755    756
   650    756    651
   653    757    758
   653    758    654
   654    758    759
   654    759    760
   654    760    656
   654    656    655
   656    760    761
   656    761    662
   656    662    660
   656    660    659
   656    659    657
   761    760    759
   761    759    762
   761    762    763
   761    763    764
   663    662    761
   663    761    764
   663    764    765
   663    765    665
   663    665    550
   663    550    549
   663    549    548
   663    548    664
   665    765    766
   665    766    767
   665    767    666
   665    666    552
   665    552    551
   767    768    669
   767    669    668
   767    668    667
   767    667    666
   766    769    770
   766    770    771
   766    771    768
   766    768    767
   669    768    771
   669    771    772
   669    772    672
   669    672    670
   770    773    774
   770    774    772
   770    772    771
   772    774    673
   772    673    672
   673    774    773
   673    773    775
   673    775    776
   673    776    777
   673    777    778
   673    778    779
   673    779    780
   673    780    781
   673    781    676
   673    676    675
   673    675    674
   677    676    781
   677    781    782
   677    782    783
   677    783    784
   677    784    785
   677    785    786
   677    786    680
   677    680    679
   680    786    787
   680    787    681
   681    787    788
   681    788    682
   684    789    691
   684    691    686
   684    686    685
   692    691    789
   690    689    790
   690    790    694
   690    694    693
   791    695    694
   791    694    790
   791    790    792
   696    695    791
   696    791    793
   696    793    698
   696    698    697
   587    700    699
   587    699    794
   587    794    795
   587    795    796
   587    796    701
   587    701    588
   701    796    797
   701    797    703
   701    703    702
   704    798    799
   704    799    705
   704    705    593
   704    593    592
   705    799    800
   705    800    801
   705    801    708
   705    708    707
   705    707    706
   709    708    801
   709    801    802
   709    802    710
   711    710    802
   711    802    803
   711    803    712
   715    804    805
   715    805    717
   715    717    716
   717    805    806
   717    806    807
   717    807    718
   721    808    809
   721    809    725
   721    725    722
   720    810    811
   720    811    812
   720    812    808
   720    808    721
   809    728    727
   809    727    726
   809    726    725
   812    813    729
   812    729    728
   812    728    809
   812    809    808
   733    732    731
   733    731    730
   733    730    729
   733    729    813
   733    813    814
   733    814    734
   734    814    815
   734    815    816
   734    816    817
   734    817    738
   734    738    737
   734    737    735
   736    735    737
   736    737    631
   736    631    628
   736    628    626
   736    626    625
   746    745    744
   749    818    819
   749    819    750
   750    819    753
   750    753    752
   750    752    751
   651    756    820
   651    820    821
   651    821    822
   651    822    652
   652    822    823
   652    823    824
   652    824    757
   652    757    653
   824    825    762
   824    762    759
   824    759    758
   824    758    757
   762    825    826
   762    826    827
   762    827    763
   764    763    827
   764    827    828
   764    828    829
   764    829    830
   764    830    831
   764    831    769
   764    769    766
   764    766    765
   830    832    833
   830    833    834
   830    834    831
   831    834    775
   831    775    773
   831    773    770
   831    770    769
   835    836    777
   835    777    776
   835    776    833
   835    833    832
   833    776    775
   833    775    834
   783    837    784
   838    792    790
   838    790    689
   838    689    688
   839    793    791
   839    791    792
   839    792    838
   839    838    840
   794    699    698
   794    698    793
   794    793    839
   703    797    841
   703    841    798
   703    798    704
   842    800    799
   842    799    798
   842    798    841
   842    841    843
   802    801    800
   802    800    842
   802    842    844
   802    844    803
   712    803    844
   712    844    713
   845    806    805
   845    805    804
   718    807    846
   718    846    847
   718    847    719
   719    847    810
   719    810    720
   846    848    849
   846    849    850
   846    850    811
   846    811    810
   846    810    847
   811    850    815
   811    815    814
   811    814    813
   811    813    812
   816    851    852
   816    852    853
   816    853    817
   817    853    854
   817    854    740
   817    740    739
   817    739    738
   855    818    749
   855    749    748
   855    748    747
   754    856    857
   754    857    755
   755    857    858
   755    858    820
   755    820    756
   823    859    826
   823    826    825
   823    825    824
   827    826    859
   827    859    860
   827    860    828
   829    861    862
   829    862    835
   829    835    832
   829    832    830
   863    864    836
   863    836    835
   863    835    862
   777    836    864
   777    864    778
   683    865    840
   683    840    838
   683    838    688
   683    688    692
   683    692    789
   683    789    684
   866    795    794
   866    794    839
   866    839    840
   866    840    865
   866    865    867
   866    867    868
   843    841    797
   843    797    796
   843    796    795
   843    795    866
   713    844    842
   713    842    843
   713    843    866
   713    866    868
   713    868    714
   714    868    867
   714    867    869
   714    869    870
   714    870    845
   714    845    804
   714    804    715
   870    871    848
   870    848    846
   870    846    807
   870    807    806
   870    806    845
   872    873    874
   872    874    875
   872    875    849
   872    849    848
   872    848    871
   815    850    849
   815    849    875
   815    875    851
   815    851    816
   635    743    742
   635    742    636
   876    877    856
   876    856    754
   876    754    753
   876    753    819
   876    819    818
   876    818    855
   858    857    856
   858    856    877
   821    878    860
   821    860    859
   821    859    823
   821    823    822
   828    860    878
   828    878    861
   828    861    829
   779    778    864
   779    864    863
   788    787    786
   788    786    785
   788    785    879
   788    879    880
   788    880    881
   788    881    882
   867    865    683
   867    683    682
   867    682    788
   867    788    882
   867    882    869
   869    882    881
   869    881    883
   869    883    884
   869    884    885
   869    885    872
   869    872    871
   869    871    870
   885    886    887
   885    887    888
   885    888    889
   885    889    890
   885    890    873
   885    873    872
   875    874    890
   875    890    889
   875    889    852
   875    852    851
   852    889    888
   852    888    891
   852    891    854
   852    854    853
   634    741    740
   634    740    854
   634    854    891
   634    891    892
   634    892    893
   634    893    876
   634    876    855
   634    855    747
   634    747    746
   634    746    744
   634    744    743
   634    743    635
   893    894    780
   893    780    779
   893    779    863
   893    863    862
   893    862    861
   893    861    878
   893    878    821
   893    821    820
   893    820    858
   893    858    877
   893    877    876
   781    780    894
   781    894    895
   781    895    896
   781    896    782
   782    896    897
   782    897    837
   782    837    783
   784    837    897
   784    897    879
   784    879    785
   879    897    896
   879    896    895
   879    895    898
   879    898    899
   879    899    880
   881    880    899
   881    899    883
   900    887    886
   891    888    887
   891    887    900
   891    900    892
   884    898    895
   884    895    894
   884    894    893
   884    893    892
   884    892    900
   884    900    886
   884    886    885
   883    899    898
   883    898    884
   890    874    873
