1022 2040
   -0.052840     0.089695     0.537847
   -0.139068     0.175923     0.537847
   -0.139068     0.145438     0.540849
   -0.099957     0.075320     0.543903
   -0.043442     0.018805     0.543903
   -0.154763     0.238511     0.530136
   -0.183629     0.209645     0.530136
   -0.186405     0.188702     0.531926
   -0.093957     0.030064     0.540037
   -0.011046    -0.052846     0.540037
   -0.011046    -0.039273     0.541374
   -0.003691    -0.082181     0.536423
    0.042688    -0.132926     0.526857
    0.065960    -0.109654     0.526857
    0.003650     0.292141     0.495273
    0.104887    -0.128298     0.517392
    0.177802    -0.128298     0.495273
    0.003010     0.303704     0.493477
   -0.154763     0.259679     0.526656
    0.004922     0.308436     0.491801
   -0.189290     0.388882     0.491801
   -0.189290     0.331768     0.509126
   -0.195408     0.403292     0.486661
   -0.198195     0.406534     0.485328
   -0.235704     0.390997     0.485328
   -0.214635     0.338840     0.503797
   -0.215470     0.323755     0.506140
   -0.248792     0.243309     0.506140
   -0.252751     0.191223     0.511483
   -0.246814     0.188702     0.513601
   -0.129034    -0.095643     0.513601
   -0.127941    -0.115391     0.510534
   -0.123570    -0.115632     0.511213
    0.073502    -0.197262     0.511213
    0.084467    -0.208639     0.507539
    0.160323    -0.296868     0.471244
    0.192755    -0.283434     0.471244
    0.130922    -0.221601     0.497770
    0.078535    -0.203707     0.509326
    0.196639    -0.285003     0.469869
    0.246858    -0.163764     0.469869
    0.232729    -0.151617     0.475681
    0.317451    -0.186029     0.435325
    0.551944    -0.186029     0.309986
    0.563135    -0.179555     0.303077
    0.569095    -0.173989     0.299094
    0.568058    -0.159171     0.297526
    0.454857     0.263302     0.297526
    0.392779     0.299960     0.325457
    0.376198     0.316179     0.329725
    0.319290     0.330223     0.351838
    0.016368     0.319883     0.484795
    0.140715     0.508798     0.351838
    0.087735     0.520789     0.369235
    0.021539     0.471351     0.418313
   -0.000012     0.472545     0.421660
   -0.125176     0.506082     0.421660
   -0.167905     0.509072     0.426182
   -0.197344     0.477545     0.447249
   -0.203222     0.467384     0.453523
   -0.203222     0.422472     0.477529
   -0.250017     0.454845     0.453523
   -0.253910     0.448253     0.456489
   -0.253735     0.444752     0.458385
   -0.251746     0.439670     0.461386
   -0.250592     0.405886     0.476215
   -0.284022     0.414465     0.458385
   -0.285693     0.407084     0.460809
   -0.301394     0.391725     0.456767
   -0.302499     0.391072     0.456269
   -0.356525     0.189448     0.456269
   -0.258379     0.189448     0.508729
   -0.371424     0.180829     0.447071
   -0.491526     0.068681     0.366813
   -0.491721     0.068367     0.366664
   -0.489244     0.032964     0.362917
   -0.429046    -0.191697     0.362917
   -0.387735    -0.175525     0.387315
   -0.181019    -0.168469     0.478046
   -0.463494    -0.237823     0.328719
   -0.320378    -0.380939     0.328719
   -0.184816    -0.279697     0.429226
   -0.142483    -0.282042     0.435800
    0.113395    -0.350605     0.435800
    0.171833    -0.354693     0.441984
    0.171833    -0.333362     0.453386
    0.224592    -0.411195     0.404227
    0.304956    -0.389662     0.404227
    0.285166    -0.373530     0.415684
    0.306420    -0.390292     0.403480
    0.402307    -0.461902     0.332389
    0.448482    -0.415727     0.332389
    0.390869    -0.393174     0.366414
    0.489841    -0.417797     0.309986
    0.668773    -0.173989     0.217290
    0.683413    -0.157640     0.202607
    0.685680    -0.151828     0.199797
    0.682087    -0.103784     0.194903
    0.659299     0.010781     0.194903
    0.652850     0.026924     0.197560
    0.642580     0.047207     0.202677
    0.636332     0.060576     0.204625
    0.597922     0.135738     0.217973
    0.596282     0.138704     0.218591
    0.544471     0.209362     0.242613
    0.498845     0.258971     0.266235
    0.492706     0.261722     0.270182
    0.393507     0.410183     0.270182
    0.390334     0.413909     0.270690
    0.384705     0.416400     0.273637
    0.292704     0.508401     0.273637
    0.252037     0.518247     0.289536
    0.161425     0.578792     0.289536
    0.122877     0.587553     0.302167
    0.086049     0.561185     0.340051
    0.037035     0.564656     0.347110
   -0.060286     0.584014     0.347110
   -0.097792     0.586819     0.350931
   -0.148797     0.541146     0.396740
   -0.167905     0.516802     0.419838
   -0.217604     0.506916     0.419838
   -0.231219     0.489778     0.431680
   -0.245204     0.476916     0.438340
   -0.249496     0.467338     0.444497
   -0.269639     0.453878     0.444497
   -0.271469     0.449743     0.446662
   -0.285800     0.435412     0.446662
   -0.295225     0.431242     0.441728
   -0.322627     0.390232     0.441728
   -0.342931     0.381134     0.428675
   -0.415328     0.302416     0.391191
   -0.431610     0.289481     0.379940
   -0.452317     0.265799     0.366813
   -0.510135     0.053913     0.349192
   -0.597061    -0.043161     0.262008
   -0.607442    -0.065063     0.249913
   -0.621083    -0.100043     0.233007
   -0.614772    -0.184439     0.224410
   -0.598069    -0.268412     0.224410
   -0.596061    -0.296772     0.220325
   -0.553983    -0.298529     0.250724
   -0.614836    -0.322997     0.193349
   -0.608237    -0.352032     0.183835
   -0.567437    -0.413095     0.183835
   -0.563607    -0.411912     0.187269
   -0.552667    -0.414560     0.191546
   -0.330270    -0.395683     0.316011
   -0.454733    -0.479998     0.191546
   -0.393760    -0.493856     0.211524
   -0.328133    -0.446868     0.279033
   -0.181876    -0.457225     0.300098
    0.038611    -0.501083     0.300098
    0.227339    -0.515196     0.319324
    0.227339    -0.422141     0.395692
    0.233343    -0.520572     0.313932
    0.252488    -0.519141     0.311981
    0.408566    -0.488095     0.311981
    0.408435    -0.487534     0.312463
    0.409084    -0.472004     0.323682
    0.449648    -0.517509     0.269722
    0.501319    -0.482983     0.269722
    0.497877    -0.479541     0.273989
    0.492805    -0.419785     0.307431
    0.511983    -0.486276     0.260162
    0.525363    -0.480355     0.253158
    0.567931    -0.416649     0.253158
    0.577569    -0.412330     0.246962
    0.611474    -0.375465     0.229407
    0.624601    -0.349777     0.224845
    0.629234    -0.341904     0.222328
    0.643950    -0.305068     0.216264
    0.668020    -0.184057     0.216264
    0.686909    -0.150003     0.197948
    0.690526    -0.136684     0.190970
    0.691201    -0.132352     0.189311
    0.692434    -0.123120     0.186027
    0.689966    -0.092925     0.183207
    0.688545    -0.083952     0.183207
    0.686226    -0.056845     0.179751
    0.682951    -0.046449     0.181109
    0.677146    -0.030995     0.184179
    0.538437     0.221204     0.242613
    0.500329     0.275660     0.254641
    0.475104     0.316909     0.252497
    0.447916     0.349547     0.257434
    0.385250     0.425322     0.264748
    0.292043     0.518529     0.264748
    0.289035     0.524888     0.260758
    0.222873     0.584255     0.246847
    0.221869     0.585683     0.245783
    0.122611     0.636258     0.245783
    0.120420     0.636805     0.246443
    0.118107     0.635570     0.249245
    0.102213     0.636930     0.251271
   -0.019079     0.656140     0.251271
   -0.053592     0.632899     0.286252
   -0.097792     0.593789     0.342437
   -0.144861     0.586334     0.342437
   -0.182159     0.552010     0.377064
   -0.192226     0.544408     0.383359
   -0.217359     0.509387     0.417115
   -0.235906     0.499937     0.417115
   -0.251683     0.477492     0.433838
   -0.269119     0.461847     0.437504
   -0.271425     0.460819     0.436303
   -0.301407     0.430838     0.436303
   -0.312882     0.425410     0.429102
   -0.343803     0.390950     0.421857
   -0.400058     0.351406     0.379940
   -0.480657     0.245460     0.339497
   -0.544834     0.160470     0.286347
   -0.568961     0.134253     0.262008
   -0.646385    -0.137618     0.194925
   -0.640892    -0.204839     0.188645
   -0.634519    -0.245079     0.188645
   -0.629238    -0.306822     0.180774
   -0.624948    -0.316864     0.183352
   -0.620761    -0.322408     0.186819
   -0.614882    -0.345930     0.179730
   -0.608763    -0.357941     0.179730
   -0.605128    -0.371522     0.174739
   -0.598642    -0.383931     0.173082
   -0.586024    -0.404565     0.172009
   -0.578906    -0.412498     0.173677
   -0.567580    -0.413238     0.183616
   -0.574836    -0.421634     0.168920
   -0.573991    -0.423025     0.168407
   -0.566448    -0.430568     0.168407
   -0.562155    -0.439644     0.162711
   -0.548633    -0.455592     0.156368
   -0.524332    -0.477398     0.151258
   -0.522076    -0.479277     0.150917
   -0.503259    -0.484312     0.157833
   -0.449941    -0.511479     0.157833
   -0.390534    -0.526328     0.175736
   -0.366558    -0.544432     0.160742
   -0.360807    -0.546889     0.159266
   -0.155882    -0.564417     0.185390
    0.018984    -0.592113     0.185390
    0.233343    -0.609631     0.205414
    0.233734    -0.609894     0.205017
    0.274816    -0.606537     0.201180
    0.440358    -0.580317     0.201180
    0.443943    -0.580011     0.200723
    0.448994    -0.572973     0.207506
    0.453738    -0.525215     0.260142
    0.496040    -0.549002     0.207506
    0.506221    -0.534519     0.218297
    0.506453    -0.529901     0.223521
    0.509564    -0.523325     0.227648
    0.541000    -0.491889     0.227648
    0.546760    -0.478958     0.234380
    0.571235    -0.451682     0.228645
    0.579819    -0.437645     0.229375
    0.581582    -0.435126     0.228819
    0.610986    -0.377417     0.228819
    0.647651    -0.296404     0.214041
    0.649785    -0.290723     0.212912
    0.675835    -0.208054     0.202111
    0.677017    -0.204372     0.201381
    0.682341    -0.170763     0.201381
    0.693216    -0.117922     0.183283
    0.691144    -0.094319     0.181345
    0.690622    -0.090351     0.181345
    0.687876    -0.061838     0.178248
    0.626174     0.085099     0.204625
    0.594347     0.142298     0.218749
    0.571496     0.176722     0.226818
    0.384531     0.432151     0.257434
    0.384437     0.432220     0.257501
    0.292134     0.524522     0.257501
    0.267052     0.559076     0.232739
    0.219848     0.595297     0.232739
    0.193515     0.628677     0.202408
    0.179812     0.638861     0.197542
    0.148778     0.668061     0.167556
    0.112289     0.683176     0.167556
    0.101648     0.692397     0.154369
   -0.017728     0.661979     0.240680
    0.088940     0.705395     0.133181
    0.082970     0.709166     0.127598
    0.029846     0.716160     0.127598
    0.025817     0.714414     0.131856
   -0.017728     0.690835     0.186694
   -0.032874     0.688841     0.186694
   -0.071756     0.664285     0.223059
   -0.092698     0.642864     0.257977
   -0.142520     0.599689     0.319717
   -0.154709     0.594640     0.319717
   -0.201638     0.550484     0.365062
   -0.204209     0.544954     0.373253
   -0.234520     0.506531     0.408167
   -0.286462     0.466675     0.408167
   -0.292516     0.458334     0.414145
   -0.311205     0.439646     0.414145
   -0.359434     0.404636     0.379582
   -0.400322     0.351351     0.379582
   -0.481326     0.287447     0.305975
   -0.482496     0.285872     0.305416
   -0.542851     0.221727     0.243437
   -0.579877     0.132339     0.243437
   -0.629068     0.075575     0.173093
   -0.638852     0.058205     0.160787
   -0.639850     0.056625     0.159309
   -0.663049    -0.119590     0.159309
   -0.663852    -0.128747     0.160061
   -0.660009    -0.137618     0.169437
   -0.658385    -0.156118     0.167918
   -0.648197    -0.233507     0.167918
   -0.644122    -0.275819     0.163321
   -0.637470    -0.292206     0.170419
   -0.620489    -0.333345     0.179009
   -0.614921    -0.346786     0.179009
   -0.610633    -0.361296     0.174290
   -0.582908    -0.411114     0.168920
   -0.570483    -0.429797     0.164520
   -0.564503    -0.437295     0.162711
   -0.547628    -0.456977     0.155375
   -0.539946    -0.465417     0.151258
   -0.521669    -0.479793     0.150448
   -0.501565    -0.494734     0.143310
   -0.493832    -0.499868     0.141497
   -0.482787    -0.505814     0.141012
   -0.461791    -0.512019     0.147840
   -0.415513    -0.531187     0.147840
   -0.326064    -0.566459     0.134651
   -0.223734    -0.600275     0.103840
   -0.070832    -0.614999     0.120451
    0.067476    -0.633207     0.120451
    0.233734    -0.647799     0.134102
    0.254469    -0.656784     0.112186
    0.299056    -0.652870     0.108525
    0.402965    -0.639190     0.108525
    0.420882    -0.637465     0.106579
    0.421719    -0.636994     0.107171
    0.439463    -0.621617     0.129161
    0.445986    -0.584419     0.192443
    0.458627    -0.613679     0.129161
    0.471869    -0.601219     0.141956
    0.478980    -0.585920     0.164618
    0.491658    -0.569849     0.179222
    0.502790    -0.561308     0.179222
    0.523734    -0.532455     0.199898
    0.524421    -0.531768     0.199898
    0.539799    -0.502082     0.216939
    0.559425    -0.476504     0.216939
    0.595475    -0.416432     0.222181
    0.610762    -0.388040     0.220935
    0.611375    -0.385964     0.221610
    0.628498    -0.344626     0.221610
    0.682814    -0.186832     0.196099
    0.683807    -0.176518     0.197220
    0.686130    -0.158868     0.197220
    0.694212    -0.112942     0.178151
    0.693330    -0.103323     0.177485
    0.691810    -0.089827     0.177485
    0.689346    -0.065820     0.175343
    0.652701     0.038864     0.184179
    0.652256     0.039592     0.184813
    0.477185     0.326818     0.226818
    0.471494     0.333128     0.232156
    0.390588     0.429923     0.247426
    0.360475     0.469520     0.222632
    0.264801     0.565193     0.222632
    0.218720     0.619156     0.179799
    0.212343     0.624485     0.178793
    0.161484     0.670359     0.135772
    0.142612     0.682218     0.135772
    0.114424     0.704200     0.107538
    0.093561     0.723173     0.068778
    0.082162     0.730145     0.058871
    0.075625     0.732432     0.058871
    0.075653     0.731530     0.061835
    0.032432     0.725131     0.098985
    0.055626     0.742955     0.031611
    0.041635     0.744531     0.031611
    0.032432     0.742269     0.042487
    0.027463     0.741709     0.042487
   -0.013383     0.720218     0.098162
   -0.024386     0.714785     0.110407
   -0.029897     0.712856     0.110407
   -0.051993     0.699342     0.129609
   -0.091565     0.663356     0.203126
   -0.141865     0.624129     0.253510
   -0.221375     0.574169     0.253510
   -0.261106     0.538332     0.287118
   -0.260441     0.537394     0.291311
   -0.266758     0.534034     0.283579
   -0.417534     0.383259     0.283579
   -0.469964     0.338485     0.241962
   -0.509719     0.311807     0.170890
   -0.551551     0.265430     0.131661
   -0.592637     0.200042     0.131661
   -0.625189     0.158302     0.089850
   -0.666069     0.113347     0.006334
   -0.691347     0.041107     0.006334
   -0.686863     0.041244     0.021065
   -0.691380     0.041045     0.006250
   -0.700120    -0.036531     0.006250
   -0.690666    -0.083799     0.054974
   -0.679616    -0.128747     0.108095
   -0.671020    -0.205044     0.108095
   -0.667130    -0.215178     0.117153
   -0.646614    -0.270773     0.157705
   -0.620088    -0.341881     0.170419
   -0.618052    -0.348352     0.168654
   -0.593094    -0.395048     0.168638
   -0.582858    -0.411339     0.168638
   -0.576854    -0.422175     0.163317
   -0.555677    -0.448902     0.155444
   -0.555519    -0.449086     0.155375
   -0.538473    -0.467142     0.149889
   -0.523943    -0.479286     0.147597
   -0.518874    -0.483858     0.143310
   -0.451240    -0.523895     0.127277
   -0.430262    -0.530496     0.132999
   -0.333556    -0.564335     0.132999
   -0.186291    -0.614092     0.076528
   -0.139682    -0.626496     0.057267
    0.009445    -0.641800     0.070570
    0.141545    -0.656684     0.070570
    0.254469    -0.667036     0.078388
    0.292028    -0.674548     0.039673
    0.314091    -0.672526     0.038145
    0.380936    -0.664994     0.038145
    0.402454    -0.662786     0.036226
    0.414553    -0.656812     0.049689
    0.426847    -0.652510     0.049689
    0.445116    -0.635897     0.083628
    0.450922    -0.631369     0.089444
    0.452365    -0.630462     0.089444
    0.462958    -0.620907     0.098405
    0.476925    -0.600094     0.135614
    0.497296    -0.576239     0.154549
    0.501432    -0.572103     0.154549
    0.530134    -0.534362     0.178180
    0.532242    -0.528890     0.186975
    0.558189    -0.482060     0.209971
    0.580229    -0.446983     0.209971
    0.624265    -0.364479     0.210678
    0.628145    -0.352149     0.214041
    0.683975    -0.183686     0.193804
    0.686305    -0.174929     0.190186
    0.687207    -0.166140     0.190970
    0.695068    -0.112942     0.169456
    0.695068    -0.085220     0.141733
    0.693535    -0.069654     0.141733
    0.693330    -0.069571     0.143733
    0.687949    -0.042469     0.112195
    0.671536     0.011637     0.112195
    0.668020     0.022539     0.109881
    0.662719     0.035168     0.093551
    0.560856     0.225739     0.093551
    0.543670     0.255933     0.081747
    0.530884     0.276282     0.081747
    0.522303     0.287785     0.090690
    0.320098     0.534173     0.090690
    0.299957     0.557003     0.076075
    0.269546     0.587414     0.076075
    0.238780     0.614556     0.056380
    0.138720     0.696673     0.056380
    0.114417     0.714802     0.037485
    0.093975     0.728537     0.005841
    0.070988     0.740823     0.005841
    0.071001     0.740619     0.008071
    0.056031     0.743560     0.025832
    0.052074     0.748763    -0.018616
    0.052776     0.747017    -0.001588
    0.041635     0.747017     0.009554
    0.050591     0.749249    -0.022070
    0.041701     0.751076    -0.031730
    0.041509     0.751095    -0.031730
    0.041509     0.747213     0.007690
    0.033835     0.751095    -0.039404
    0.030885     0.750804    -0.039404
    0.029440     0.747213    -0.004380
    0.026132     0.743700     0.023491
    0.026696     0.749944    -0.043955
    0.009866     0.744838    -0.043955
   -0.003074     0.739406    -0.027224
   -0.003164     0.737942    -0.011266
   -0.121101     0.676320    -0.027224
   -0.145758     0.662285    -0.017584
   -0.145584     0.661778    -0.010817
   -0.156589     0.654206    -0.026004
   -0.418459     0.439295    -0.026004
   -0.444386     0.416421    -0.042602
   -0.448804     0.412003    -0.050845
   -0.519703     0.331639    -0.102292
   -0.629092     0.198348    -0.102292
   -0.638779     0.185361    -0.112388
   -0.667300     0.114303    -0.005771
   -0.660801     0.152585    -0.163127
   -0.661623     0.151141    -0.163691
   -0.693669     0.091186    -0.163691
   -0.694102     0.090156    -0.162359
   -0.689705     0.090426    -0.114442
   -0.698477     0.045791    -0.061486
   -0.700241     0.069919    -0.162359
   -0.701658     0.063438    -0.156263
   -0.706286     0.040917    -0.131793
   -0.706291     0.040876    -0.131704
   -0.701763     0.042697    -0.087555
   -0.701763    -0.035481    -0.009378
   -0.706291    -0.035481    -0.055347
   -0.704055    -0.058176    -0.055347
   -0.690666    -0.123328     0.015445
   -0.673260    -0.202935     0.090323
   -0.658543    -0.251448     0.090323
   -0.647250    -0.286469     0.097759
   -0.640254    -0.303136     0.119309
   -0.620854    -0.345366     0.155064
   -0.591936    -0.399469     0.155064
   -0.589847    -0.403139     0.156499
   -0.579114    -0.420220     0.156499
   -0.578102    -0.421576     0.155444
   -0.540961    -0.465588     0.144811
   -0.540502    -0.466047     0.143955
   -0.536970    -0.469163     0.141693
   -0.518411    -0.484394     0.141693
   -0.502134    -0.496535     0.129039
   -0.501445    -0.496999     0.127972
   -0.488791    -0.504201     0.123025
   -0.450305    -0.524772     0.123025
   -0.413395    -0.541728     0.091774
   -0.368303    -0.557506     0.091774
   -0.296495    -0.580662     0.076528
   -0.081124    -0.639300     0.002187
    0.073162    -0.656684     0.002187
    0.094597    -0.658937     0.000748
    0.292028    -0.678382     0.000748
    0.325733    -0.678382    -0.032958
    0.385194    -0.672526    -0.032958
    0.387357    -0.672298    -0.033103
    0.397105    -0.670167    -0.023934
    0.403119    -0.663780     0.026738
    0.401819    -0.668737    -0.023934
    0.415181    -0.663128    -0.006658
    0.418022    -0.661555     0.001238
    0.418066    -0.660843     0.009005
    0.426889    -0.652563     0.049161
    0.436737    -0.648981     0.030210
    0.436625    -0.648656     0.034552
    0.437064    -0.648713     0.030210
    0.468050    -0.617727     0.088015
    0.484789    -0.598753     0.100162
    0.493475    -0.588169     0.100162
    0.531966    -0.536569     0.140278
    0.538050    -0.527513     0.154296
    0.571477    -0.468788     0.177255
    0.618196    -0.381382     0.177255
    0.627588    -0.360939     0.194563
    0.646745    -0.306189     0.194563
    0.647898    -0.302615     0.193804
    0.691134    -0.152844     0.169413
    0.691201    -0.152207     0.169456
    0.687327    -0.085220     0.063130
    0.684745    -0.083570     0.038566
    0.684745    -0.041181     0.080955
    0.682189    -0.083570     0.015886
    0.668696    -0.028683    -0.048981
    0.670320    -0.027598    -0.033488
    0.657927     0.035463     0.041328
    0.660144    -0.016351    -0.081756
    0.632596     0.036006    -0.153121
    0.629917     0.041431    -0.159159
    0.616592     0.079512    -0.159159
    0.610448     0.089557    -0.167889
    0.591715     0.110157    -0.206159
    0.587958     0.114974    -0.210984
    0.467216     0.307134    -0.210984
    0.455180     0.328857    -0.200317
    0.491688     0.310191    -0.036514
    0.411887     0.389502    -0.189576
    0.370933     0.443353    -0.155856
    0.212678     0.601608    -0.155856
    0.159158     0.664281    -0.106110
    0.133509     0.685720    -0.102063
    0.120008     0.697898    -0.090643
    0.093840     0.728145     0.000618
    0.051724     0.740803    -0.090643
    0.050549     0.741872    -0.088459
    0.052709     0.744654    -0.061096
    0.050761     0.746481    -0.052234
    0.041146     0.745162    -0.088459
    0.043042     0.747999    -0.061392
    0.042861     0.748190    -0.059870
    0.033131     0.744929    -0.098548
    0.033131     0.747088    -0.079385
    0.033835     0.748190    -0.068896
    0.025547     0.747088    -0.071802
    0.032686     0.744756    -0.099639
    0.024158     0.742659    -0.109718
    0.023003     0.744386    -0.093234
    0.009677     0.741767    -0.077423
    0.019196     0.739218    -0.122906
    0.003732     0.731081    -0.143985
   -0.001363     0.728566    -0.149654
   -0.006193     0.726875    -0.149654
   -0.027286     0.713974    -0.167985
   -0.032523     0.709212    -0.177714
   -0.070367     0.679699    -0.215621
   -0.210959     0.591359    -0.215621
   -0.245954     0.559794    -0.245223
   -0.345835     0.476309    -0.260980
   -0.365854     0.452866    -0.279588
   -0.569999     0.248721    -0.279588
   -0.573186     0.246000    -0.277059
   -0.614087     0.197065    -0.269339
   -0.630789     0.178549    -0.253676
   -0.650741     0.146796    -0.253676
   -0.656311     0.138956    -0.249414
   -0.674440     0.115711    -0.226129
   -0.676952     0.112948    -0.220997
   -0.685450     0.099055    -0.208923
   -0.692783     0.091241    -0.173356
   -0.687380     0.093538    -0.208923
   -0.693212     0.081727    -0.195780
   -0.695511     0.077359    -0.189825
   -0.697305     0.072683    -0.185645
   -0.698302     0.063842    -0.185645
   -0.701658     0.050190    -0.169511
   -0.703471     0.041121    -0.160163
   -0.703791     0.040917    -0.157123
   -0.703791    -0.058283    -0.057923
   -0.700592     0.015567    -0.160163
   -0.699548     0.005392    -0.159256
   -0.701468    -0.060470    -0.076350
   -0.683885    -0.122495    -0.062667
   -0.666088    -0.173356    -0.062667
   -0.643216    -0.246046    -0.042841
   -0.634292    -0.300278     0.034908
   -0.621293    -0.326327     0.045319
   -0.563722    -0.417950     0.045319
   -0.562639    -0.419905     0.046279
   -0.555355    -0.438814     0.076671
   -0.556724    -0.440071     0.090944
   -0.510825    -0.483344     0.076671
   -0.512077    -0.484709     0.090893
   -0.494532    -0.489621     0.050484
   -0.440444    -0.523606     0.050484
   -0.423918    -0.531853     0.043879
   -0.388020    -0.537760    -0.007588
   -0.310946    -0.562012    -0.028609
   -0.207876    -0.598077    -0.028609
   -0.087920    -0.632083    -0.055071
   -0.059782    -0.631262    -0.090490
    0.082062    -0.645819    -0.103144
    0.198489    -0.658937    -0.103144
    0.325295    -0.670562    -0.111922
    0.325733    -0.671248    -0.105391
    0.387779    -0.671248    -0.043345
    0.326376    -0.670296    -0.113200
    0.372419    -0.665108    -0.113200
    0.386262    -0.665512    -0.095775
    0.387748    -0.665754    -0.092141
    0.389909    -0.668986    -0.061291
    0.401950    -0.666620    -0.047006
    0.398160    -0.664040    -0.077214
    0.399996    -0.664007    -0.072499
    0.401993    -0.666579    -0.047203
    0.414623    -0.661510    -0.028253
    0.413436    -0.658830    -0.050897
    0.415240    -0.660797    -0.030404
    0.436113    -0.647761     0.012192
    0.428510    -0.643757    -0.050897
    0.445904    -0.632084    -0.019801
    0.457238    -0.619518    -0.009172
    0.535378    -0.495158    -0.009172
    0.562594    -0.460261     0.025784
    0.588607    -0.414874     0.045545
    0.592050    -0.409246     0.050436
    0.671646    -0.181773     0.050436
    0.676531    -0.164541     0.046635
    0.687327    -0.154376     0.132285
    0.675818    -0.140114     0.015886
    0.641633    -0.016351    -0.142776
    0.629399    -0.012825    -0.181797
    0.626393    -0.005887    -0.189130
    0.603155     0.037030    -0.243176
    0.601345     0.050780    -0.243176
    0.593950     0.062487    -0.254126
    0.583611     0.072595    -0.270980
    0.563594     0.095694    -0.299604
    0.548487     0.132166    -0.299604
    0.532975     0.148653    -0.315534
    0.502718     0.189364    -0.329989
    0.485267     0.226044    -0.312689
    0.403334     0.332820    -0.312689
    0.367521     0.401956    -0.273003
    0.414801     0.384559    -0.194878
    0.292647     0.476830    -0.273003
    0.223581     0.571977    -0.204819
    0.134486     0.640342    -0.204819
    0.091270     0.695122    -0.155040
    0.072182     0.709308    -0.148263
    0.058144     0.722517    -0.134699
    0.051101     0.738686    -0.098397
    0.030206     0.734089    -0.134699
    0.032448     0.738998    -0.118709
    0.032846     0.739542    -0.116767
    0.020706     0.731363    -0.146919
    0.017676     0.731762    -0.146919
    0.019196     0.737035    -0.130100
    0.012953     0.729716    -0.151911
   -0.003987     0.720543    -0.173244
   -0.004734     0.719817    -0.174786
   -0.020645     0.709769    -0.189666
   -0.027418     0.702841    -0.200960
   -0.055688     0.678342    -0.235993
   -0.074319     0.670625    -0.235993
   -0.123086     0.624739    -0.283114
   -0.195300     0.571070    -0.308754
   -0.215798     0.545086    -0.332366
   -0.377607     0.420926    -0.332366
   -0.389319     0.404790    -0.343929
   -0.496340     0.297770    -0.343929
   -0.510193     0.286024    -0.338418
   -0.552931     0.255001    -0.307791
   -0.577254     0.223303    -0.307791
   -0.603828     0.197491    -0.292210
   -0.616158     0.187763    -0.281006
   -0.630518     0.168441    -0.274145
   -0.632396     0.166292    -0.272514
   -0.657832     0.135286    -0.249414
   -0.665056     0.123618    -0.242862
   -0.674585     0.112623    -0.229237
   -0.676112     0.109911    -0.227315
   -0.686211     0.093920    -0.212360
   -0.687086     0.087272    -0.212360
   -0.689714     0.079118    -0.207585
   -0.692158     0.074605    -0.201902
   -0.696821     0.063842    -0.190526
   -0.695564     0.049523    -0.189350
   -0.693393     0.033032    -0.189350
   -0.690750     0.005583    -0.186368
   -0.691555     0.002777    -0.182759
   -0.670740    -0.074161    -0.162482
   -0.636527    -0.156757    -0.162482
   -0.606341    -0.258908    -0.129263
   -0.606633    -0.261980    -0.124977
   -0.591237    -0.294340    -0.109714
   -0.501145    -0.411752    -0.109714
   -0.493532    -0.426446    -0.101279
   -0.493389    -0.427465    -0.099809
   -0.506489    -0.440565    -0.046502
   -0.490520    -0.483967     0.025215
   -0.399978    -0.499142    -0.099809
   -0.402961    -0.503458    -0.084603
   -0.370748    -0.496366    -0.140582
   -0.291546    -0.519770    -0.166338
   -0.174071    -0.568430    -0.166338
   -0.074132    -0.595468    -0.192677
   -0.070897    -0.597291    -0.190385
    0.056821    -0.609590    -0.204260
    0.199701    -0.628400    -0.204260
    0.286328    -0.636003    -0.211373
    0.291588    -0.637432    -0.208617
    0.325530    -0.652139    -0.172742
    0.326376    -0.655072    -0.163386
    0.372517    -0.661904    -0.123725
    0.354482    -0.648327    -0.172742
    0.369971    -0.652771    -0.152820
    0.373196    -0.659831    -0.129822
    0.384115    -0.659319    -0.118835
    0.384510    -0.659554    -0.117595
    0.372889    -0.651563    -0.152820
    0.379165    -0.652159    -0.144066
    0.393549    -0.657542    -0.106259
    0.385953    -0.646950    -0.144066
    0.394354    -0.655352    -0.109878
    0.427607    -0.643117    -0.054930
    0.386495    -0.643090    -0.149636
    0.444416    -0.567607    -0.149636
    0.446244    -0.563763    -0.151449
    0.478973    -0.519727    -0.135813
    0.504825    -0.432240    -0.164264
    0.598385    -0.206367    -0.164264
    0.611920    -0.156336    -0.177449
    0.660030    -0.140596    -0.035982
    0.611897    -0.156254    -0.177555
    0.615657    -0.117210    -0.181797
    0.590369     0.037030    -0.267097
    0.578892     0.054074    -0.284371
    0.564349     0.070509    -0.305263
    0.560268     0.096277    -0.305263
    0.547972     0.109638    -0.317667
    0.532153     0.130588    -0.330769
    0.521734     0.138065    -0.340811
    0.520820     0.139110    -0.341390
    0.494315     0.191130    -0.341390
    0.486536     0.196598    -0.347186
    0.428177     0.261636    -0.360860
    0.405805     0.311858    -0.334712
    0.309531     0.408132    -0.334712
    0.276111     0.478778    -0.290376
    0.183837     0.561576    -0.270976
    0.137052     0.628132    -0.221384
    0.039282     0.677949    -0.221384
    0.036635     0.681637    -0.217830
    0.023455     0.707091    -0.189357
    0.022883     0.707617    -0.188826
    0.020134     0.723294    -0.162156
   -0.005842     0.712167    -0.188826
   -0.004734     0.716958    -0.180136
   -0.021813     0.701413    -0.205012
   -0.054095     0.672848    -0.246048
   -0.056725     0.672432    -0.246048
   -0.104556     0.628414    -0.290454
   -0.110199     0.624153    -0.293983
   -0.140390     0.582082    -0.334533
   -0.216134     0.543488    -0.334533
   -0.239170     0.510717    -0.358951
   -0.343009     0.417543    -0.380783
   -0.365276     0.407623    -0.369190
   -0.451130     0.321769    -0.369190
   -0.466335     0.311964    -0.362759
   -0.544841     0.247411    -0.330300
   -0.553938     0.239693    -0.325165
   -0.605864     0.193494    -0.292210
   -0.623137     0.173739    -0.281260
   -0.646563     0.147531    -0.260782
   -0.666186     0.116483    -0.242862
   -0.667494     0.113725    -0.241339
   -0.674940     0.105310    -0.230642
   -0.687756     0.055157    -0.205346
   -0.683253     0.026725    -0.205346
   -0.681303     0.003926    -0.202440
   -0.648886    -0.039003    -0.229287
   -0.633898    -0.098971    -0.211215
   -0.571459    -0.221514    -0.211215
   -0.558776    -0.268906    -0.193796
   -0.511810    -0.321248    -0.204800
   -0.510129    -0.322043    -0.205855
   -0.393996    -0.438176    -0.205855
   -0.384456    -0.442426    -0.210822
   -0.381535    -0.445047    -0.210208
   -0.293235    -0.468678    -0.242663
   -0.201043    -0.515652    -0.242663
   -0.112914    -0.537679    -0.269221
   -0.079894    -0.562613    -0.248571
    0.015014    -0.570731    -0.260670
    0.134841    -0.589709    -0.260670
    0.202697    -0.595255    -0.267009
    0.257626    -0.616676    -0.240463
    0.306935    -0.636178    -0.207183
    0.354480    -0.648293    -0.172807
    0.327678    -0.632892    -0.207183
    0.336963    -0.632098    -0.206000
    0.353334    -0.640837    -0.186171
    0.355114    -0.644677    -0.178958
    0.370094    -0.645359    -0.166324
    0.364447    -0.635174    -0.186171
    0.370595    -0.642975    -0.169558
    0.384716    -0.641311    -0.154722
    0.364602    -0.632079    -0.189673
    0.388636    -0.608045    -0.189673
    0.397373    -0.588431    -0.199885
    0.413293    -0.570689    -0.196155
    0.446068    -0.448222    -0.241169
    0.500676    -0.341049    -0.241169
    0.533903    -0.208109    -0.281230
    0.567131    -0.164104    -0.253712
    0.573502    -0.089622    -0.263207
    0.586966    -0.004613    -0.263207
    0.553677     0.070509    -0.318267
    0.540150     0.085616    -0.331835
    0.530690     0.093041    -0.340811
    0.497726     0.157456    -0.357348
    0.484349     0.172001    -0.364274
    0.463695     0.181256    -0.377552
    0.409157     0.262878    -0.377552
    0.389996     0.271357    -0.387582
    0.325889     0.335464    -0.387582
    0.312265     0.366252    -0.371466
    0.100985     0.507424    -0.371466
    0.085236     0.542573    -0.348869
    0.083071     0.552618    -0.340979
    0.047254     0.597704    -0.309825
   -0.061497     0.619336    -0.309825
   -0.054095     0.652092    -0.271340
   -0.065545     0.615711    -0.313461
   -0.093478     0.580124    -0.347226
   -0.141535     0.570565    -0.347226
   -0.193366     0.506645    -0.390772
   -0.189461     0.510236    -0.388913
   -0.201335     0.488860    -0.402206
   -0.328981     0.403569    -0.402206
   -0.344161     0.399894    -0.396272
   -0.399392     0.344663    -0.396272
   -0.494352     0.270034    -0.362759
   -0.570830     0.221326    -0.316418
   -0.626962     0.154506    -0.281260
   -0.644382     0.140833    -0.264732
   -0.665146     0.082330    -0.238141
   -0.640852    -0.039801    -0.238141
   -0.633608    -0.045556    -0.243147
   -0.569863    -0.114867    -0.276151
   -0.564195    -0.139805    -0.267980
   -0.439734    -0.326074    -0.267980
   -0.439595    -0.326648    -0.267755
   -0.388692    -0.377551    -0.267755
   -0.338209    -0.389774    -0.287492
   -0.228707    -0.462941    -0.287492
   -0.159436    -0.478685    -0.310190
   -0.114686    -0.519842    -0.288881
   -0.056839    -0.523938    -0.297212
    0.076973    -0.550555    -0.297212
    0.158380    -0.556642    -0.305506
    0.161033    -0.557946    -0.304429
    0.274096    -0.615444    -0.238785
    0.312541    -0.607797    -0.238785
    0.333807    -0.623022    -0.216910
    0.337225    -0.629463    -0.208904
    0.364479    -0.631885    -0.189971
    0.366483    -0.601189    -0.216910
    0.371377    -0.590129    -0.222699
    0.368322    -0.580235    -0.231569
    0.393255    -0.477255    -0.271831
    0.442144    -0.404087    -0.271831
    0.475595    -0.256904    -0.320057
    0.519122    -0.209577    -0.297521
    0.525279    -0.122626    -0.310045
    0.547641    -0.010206    -0.310045
    0.479465     0.093041    -0.382850
    0.475727     0.096532    -0.385348
    0.450283     0.111251    -0.401056
    0.431161     0.182614    -0.401056
    0.384787     0.209999    -0.421921
    0.360303     0.208773    -0.435184
    0.303120     0.222885    -0.457403
    0.201131     0.324874    -0.457403
    0.136498     0.339502    -0.478626
    0.112209     0.364334    -0.472234
    0.106560     0.373900    -0.467930
   -0.084729     0.425155    -0.467930
   -0.094045     0.441259    -0.457988
   -0.094045     0.475782    -0.432765
   -0.093478     0.478041    -0.431003
   -0.204559     0.411646    -0.457988
   -0.206454     0.408436    -0.459432
   -0.255512     0.397333    -0.443323
   -0.323866     0.328979    -0.443323
   -0.372832     0.316896    -0.424297
   -0.397139     0.318112    -0.411131
   -0.477353     0.270744    -0.375039
   -0.499322     0.188755    -0.375039
   -0.548745     0.160165    -0.344527
   -0.552394     0.156758    -0.342089
   -0.561367     0.154506    -0.335092
   -0.478591    -0.118677    -0.342089
   -0.445657    -0.138126    -0.356907
   -0.427993    -0.155404    -0.361455
   -0.425996    -0.164227    -0.358557
   -0.211228    -0.378996    -0.358557
   -0.193178    -0.383081    -0.364484
   -0.170118    -0.406656    -0.358415
   -0.161860    -0.420640    -0.352123
    0.062640    -0.480795    -0.352123
    0.089298    -0.482660    -0.354944
    0.174393    -0.557012    -0.303015
    0.312313    -0.606814    -0.239629
    0.281837    -0.528222    -0.303015
    0.313616    -0.575592    -0.262185
    0.279922    -0.489963    -0.323739
    0.385382    -0.384504    -0.323739
    0.413648    -0.259614    -0.364749
    0.413781    -0.259485    -0.364715
    0.417441    -0.193395    -0.374978
    0.474261     0.018661    -0.374978
    0.325738     0.111251    -0.467626
    0.316943     0.108476    -0.471930
    0.242670     0.140008    -0.498423
    0.209663     0.219695    -0.498423
    0.137145     0.249084    -0.516728
    0.133535     0.252694    -0.516728
    0.085831     0.255334    -0.524137
   -0.043814     0.309035    -0.524137
   -0.051061     0.309586    -0.524881
   -0.081620     0.345129    -0.510259
   -0.084729     0.354987    -0.505435
   -0.201770     0.396469    -0.466500
   -0.159522     0.312861    -0.510259
   -0.199467     0.328997    -0.496115
   -0.209170     0.325064    -0.493665
   -0.257905     0.207408    -0.493665
   -0.300246     0.189432    -0.478563
   -0.327655     0.189432    -0.466700
   -0.329802     0.188755    -0.465650
   -0.180410    -0.099879    -0.478563
   -0.180026    -0.106810    -0.477486
   -0.196463    -0.147500    -0.463078
   -0.186016    -0.173278    -0.456571
    0.038859    -0.266425    -0.456571
    0.062381    -0.321830    -0.436808
    0.062381    -0.324253    -0.435759
    0.089298    -0.409598    -0.393996
    0.274103    -0.475098    -0.332518
    0.254312    -0.242329    -0.436808
    0.266576    -0.254594    -0.429301
    0.216010    -0.147513    -0.470383
    0.315796     0.093393    -0.470383
    0.134113     0.140008    -0.531353
    0.112277     0.159966    -0.535469
    0.076195     0.169013    -0.539914
    0.010809     0.234400    -0.539914
   -0.019721     0.238447    -0.542523
   -0.044837     0.265929    -0.537342
   -0.051061     0.278923    -0.534182
   -0.154428     0.307767    -0.512445
   -0.110828     0.199938    -0.537342
   -0.126424     0.207408    -0.533550
   -0.110754     0.199870    -0.537356
   -0.106249     0.165890    -0.534453
    0.017811    -0.051605    -0.519091
    0.011136     0.048505    -0.534453
    0.017811     0.021884    -0.531174
    0.038859    -0.095550    -0.508405
    0.212499    -0.144002    -0.471889
    0.133835     0.137908    -0.531174
    0.011136     0.169013    -0.546322
   -0.019721     0.199870    -0.546322
     1      2      3
     1      3      4
     1      4      5
     6      7      8
     6      8      3
     6      3      2
     5      4      9
     5      9     10
     5     10     11
    11     10     12
    11     12     13
    11     13     14
    15      1      5
    15      5     11
    15     11     14
    15     14     16
    15     16     17
    15     18     19
    15     19      6
    15      6      2
    15      2      1
    20     21     22
    20     22     19
    20     19     18
    23     24     25
    23     25     26
    23     26     22
    23     22     21
    19     22     26
    19     26     27
    19     27      7
    19      7      6
    27     28     29
    27     29     30
    27     30      8
    27      8      7
     3      8     30
     3     30     31
     3     31      9
     3      9      4
     9     31     32
     9     32     33
     9     33     12
     9     12     10
    12     33     34
    12     34     13
    35     36     37
    35     37     38
    14     13     34
    14     34     39
    14     39     35
    14     35     38
    14     38     16
    16     38     37
    16     37     40
    16     40     41
    16     41     42
    16     42     17
    42     41     43
    42     43     44
    42     44     45
    42     45     46
    42     46     47
    42     47     48
    42     48     49
    17     42     49
    17     49     50
    17     50     51
    17     51     52
    17     52     20
    17     20     18
    17     18     15
    51     53     54
    51     54     55
    51     55     52
    52     55     56
    52     56     23
    52     23     21
    52     21     20
    56     57     58
    56     58     59
    56     59     60
    56     60     61
    56     61     24
    56     24     23
    60     62     63
    60     63     64
    60     64     65
    60     65     61
    61     65     66
    61     66     25
    61     25     24
    66     65     64
    66     64     67
    66     67     68
    26     25     66
    26     66     68
    26     68     69
    26     69     28
    26     28     27
    69     70     71
    69     71     72
    69     72     29
    69     29     28
    72     71     73
    72     73     74
    72     74     75
    72     75     76
    72     76     77
    72     77     78
    30     29     72
    30     72     78
    30     78     79
    30     79     32
    30     32     31
    79     78     77
    79     77     80
    79     80     81
    79     81     82
    34     33     32
    34     32     79
    34     79     82
    34     82     83
    34     83     39
    39     83     84
    39     84     85
    39     85     86
    39     86     36
    39     36     35
    85     87     88
    85     88     89
    85     89     86
    37     36     86
    37     86     89
    37     89     40
    90     91     92
    90     92     93
    40     89     88
    40     88     90
    40     90     93
    40     93     43
    40     43     41
    43     93     92
    43     92     94
    43     94     44
    46     95     96
    46     96     97
    46     97     98
    46     98     99
    46     99    100
    46    100    101
    46    101     47
    47    101    102
    47    102    103
    47    103    104
    47    104    105
    47    105    106
    47    106    107
    47    107     48
    49     48    107
    49    107    108
    49    108    109
    49    109    110
    49    110     50
    50    110    111
    50    111    112
    50    112     53
    50     53     51
   112    113    114
   112    114    115
   112    115     54
   112     54     53
    54    115    116
    54    116     57
    54     57     56
    54     56     55
   116    117    118
   116    118    119
   116    119    120
   116    120     58
   116     58     57
    58    120    121
    58    121    122
    58    122     59
    59    122    123
    59    123    124
    59    124     62
    59     62     60
   124    125    126
   124    126     63
   124     63     62
    63    126    127
    63    127     67
    63     67     64
    68     67    127
    68    127    128
    68    128    129
    68    129     70
    68     70     69
   129    130    131
   129    131     73
   129     73     71
   129     71     70
    73    131    132
    73    132    133
    73    133     74
    75    134    135
    75    135    136
    75    136    137
    75    137    138
    75    138    139
    75    139     76
    77     76    139
    77    139    140
    77    140    141
    77    141     80
   140    142    143
   140    143    144
   140    144    145
   140    145    141
    80    141    145
    80    145    146
    80    146    147
    80    147     81
   147    146    148
   147    148    149
   147    149    150
    82     81    147
    82    147    150
    82    150    151
    82    151     84
    82     84     83
    84    151    152
    84    152    153
    84    153    154
    84    154     87
    84     87     85
   153    155    156
   153    156    157
   153    157    158
   153    158    154
    88     87    154
    88    154    158
    88    158    159
    88    159     91
    88     91     90
   158    157    160
   158    160    161
   158    161    162
   158    162    159
    92     91    159
    92    159    162
    92    162    163
    92    163     94
   163    162    161
   163    161    164
   163    164    165
   163    165    166
    44     94    163
    44    163    166
    44    166    167
    44    167    168
    44    168    169
    44    169     45
    45    169    170
    45    170    171
    45    171    172
    45    172     95
    45     95     46
    97    173    174
    97    174    175
    97    175    176
    97    176    177
    97    177    178
    97    178     98
    98    178    179
    98    179    180
    98    180    181
    98    181     99
   105    182    183
   105    183    106
   107    106    183
   107    183    184
   107    184    185
   107    185    108
   109    186    187
   109    187    111
   109    111    110
   111    187    188
   111    188    189
   111    189    113
   111    113    112
   189    190    191
   189    191    192
   189    192    193
   189    193    114
   189    114    113
   114    193    194
   114    194    117
   114    117    116
   114    116    115
   194    195    196
   194    196    197
   194    197    118
   194    118    117
   118    197    198
   118    198    199
   118    199    119
   119    199    200
   119    200    201
   119    201    121
   119    121    120
   121    201    202
   121    202    203
   121    203    123
   121    123    122
   123    203    204
   123    204    125
   123    125    124
   127    126    125
   127    125    204
   127    204    205
   127    205    206
   127    206    128
   128    206    207
   128    207    208
   128    208    130
   128    130    129
   208    209    132
   208    132    131
   208    131    130
    74    133    210
    74    210    211
    74    211    134
    74    134     75
   211    212    135
   211    135    134
   137    213    214
   137    214    215
   137    215    138
   139    138    215
   139    215    216
   139    216    217
   139    217    218
   139    218    142
   139    142    140
   218    219    220
   218    220    143
   218    143    142
   143    220    221
   143    221    222
   143    222    223
   143    223    224
   143    224    225
   143    225    144
   225    224    226
   225    226    227
   225    227    228
   145    144    225
   145    225    228
   145    228    229
   145    229    230
   145    230    231
   145    231    232
   145    232    233
   145    233    148
   145    148    146
   148    233    234
   148    234    235
   148    235    149
   150    149    235
   150    235    236
   150    236    237
   150    237    238
   150    238    152
   150    152    151
   152    238    239
   152    239    240
   152    240    155
   152    155    153
   240    241    242
   240    242    243
   240    243    156
   240    156    155
   156    243    244
   156    244    245
   156    245    246
   156    246    160
   156    160    157
   246    245    247
   246    247    248
   246    248    249
   161    160    246
   161    246    249
   161    249    250
   161    250    164
   164    250    251
   164    251    252
   164    252    165
   166    165    252
   166    252    253
   166    253    254
   166    254    167
   167    254    255
   167    255    256
   167    256    168
   171    257    258
   171    258    259
   171    259    172
   172    259    260
   172    260    261
   172    261     96
   172     96     95
   176    262    263
   176    263    264
   176    264    177
   177    264    265
   177    265    179
   177    179    178
   102    266    103
   104    267    268
   104    268    182
   104    182    105
   108    185    269
   108    269    270
   108    270    186
   108    186    109
   270    271    188
   270    188    187
   270    187    186
   188    271    272
   188    272    273
   188    273    190
   188    190    189
   273    274    275
   273    275    191
   273    191    190
   191    275    276
   191    276    277
   191    277    192
   192    277    278
   192    278    279
   192    279    195
   192    195    194
   192    194    193
   278    280    281
   278    281    282
   278    282    283
   278    283    284
   278    284    279
   279    284    285
   279    285    286
   279    286    287
   279    287    196
   279    196    195
   196    287    288
   196    288    198
   196    198    197
   198    288    289
   198    289    290
   198    290    291
   198    291    200
   198    200    199
   200    291    292
   200    292    202
   200    202    201
   202    292    293
   202    293    294
   202    294    205
   202    205    204
   202    204    203
   205    294    295
   205    295    207
   205    207    206
   207    295    296
   207    296    297
   207    297    209
   207    209    208
   132    209    297
   132    297    298
   132    298    299
   132    299    210
   132    210    133
   210    299    300
   210    300    301
   210    301    212
   210    212    211
   135    212    301
   135    301    302
   135    302    303
   135    303    136
   136    303    304
   136    304    305
   136    305    306
   136    306    307
   136    307    213
   136    213    137
   307    308    309
   307    309    214
   307    214    213
   215    214    309
   215    309    310
   215    310    311
   215    311    216
   217    312    313
   217    313    219
   217    219    218
   313    314    221
   313    221    220
   313    220    219
   223    315    226
   223    226    224
   228    227    316
   228    316    317
   228    317    229
   230    318    319
   230    319    231
   232    320    321
   232    321    322
   232    322    323
   232    323    324
   232    324    234
   232    234    233
   235    234    324
   235    324    325
   235    325    236
   237    326    327
   237    327    328
   237    328    239
   237    239    238
   239    328    329
   239    329    330
   239    330    241
   239    241    240
   330    331    332
   330    332    333
   330    333    242
   330    242    241
   242    333    334
   242    334    335
   242    335    336
   242    336    337
   242    337    244
   242    244    243
   336    338    339
   336    339    340
   336    340    337
   244    337    340
   244    340    341
   244    341    247
   244    247    245
   247    341    342
   247    342    343
   247    343    248
   249    248    343
   249    343    344
   249    344    345
   249    345    251
   249    251    250
   252    251    345
   252    345    346
   252    346    253
   255    347    348
   255    348    349
   255    349    256
   168    256    349
   168    349    350
   168    350    170
   168    170    169
   260    351    352
   260    352    261
    96    261    352
    96    352    353
    96    353    173
    96    173     97
   354    355    356
   354    356    263
   354    263    262
   263    356    357
   263    357    265
   263    265    264
    99    181    358
    99    358    359
    99    359    100
   100    359    266
   100    266    102
   100    102    101
   183    182    268
   183    268    360
   183    360    361
   183    361    184
   184    361    362
   184    362    269
   184    269    185
   269    362    363
   269    363    364
   269    364    272
   269    272    271
   269    271    270
   364    365    366
   364    366    274
   364    274    273
   364    273    272
   366    367    368
   366    368    276
   366    276    275
   366    275    274
   276    368    369
   276    369    280
   276    280    278
   276    278    277
   369    370    371
   369    371    372
   369    372    373
   369    373    281
   369    281    280
   281    373    374
   281    374    282
   372    375    376
   372    376    377
   372    377    374
   372    374    373
   282    374    377
   282    377    378
   282    378    379
   282    379    283
   283    379    380
   283    380    285
   283    285    284
   285    380    381
   285    381    382
   285    382    383
   285    383    286
   286    383    384
   286    384    289
   286    289    288
   286    288    287
   289    384    385
   289    385    386
   289    386    387
   289    387    290
   290    387    293
   290    293    292
   290    292    291
   293    387    386
   293    386    388
   293    388    389
   293    389    296
   293    296    295
   293    295    294
   296    389    390
   296    390    298
   296    298    297
   298    390    391
   298    391    392
   298    392    393
   298    393    300
   298    300    299
   300    393    394
   300    394    302
   300    302    301
   302    394    395
   302    395    396
   302    396    397
   302    397    304
   302    304    303
   304    397    305
   305    397    396
   305    396    398
   305    398    399
   305    399    400
   305    400    401
   305    401    306
   306    401    402
   306    402    403
   306    403    308
   306    308    307
   309    308    403
   309    403    404
   309    404    310
   216    311    405
   216    405    312
   216    312    217
   405    406    314
   405    314    313
   405    313    312
   222    407    408
   222    408    315
   222    315    223
   226    315    408
   226    408    409
   226    409    316
   226    316    227
   229    317    410
   229    410    411
   229    411    318
   229    318    230
   231    319    412
   231    412    413
   231    413    320
   231    320    232
   413    414    321
   413    321    320
   324    323    415
   324    415    416
   324    416    325
   236    325    416
   236    416    417
   236    417    326
   236    326    237
   327    418    419
   327    419    420
   327    420    329
   327    329    328
   329    420    421
   329    421    422
   329    422    331
   329    331    330
   422    423    424
   422    424    425
   422    425    332
   422    332    331
   332    425    426
   332    426    427
   332    427    334
   332    334    333
   334    427    428
   334    428    429
   334    429    335
   335    429    430
   335    430    338
   335    338    336
   430    431    432
   430    432    433
   430    433    339
   430    339    338
   340    339    433
   340    433    434
   340    434    342
   340    342    341
   343    342    434
   343    434    435
   343    435    436
   343    436    437
   343    437    344
   345    344    437
   345    437    438
   345    438    346
   253    346    438
   253    438    439
   253    439    347
   253    347    255
   253    255    254
   349    348    440
   349    440    441
   349    441    350
   170    350    441
   170    441    257
   170    257    171
   352    351    442
   352    442    443
   352    443    444
   352    444    353
   353    444    174
   353    174    173
   445    446    447
   445    447    448
   445    448    355
   445    355    354
   357    356    355
   357    355    448
   179    265    357
   179    357    448
   179    448    447
   179    447    449
   179    449    450
   179    450    180
   180    450    451
   180    451    358
   180    358    181
   103    266    359
   103    359    358
   103    358    451
   103    451    452
   103    452    453
   103    453    267
   103    267    104
   453    454    455
   453    455    456
   453    456    360
   453    360    268
   453    268    267
   360    456    457
   360    457    363
   360    363    362
   360    362    361
   363    457    458
   363    458    459
   363    459    365
   363    365    364
   459    460    461
   459    461    367
   459    367    366
   459    366    365
   461    462    370
   461    370    369
   461    369    368
   461    368    367
   463    464    465
   463    465    371
   463    371    370
   463    370    462
   371    465    466
   371    466    375
   371    375    372
   467    468    466
   467    466    465
   467    465    464
   466    468    469
   466    469    376
   466    376    375
   470    471    472
   470    472    473
   470    473    469
   470    469    468
   470    468    467
   473    472    474
   473    474    475
   473    475    476
   377    376    469
   377    469    473
   377    473    476
   377    476    477
   377    477    378
   476    475    478
   476    478    479
   476    479    480
   476    480    481
   476    481    477
   378    477    481
   378    481    381
   378    381    380
   378    380    379
   381    481    480
   381    480    482
   381    482    483
   381    483    484
   381    484    382
   382    484    385
   382    385    384
   382    384    383
   385    484    483
   385    483    485
   385    485    486
   385    486    388
   385    388    386
   388    486    487
   388    487    391
   388    391    390
   388    390    389
   391    487    488
   391    488    489
   391    489    490
   391    490    392
   392    490    491
   392    491    492
   392    492    395
   392    395    394
   392    394    393
   491    493    494
   491    494    495
   491    495    496
   491    496    497
   491    497    492
   395    492    497
   395    497    498
   395    498    398
   395    398    396
   497    496    499
   497    499    500
   497    500    501
   497    501    502
   497    502    503
   497    503    498
   398    498    503
   398    503    504
   398    504    399
   503    502    505
   503    505    504
   399    504    505
   399    505    506
   399    506    507
   399    507    400
   400    507    508
   400    508    402
   400    402    401
   402    508    509
   402    509    510
   402    510    511
   402    511    404
   402    404    403
   310    404    511
   310    511    512
   310    512    406
   310    406    405
   310    405    311
   221    314    406
   221    406    512
   221    512    513
   221    513    514
   221    514    407
   221    407    222
   514    515    409
   514    409    408
   514    408    407
   316    409    515
   316    515    516
   316    516    410
   316    410    317
   411    517    412
   411    412    319
   411    319    318
   412    517    518
   412    518    519
   412    519    520
   412    520    414
   412    414    413
   321    414    520
   321    520    521
   321    521    322
   322    521    522
   322    522    523
   322    523    524
   322    524    415
   322    415    323
   416    415    524
   416    524    525
   416    525    526
   416    526    417
   417    526    527
   417    527    418
   417    418    327
   417    327    326
   419    528    529
   419    529    421
   419    421    420
   421    529    530
   421    530    531
   421    531    423
   421    423    422
   531    532    533
   531    533    424
   531    424    423
   424    533    534
   424    534    535
   424    535    536
   424    536    426
   424    426    425
   535    537    538
   535    538    539
   535    539    540
   535    540    536
   426    536    540
   426    540    541
   426    541    428
   426    428    427
   540    539    542
   540    542    543
   540    543    541
   428    541    543
   428    543    431
   428    431    430
   428    430    429
   432    431    543
   432    543    542
   432    542    544
   432    544    545
   434    433    432
   434    432    545
   434    545    546
   434    546    435
   436    435    546
   436    546    547
   436    547    548
   436    548    549
   438    437    436
   438    436    549
   438    549    550
   438    550    439
   439    550    551
   439    551    552
   439    552    440
   439    440    348
   439    348    347
   441    440    552
   441    552    553
   441    553    258
   441    258    257
   258    553    554
   258    554    442
   258    442    351
   258    351    260
   258    260    259
   174    444    443
   174    443    555
   174    555    556
   174    556    175
   175    556    445
   175    445    354
   175    354    262
   175    262    176
   447    446    557
   447    557    558
   447    558    559
   447    559    449
   559    558    560
   559    560    561
   559    561    562
   451    450    449
   451    449    559
   451    559    562
   451    562    563
   451    563    452
   562    561    564
   562    564    565
   562    565    566
   562    566    567
   562    567    563
   452    563    567
   452    567    568
   452    568    454
   452    454    453
   568    569    570
   568    570    571
   568    571    572
   568    572    573
   568    573    455
   568    455    454
   455    573    574
   455    574    575
   455    575    458
   455    458    457
   455    457    456
   458    575    576
   458    576    577
   458    577    460
   458    460    459
   577    578    579
   577    579    580
   577    580    463
   577    463    462
   577    462    461
   577    461    460
   579    581    582
   579    582    583
   579    583    580
   580    583    584
   580    584    470
   580    470    467
   580    467    464
   580    464    463
   582    585    586
   582    586    584
   582    584    583
   584    586    587
   584    587    471
   584    471    470
   588    589    590
   588    590    587
   588    587    586
   588    586    585
   587    590    474
   587    474    472
   587    472    471
   474    590    589
   474    589    591
   474    591    478
   474    478    475
   592    593    594
   592    594    591
   592    591    589
   592    589    588
   478    591    594
   478    594    595
   478    595    479
   595    594    593
   595    593    596
   595    596    597
   595    597    598
   595    598    599
   480    479    595
   480    595    599
   480    599    600
   480    600    482
   482    600    601
   482    601    602
   482    602    603
   482    603    485
   482    485    483
   485    603    604
   485    604    605
   485    605    488
   485    488    487
   485    487    486
   488    605    606
   488    606    607
   488    607    608
   488    608    489
   489    608    609
   489    609    610
   489    610    493
   489    493    491
   489    491    490
   610    611    612
   610    612    613
   610    613    614
   610    614    494
   610    494    493
   494    614    615
   494    615    616
   494    616    495
   615    617    618
   615    618    619
   615    619    616
   495    616    619
   495    619    620
   495    620    499
   495    499    496
   499    620    621
   499    621    622
   499    622    500
   500    622    623
   500    623    624
   500    624    501
   505    502    501
   505    501    624
   505    624    625
   505    625    506
   624    623    626
   624    626    627
   624    627    628
   624    628    625
   506    625    628
   506    628    629
   506    629    509
   506    509    508
   506    508    507
   509    629    630
   509    630    631
   509    631    632
   509    632    510
   511    510    632
   511    632    633
   511    633    513
   511    513    512
   513    633    634
   513    634    635
   513    635    636
   513    636    637
   513    637    516
   513    516    515
   513    515    514
   410    516    637
   410    637    518
   410    518    517
   410    517    411
   637    636    638
   637    638    639
   637    639    519
   637    519    518
   519    639    522
   519    522    521
   519    521    520
   522    639    638
   522    638    640
   522    640    641
   522    641    523
   524    523    641
   524    641    642
   524    642    525
   525    642    643
   525    643    644
   525    644    645
   525    645    527
   525    527    526
   527    645    646
   527    646    528
   527    528    419
   527    419    418
   646    647    648
   646    648    649
   646    649    530
   646    530    529
   646    529    528
   530    649    650
   530    650    651
   530    651    532
   530    532    531
   651    652    534
   651    534    533
   651    533    532
   650    653    654
   650    654    655
   650    655    656
   650    656    657
   650    657    652
   650    652    651
   534    652    657
   534    657    658
   534    658    537
   534    537    535
   656    659    660
   656    660    661
   656    661    658
   656    658    657
   538    537    658
   538    658    661
   538    661    662
   662    661    660
   662    660    663
   662    663    664
   544    542    539
   544    539    538
   544    538    662
   544    662    664
   544    664    665
   665    664    663
   665    663    666
   665    666    667
   546    545    544
   546    544    665
   546    665    667
   546    667    668
   546    668    547
   547    668    669
   547    669    670
   547    670    548
   549    548    670
   549    670    671
   549    671    672
   549    672    551
   549    551    550
   552    551    672
   552    672    673
   552    673    554
   552    554    553
   554    673    674
   554    674    675
   554    675    555
   554    555    443
   554    443    442
   674    676    560
   674    560    558
   674    558    557
   674    557    675
   555    675    557
   555    557    446
   555    446    445
   555    445    556
   564    677    678
   564    678    679
   564    679    565
   565    679    680
   565    680    681
   565    681    566
   567    566    681
   567    681    682
   567    682    569
   567    569    568
   682    683    684
   682    684    685
   682    685    570
   682    570    569
   570    685    686
   570    686    687
   570    687    688
   570    688    571
   571    688    689
   571    689    690
   571    690    691
   571    691    572
   574    691    690
   574    690    692
   574    692    693
   574    693    576
   574    576    575
   576    693    694
   576    694    695
   576    695    578
   576    578    577
   695    696    697
   695    697    698
   695    698    581
   695    581    579
   695    579    578
   697    699    700
   697    700    701
   697    701    698
   698    701    592
   698    592    588
   698    588    585
   698    585    582
   698    582    581
   702    703    704
   702    704    700
   702    700    699
   700    704    596
   700    596    593
   700    593    592
   700    592    701
   705    597    596
   705    596    704
   705    704    703
   706    598    597
   706    597    705
   599    598    706
   599    706    707
   599    707    708
   599    708    601
   599    601    600
   601    708    709
   601    709    710
   601    710    711
   601    711    602
   602    711    712
   602    712    713
   602    713    604
   602    604    603
   604    713    714
   604    714    715
   604    715    606
   604    606    605
   606    715    716
   606    716    717
   606    717    718
   606    718    719
   606    719    607
   607    719    720
   607    720    721
   607    721    722
   607    722    609
   607    609    608
   609    722    723
   609    723    724
   609    724    611
   609    611    610
   612    725    726
   612    726    727
   612    727    613
   613    727    728
   613    728    729
   613    729    617
   613    617    615
   613    615    614
   729    730    731
   729    731    732
   729    732    618
   729    618    617
   619    618    732
   619    732    733
   619    733    621
   619    621    620
   621    733    734
   621    734    626
   621    626    623
   621    623    622
   626    734    735
   626    735    736
   626    736    737
   626    737    627
   628    627    737
   628    737    738
   628    738    630
   628    630    629
   630    738    739
   630    739    740
   630    740    741
   630    741    631
   632    631    741
   632    741    742
   632    742    634
   632    634    633
   634    742    743
   634    743    744
   634    744    745
   634    745    746
   634    746    635
   635    746    747
   635    747    640
   635    640    638
   635    638    636
   747    746    745
   747    745    748
   747    748    749
   641    640    747
   641    747    749
   641    749    643
   641    643    642
   643    749    748
   643    748    750
   643    750    751
   643    751    752
   643    752    644
   644    752    753
   644    753    754
   644    754    647
   644    647    646
   644    646    645
   754    755    756
   754    756    648
   754    648    647
   648    756    757
   648    757    758
   648    758    759
   648    759    760
   648    760    653
   648    653    650
   648    650    649
   760    761    654
   760    654    653
   759    762    763
   759    763    764
   759    764    761
   759    761    760
   654    761    764
   654    764    765
   654    765    766
   654    766    655
   763    767    768
   763    768    765
   763    765    764
   655    766    769
   655    769    659
   655    659    656
   769    766    765
   769    765    768
   769    768    770
   769    770    771
   663    660    659
   663    659    769
   663    769    771
   663    771    772
   663    772    666
   772    771    770
   772    770    773
   772    773    774
   667    666    772
   667    772    774
   667    774    775
   667    775    776
   667    776    669
   667    669    668
   670    669    776
   670    776    777
   670    777    778
   670    778    671
   672    671    778
   672    778    779
   672    779    780
   672    780    676
   672    676    674
   672    674    673
   779    781    782
   779    782    678
   779    678    677
   779    677    780
   560    676    780
   560    780    677
   560    677    564
   560    564    561
   681    680    783
   681    783    784
   681    784    683
   681    683    682
   784    785    786
   784    786    684
   784    684    683
   684    786    787
   684    787    788
   684    788    686
   684    686    685
   686    788    789
   686    789    790
   686    790    791
   686    791    687
   687    791    792
   687    792    793
   687    793    794
   687    794    689
   687    689    688
   689    794    795
   689    795    796
   689    796    692
   689    692    690
   692    796    797
   692    797    798
   692    798    694
   692    694    693
   694    798    799
   694    799    800
   694    800    801
   694    801    696
   694    696    695
   801    802    803
   801    803    702
   801    702    699
   801    699    697
   801    697    696
   804    805    803
   804    803    802
   803    805    707
   803    707    706
   803    706    705
   803    705    703
   803    703    702
   806    709    708
   806    708    707
   806    707    805
   806    805    804
   807    808    710
   807    710    709
   807    709    806
   809    810    712
   809    712    711
   809    711    710
   809    710    808
   712    810    811
   712    811    812
   712    812    714
   712    714    713
   714    812    813
   714    813    814
   714    814    815
   714    815    716
   714    716    715
   716    815    816
   716    816    817
   716    817    717
   718    818    819
   718    819    720
   718    720    719
   721    820    821
   721    821    723
   721    723    722
   724    822    725
   724    725    612
   724    612    611
   726    823    824
   726    824    825
   726    825    728
   726    728    727
   728    825    730
   728    730    729
   732    731    826
   732    826    735
   732    735    734
   732    734    733
   735    826    827
   735    827    828
   735    828    736
   737    736    828
   737    828    829
   737    829    830
   737    830    739
   737    739    738
   739    830    831
   739    831    832
   739    832    740
   741    740    832
   741    832    833
   741    833    743
   741    743    742
   743    833    834
   743    834    835
   743    835    744
   748    745    744
   748    744    835
   748    835    836
   748    836    837
   748    837    750
   750    837    838
   750    838    839
   750    839    751
   751    839    840
   751    840    841
   751    841    753
   751    753    752
   753    841    842
   753    842    843
   753    843    755
   753    755    754
   843    844    845
   843    845    757
   843    757    756
   843    756    755
   758    846    847
   758    847    762
   758    762    759
   848    849    850
   848    850    851
   848    851    847
   848    847    846
   847    851    852
   847    852    767
   847    767    763
   847    763    762
   852    851    850
   852    850    853
   852    853    854
   770    768    767
   770    767    852
   770    852    854
   770    854    855
   770    855    773
   855    854    853
   855    853    856
   855    856    857
   774    773    855
   774    855    857
   774    857    858
   774    858    859
   774    859    775
   776    775    859
   776    859    860
   776    860    861
   776    861    777
   778    777    861
   778    861    862
   778    862    863
   778    863    781
   778    781    779
   863    864    865
   863    865    782
   863    782    781
   678    782    865
   678    865    783
   678    783    680
   678    680    679
   866    867    787
   866    787    786
   866    786    785
   787    867    868
   787    868    789
   787    789    788
   790    869    870
   790    870    792
   790    792    791
   792    870    871
   792    871    872
   792    872    793
   793    872    873
   793    873    874
   793    874    875
   793    875    795
   793    795    794
   795    875    876
   795    876    877
   795    877    878
   795    878    797
   795    797    796
   797    878    879
   797    879    799
   797    799    798
   799    879    880
   799    880    881
   799    881    800
   800    881    807
   800    807    806
   800    806    804
   800    804    802
   800    802    801
   880    882    809
   880    809    808
   880    808    807
   880    807    881
   883    884    811
   883    811    810
   883    810    809
   883    809    882
   885    813    812
   885    812    811
   885    811    884
   885    884    886
   887    888    889
   887    889    814
   887    814    813
   887    813    885
   814    889    890
   814    890    816
   814    816    815
   717    817    891
   717    891    818
   717    818    718
   720    819    892
   720    892    820
   720    820    721
   723    821    893
   723    893    894
   723    894    822
   723    822    724
   894    823    726
   894    726    725
   894    725    822
   895    827    826
   895    826    731
   895    731    730
   895    730    825
   895    825    824
   828    827    895
   828    895    896
   828    896    829
   829    896    897
   829    897    898
   829    898    899
   829    899    831
   829    831    830
   832    831    899
   832    899    900
   832    900    901
   832    901    834
   832    834    833
   835    834    901
   835    901    902
   835    902    836
   836    902    903
   836    903    904
   836    904    838
   836    838    837
   838    904    905
   838    905    906
   838    906    840
   838    840    839
   840    906    907
   840    907    908
   840    908    842
   840    842    841
   842    908    909
   842    909    910
   842    910    844
   842    844    843
   757    845    911
   757    911    848
   757    848    846
   757    846    758
   911    912    913
   911    913    914
   911    914    849
   911    849    848
   853    850    849
   853    849    914
   853    914    915
   853    915    856
   915    914    913
   915    913    916
   857    856    915
   857    915    916
   857    916    917
   857    917    858
   859    858    917
   859    917    918
   859    918    919
   859    919    920
   859    920    860
   861    860    920
   861    920    921
   861    921    922
   861    922    862
   862    922    923
   862    923    924
   862    924    864
   862    864    863
   783    865    864
   783    864    924
   783    924    866
   783    866    785
   783    785    784
   789    868    925
   789    925    926
   789    926    869
   789    869    790
   926    927    928
   926    928    871
   926    871    870
   926    870    869
   871    928    929
   871    929    873
   871    873    872
   873    929    930
   873    930    931
   873    931    932
   873    932    874
   874    932    933
   874    933    934
   874    934    935
   874    935    876
   874    876    875
   876    935    936
   876    936    937
   876    937    938
   876    938    939
   876    939    877
   877    939    883
   877    883    882
   877    882    880
   877    880    879
   877    879    878
   938    886    884
   938    884    883
   938    883    939
   937    940    887
   937    887    885
   937    885    886
   937    886    938
   941    942    888
   941    888    887
   941    887    940
   943    944    945
   943    945    890
   943    890    889
   943    889    888
   943    888    942
   816    890    945
   816    945    946
   816    946    891
   816    891    817
   891    946    947
   891    947    948
   891    948    892
   891    892    819
   891    819    818
   892    948    949
   892    949    950
   892    950    893
   892    893    821
   892    821    820
   893    950    897
   893    897    896
   893    896    895
   893    895    824
   893    824    823
   893    823    894
   949    951    898
   949    898    897
   949    897    950
   899    898    951
   899    951    952
   899    952    953
   899    953    954
   899    954    900
   901    900    954
   901    954    955
   901    955    903
   901    903    902
   903    955    956
   903    956    957
   903    957    958
   903    958    905
   903    905    904
   905    958    959
   905    959    907
   905    907    906
   907    959    960
   907    960    909
   907    909    908
   910    961    962
   910    962    912
   910    912    911
   910    911    845
   910    845    844
   962    961    963
   962    963    964
   917    916    913
   917    913    912
   917    912    962
   917    962    964
   917    964    918
   918    964    963
   918    963    965
   918    965    966
   918    966    919
   920    919    966
   920    966    967
   920    967    968
   920    968    921
   921    968    969
   921    969    970
   921    970    923
   921    923    922
   924    923    970
   924    970    925
   924    925    868
   924    868    867
   924    867    866
   971    930    929
   971    929    928
   971    928    927
   972    973    974
   972    974    931
   972    931    930
   972    930    971
   931    974    975
   931    975    976
   931    976    933
   931    933    932
   933    976    977
   933    977    978
   933    978    934
   934    978    979
   934    979    980
   934    980    981
   934    981    936
   934    936    935
   936    981    982
   936    982    941
   936    941    940
   936    940    937
   980    983    984
   980    984    982
   980    982    981
   982    984    985
   982    985    943
   982    943    942
   982    942    941
   985    986    987
   985    987    988
   985    988    944
   985    944    943
   945    944    988
   945    988    989
   945    989    947
   945    947    946
   947    989    952
   947    952    951
   947    951    949
   947    949    948
   952    989    988
   952    988    987
   952    987    990
   952    990    991
   952    991    992
   952    992    953
   954    953    992
   954    992    993
   954    993    956
   954    956    955
   956    993    994
   956    994    995
   956    995    996
   956    996    957
   957    996    997
   957    997    960
   957    960    959
   957    959    958
   909    960    997
   909    997    998
   909    998    965
   909    965    963
   909    963    961
   909    961    910
   998    997    996
   998    996    995
   998    995    999
   998    999   1000
   966    965    998
   966    998   1000
   966   1000    967
   967   1000    999
   967    999   1001
   967   1001   1002
   967   1002    969
   967    969    968
   970    969   1002
   970   1002    972
   970    972    971
   970    971    927
   970    927    926
   970    926    925
  1003   1004    975
  1003    975    974
  1003    974    973
   975   1004   1005
   975   1005   1006
   975   1006    977
   975    977    976
   977   1006   1007
   977   1007   1008
   977   1008   1009
   977   1009    979
   977    979    978
   979   1009   1010
   979   1010    983
   979    983    980
  1008   1011   1012
  1008   1012   1010
  1008   1010   1009
  1010   1012    986
  1010    986    985
  1010    985    984
  1010    984    983
   990    987    986
   990    986   1012
   990   1012   1011
   990   1011   1013
   990   1013   1014
  1015    991    990
  1015    990   1014
  1015   1014   1016
  1015   1016   1017
   994    993    992
   994    992    991
   994    991   1015
   994   1015   1018
   999    995    994
   999    994   1018
   999   1018   1019
   999   1019   1001
  1019   1018   1015
  1019   1015   1017
  1019   1017   1020
  1002   1001   1019
  1002   1019   1020
  1002   1020   1003
  1002   1003    973
  1002    973    972
  1021   1022   1007
  1021   1007   1006
  1021   1006   1005
  1007   1022   1013
  1007   1013   1011
  1007   1011   1008
  1016   1014   1013
  1016   1013   1022
  1016   1022   1021
  1020   1017   1016
  1020   1016   1021
  1020   1021   1005
  1020   1005   1004
  1020   1004   1003
   572    691    574
   572    574    573
