1021 2038
   -0.255045     0.063712     0.664266
   -0.255045     0.057203     0.664907
   -0.248842     0.050999     0.664907
   -0.216461     0.032938     0.663497
   -0.005655    -0.047559     0.650663
   -0.095816     0.042602     0.650663
   -0.261328     0.070586     0.662970
   -0.284115     0.067565     0.661024
   -0.291634     0.060046     0.661024
   -0.280293     0.057203     0.662421
   -0.277949     0.054858     0.662421
    0.001755    -0.050821     0.649981
    0.025824    -0.064164     0.646296
    0.091810    -0.088078     0.637441
    0.105278    -0.086293     0.636291
    0.112884    -0.078687     0.636291
    0.245170     0.070598     0.585874
    0.211732     0.057091     0.597714
    0.173845    -0.078687     0.626268
    0.204099    -0.093177     0.618911
    0.216297    -0.095887     0.615551
    0.250946    -0.100241     0.605588
    0.455043    -0.100241     0.543675
    0.409859     0.008844     0.543675
    0.299178     0.053699     0.571614
   -0.001583     0.068897     0.630846
   -0.249473     0.098908     0.652889
   -0.261328     0.085120     0.658562
   -0.034607     0.082576     0.630846
   -0.283421     0.083440     0.656295
   -0.306600     0.073839     0.656295
   -0.319723     0.072125     0.654419
   -0.316826     0.061742     0.656603
   -0.313286     0.060046     0.657464
   -0.318678     0.073171     0.654419
   -0.324908     0.070024     0.653111
   -0.327962     0.062650     0.653111
   -0.325823     0.061742     0.653874
   -0.322241     0.053095     0.653874
   -0.314334     0.056289     0.656674
   -0.279691     0.054372     0.662054
   -0.230524     0.034007     0.662054
    0.104337    -0.095074     0.633745
    0.129807    -0.093137     0.631132
    0.166672    -0.095249     0.624724
    0.298902    -0.108769     0.589969
    0.474113    -0.122751     0.535062
    0.479191    -0.110492     0.535062
    0.606419    -0.013759     0.460008
    0.579905    -0.015086     0.474370
    0.547364    -0.106900     0.504913
    0.596692    -0.106900     0.478547
    0.618042    -0.094550     0.465366
    0.638242    -0.075688     0.451868
    0.622638    -0.017456     0.451868
    0.618447    -0.014981     0.453754
    0.474054     0.011036     0.515499
    0.535974    -0.110492     0.510486
    0.470068     0.015022     0.515499
   -0.013684     0.089991     0.623885
    0.239941     0.075944     0.584498
   -0.239520     0.110182     0.645438
   -0.249473     0.099523     0.652561
   -0.035858     0.095933     0.623885
   -0.259577     0.098816     0.651491
   -0.297861     0.088558     0.651491
   -0.318903     0.079781     0.651518
   -0.311032     0.087829     0.649446
   -0.333035     0.076583     0.646877
   -0.339109     0.070509     0.646877
   -0.342559     0.069658     0.645537
   -0.340224     0.063069     0.647728
   -0.338895     0.062650     0.648379
   -0.362905     0.064562     0.635392
   -0.360325     0.063069     0.636984
   -0.361288     0.070595     0.635392
   -0.355528     0.045168     0.636984
   -0.343409     0.049912     0.644141
   -0.324789     0.050548     0.652314
   -0.325970     0.015935     0.637122
   -0.380718     0.011439     0.611977
   -0.359886    -0.009394     0.611977
   -0.287522     0.013805     0.643093
   -0.004441    -0.062046     0.643093
    0.109076    -0.100149     0.630354
    0.168723    -0.095976     0.624042
    0.195055    -0.097064     0.618850
    0.534938    -0.136798     0.505665
    0.541641    -0.135281     0.503463
    0.542140    -0.134782     0.503463
    0.525989    -0.134231     0.510552
    0.544387    -0.134228     0.502590
    0.559172    -0.134968     0.494581
    0.582519    -0.132597     0.482442
    0.591176    -0.127485     0.478547
    0.664098    -0.018952     0.421799
    0.663240    -0.019151     0.422535
    0.643282    -0.074423     0.447937
    0.650662    -0.074423     0.441880
    0.675204    -0.055160     0.418595
    0.677685    -0.052389     0.416106
    0.671345    -0.020513     0.416106
    0.654090    -0.003973     0.421799
    0.483010     0.016120     0.508256
    0.239840     0.078374     0.582742
    0.467164     0.026708     0.508256
    0.019539     0.115936     0.598426
    0.213968     0.102168     0.570422
   -0.216237     0.162835     0.598426
   -0.239520     0.133171     0.626571
   -0.292975     0.122539     0.626571
   -0.300175     0.113476     0.632833
   -0.310352     0.104116     0.637679
   -0.318529     0.102258     0.635000
   -0.354258     0.078384     0.635000
   -0.367956     0.075068     0.629644
   -0.432510     0.092075     0.574457
   -0.436133     0.086654     0.574457
   -0.398458     0.077894     0.606806
   -0.388002     0.078330     0.614360
   -0.395111     0.068623     0.611067
   -0.378921     0.064562     0.623690
   -0.444840     0.081242     0.568195
   -0.428764     0.068623     0.583448
   -0.444105     0.084936     0.568195
   -0.412762    -0.011820     0.583448
   -0.403661    -0.003953     0.592202
   -0.485098    -0.123207     0.477206
   -0.472526    -0.142021     0.477206
   -0.432882    -0.102378     0.526354
   -0.427865    -0.043270     0.559434
   -0.421625    -0.101422     0.532654
   -0.502668    -0.239625     0.389702
   -0.481298    -0.253904     0.389702
   -0.417176    -0.207994     0.455663
   -0.410026    -0.208500     0.456692
   -0.050403    -0.270451     0.464557
    0.109076    -0.127644     0.607789
   -0.097439    -0.270678     0.456692
   -0.057226    -0.273685     0.460789
    0.239181    -0.112998     0.598570
    0.199569    -0.120877     0.598570
    0.551501    -0.136118     0.497945
    0.538208    -0.139139     0.502301
    0.557167    -0.135453     0.495365
    0.595139    -0.136495     0.471127
    0.601446    -0.127056     0.471127
    0.618391    -0.119464     0.460234
    0.624600    -0.112712     0.457019
    0.646508    -0.095308     0.441880
    0.722894    -0.016044     0.355595
    0.705597    -0.018544     0.377155
    0.695917    -0.048269     0.394686
    0.715829    -0.048269     0.370423
    0.732363    -0.029583     0.346670
    0.730873    -0.020176     0.346670
    0.679870    -0.015988     0.405509
    0.704592     0.019876     0.355595
    0.681761     0.005285     0.390730
    0.664477     0.006413     0.405899
    0.679443     0.054711     0.346501
    0.666499     0.051040     0.362100
    0.662020     0.044031     0.372886
    0.706733     0.027421     0.346501
    0.195189     0.291184     0.362100
    0.161607     0.337980     0.316996
    0.159704     0.339417     0.315806
   -0.210991     0.218706     0.534434
   -0.216237     0.195492     0.561707
    0.041581     0.448124     0.206142
   -0.134619     0.476032     0.206142
   -0.170206     0.444543     0.251379
   -0.197648     0.402093     0.308400
   -0.210991     0.359210     0.363229
   -0.283738     0.218719     0.520379
   -0.283550     0.217412     0.522008
   -0.450521     0.133738     0.520379
   -0.437141     0.112802     0.552598
   -0.438128     0.097693     0.565858
   -0.462458     0.137125     0.505992
   -0.494303     0.105280     0.505992
   -0.489838     0.102427     0.512863
   -0.464851     0.095948     0.542406
   -0.538160     0.103081     0.456379
   -0.515795     0.099848     0.484255
   -0.512616     0.090086     0.490012
   -0.473474     0.081242     0.535999
   -0.616197     0.105233     0.360876
   -0.616292     0.104634     0.360876
   -0.603419     0.090086     0.379368
   -0.568041    -0.133285     0.379368
   -0.542111    -0.129537     0.411687
   -0.504133    -0.133310     0.453544
   -0.583286    -0.161845     0.344776
   -0.526989    -0.272334     0.344776
   -0.514650    -0.251607     0.371361
   -0.532627    -0.350608     0.269492
   -0.534598    -0.320415     0.295990
   -0.557365    -0.400669     0.199264
   -0.537580    -0.369711     0.246907
   -0.533318    -0.412615     0.199621
   -0.559170    -0.405000     0.193169
   -0.557158    -0.445118     0.147785
   -0.543699    -0.451976     0.147785
   -0.538614    -0.449261     0.153944
   -0.351636    -0.478876     0.153944
   -0.346058    -0.479332     0.154465
   -0.109962    -0.320347     0.393753
    0.426795    -0.194870     0.464557
    0.535448    -0.166913     0.471690
    0.512763    -0.187517     0.453598
    0.530006    -0.174496     0.464381
    0.591246    -0.138483     0.471690
    0.595790    -0.137146     0.470131
    0.595782    -0.137269     0.470022
    0.635993    -0.145910     0.424156
    0.619823    -0.135577     0.449040
    0.633839    -0.148065     0.424156
    0.663156    -0.093654     0.423532
    0.636544    -0.145883     0.423532
    0.683082    -0.079354     0.404326
    0.701306    -0.069917     0.383941
    0.714707    -0.055356     0.370423
    0.777138    -0.012602     0.263615
    0.773525    -0.026782     0.273867
    0.803013    -0.026782     0.218699
    0.810247    -0.013424     0.201876
    0.809834    -0.010286     0.201876
    0.755428    -0.008795     0.300550
    0.761412    -0.029583     0.295839
    0.781775     0.063729     0.197108
    0.758246     0.053130     0.248326
    0.810897    -0.006579     0.197108
    0.743329     0.056265     0.268563
    0.784013     0.087289     0.164244
    0.761457     0.116684     0.164244
    0.738871     0.094098     0.228816
    0.712898     0.097158     0.256104
    0.728881     0.222012     0.034298
    0.678533     0.260646     0.034298
    0.750924     0.191645     0.056059
    0.632257     0.319304    -0.019005
    0.581424     0.357084    -0.037054
    0.539876     0.396177    -0.077199
    0.114345     0.572437    -0.077199
    0.016882     0.598806    -0.051512
    0.016385     0.591803    -0.038288
   -0.130243     0.554440     0.067728
   -0.134619     0.535515     0.102057
   -0.015134     0.619026    -0.081455
   -0.071436     0.626438    -0.081455
   -0.097406     0.628717    -0.079323
   -0.097850     0.628525    -0.078854
   -0.106922     0.623613    -0.067429
   -0.118778     0.612097    -0.042964
   -0.130243     0.593867    -0.006035
   -0.155387     0.568149     0.035888
   -0.153414     0.540304     0.088468
   -0.296770     0.509586     0.035888
   -0.372902     0.437952     0.109449
   -0.385593     0.410646     0.149898
   -0.413042     0.375852     0.181514
   -0.463061     0.137890     0.504362
   -0.677818     0.172682     0.181514
   -0.682898     0.165685     0.186529
   -0.684843     0.151841     0.206508
   -0.659654     0.126652     0.278520
   -0.633008     0.117863     0.325812
   -0.619709     0.107381     0.354134
   -0.696218     0.137016     0.206508
   -0.679378     0.129430     0.243166
   -0.675429     0.128425     0.250802
   -0.660778     0.126416     0.276995
   -0.700435     0.135056     0.200262
   -0.702099     0.131040     0.200262
   -0.670738     0.110017     0.264111
   -0.647455     0.104634     0.306344
   -0.710546     0.122782     0.186492
   -0.714056     0.117224     0.181294
   -0.715005     0.110017     0.181294
   -0.728829     0.084487     0.149143
   -0.748726     0.038565     0.100607
   -0.752723     0.016103     0.087597
   -0.750904    -0.004622     0.085895
   -0.737395    -0.107236     0.085895
   -0.716269    -0.140685     0.117179
   -0.709849    -0.140230     0.129303
   -0.584192    -0.162265     0.343074
   -0.713767    -0.149933     0.114742
   -0.611972    -0.395690     0.114742
   -0.600667    -0.407704     0.126350
   -0.595250    -0.405264     0.138142
   -0.567031    -0.411196     0.176428
   -0.597727    -0.413884     0.123436
   -0.566050    -0.455166     0.123436
   -0.562292    -0.451407     0.134180
   -0.562130    -0.451427     0.134351
   -0.563595    -0.472643     0.098212
   -0.561636    -0.474146     0.098212
   -0.558716    -0.467665     0.112320
   -0.550804    -0.467305     0.118993
   -0.553825    -0.490951     0.073319
   -0.550413    -0.494161     0.070023
   -0.545756    -0.496090     0.070023
   -0.524884    -0.514177     0.044157
   -0.514074    -0.520267     0.036498
   -0.491121    -0.534763     0.015032
   -0.491108    -0.534768     0.015024
   -0.376000    -0.549922     0.015024
   -0.368130    -0.550613     0.015670
   -0.346058    -0.541050     0.038999
   -0.243304    -0.532031     0.030563
    0.240446    -0.468344     0.030563
    0.306682    -0.426512     0.092511
    0.432936    -0.355397     0.181960
    0.492353    -0.303907     0.255591
    0.659308    -0.180380     0.355335
    0.685588    -0.223867     0.255591
    0.668890    -0.186799     0.336279
    0.673500    -0.186256     0.331436
    0.700384    -0.225272     0.234951
    0.706874    -0.220293     0.234951
    0.706956    -0.219712     0.235789
    0.674712    -0.175966     0.342246
    0.727989    -0.179404     0.251796
    0.705835    -0.169424     0.300023
    0.729079    -0.190880     0.235789
    0.782580    -0.047610     0.251796
    0.765701    -0.046414     0.283670
    0.802885    -0.027759     0.218699
    0.836549    -0.007244     0.115915
    0.824809    -0.006886     0.154484
    0.823875    -0.013187     0.159901
    0.837349    -0.013187     0.115485
    0.836734    -0.007726     0.115485
    0.823056    -0.013424     0.162514
    0.816312    -0.004106     0.179469
    0.813098     0.064441     0.110494
    0.829583     0.017329     0.110494
    0.808873     0.077867     0.106833
    0.785261     0.088152     0.159846
    0.806640     0.091438     0.087376
    0.778694     0.147436     0.064995
    0.768426     0.163777     0.064995
    0.753514     0.190692     0.051779
    0.737466     0.228795    -0.005881
    0.715999     0.257023    -0.023556
    0.741064     0.223012    -0.000169
    0.707501     0.268794    -0.035644
    0.671904     0.310479    -0.068731
    0.670598     0.312424    -0.072209
    0.637614     0.342175    -0.100109
    0.535432     0.406381    -0.100109
    0.535069     0.406664    -0.100472
    0.432218     0.465612    -0.145252
    0.376102     0.494287    -0.160128
    0.365058     0.498861    -0.160128
    0.245986     0.542529    -0.144640
    0.157341     0.570421    -0.120463
    0.093258     0.592845    -0.120463
    0.008950     0.616745    -0.101865
   -0.015824     0.621136    -0.087662
   -0.049764     0.625126    -0.086191
   -0.067798     0.626977    -0.084583
   -0.082124     0.628591    -0.084583
   -0.082228     0.628602    -0.084579
   -0.097406     0.629993    -0.083528
   -0.098425     0.630197    -0.084579
   -0.103563     0.630437    -0.087278
   -0.103724     0.630422    -0.087290
   -0.104949     0.630284    -0.087290
   -0.104970     0.629579    -0.084974
   -0.109682     0.630422    -0.093247
   -0.110305     0.630437    -0.094021
   -0.110733     0.630432    -0.094501
   -0.145254     0.624893    -0.116219
   -0.177689     0.619143    -0.134814
   -0.209123     0.610232    -0.141749
   -0.216949     0.607493    -0.141749
   -0.260029     0.593939    -0.153498
   -0.276658     0.591202    -0.177339
   -0.348273     0.555463    -0.205962
   -0.487652     0.467885    -0.205962
   -0.529262     0.430353    -0.170764
   -0.550727     0.398368    -0.113582
   -0.591694     0.350394    -0.075502
   -0.630999     0.295953    -0.019596
   -0.634449     0.290551    -0.013253
   -0.677033     0.222106     0.054356
   -0.700802     0.160400     0.153536
   -0.699593     0.159542     0.158941
   -0.704429     0.137817     0.186188
   -0.710022     0.145727     0.153536
   -0.710818     0.144132     0.154173
   -0.712147     0.136056     0.165752
   -0.709954     0.135411     0.173784
   -0.719341     0.115495     0.165752
   -0.727636     0.098697     0.147059
   -0.729989     0.092322     0.142408
   -0.745772     0.051203     0.105652
   -0.748475     0.040794     0.100607
   -0.758958    -0.009259     0.057623
   -0.768506    -0.056998     0.008414
   -0.767644    -0.066405     0.007763
   -0.764778    -0.091843     0.007763
   -0.764086    -0.093646     0.009375
   -0.762047    -0.099171     0.013404
   -0.750507    -0.139880     0.004424
   -0.708626    -0.259566     0.004424
   -0.699284    -0.289258    -0.003674
   -0.649355    -0.376372     0.034253
   -0.645771    -0.380968     0.038857
   -0.594251    -0.462961     0.038857
   -0.590671    -0.466930     0.042214
   -0.586731    -0.469574     0.049258
   -0.585521    -0.468715     0.054666
   -0.566621    -0.475669     0.085897
   -0.563902    -0.492403     0.049258
   -0.561638    -0.489212     0.063519
   -0.563386    -0.493173     0.047881
   -0.546118    -0.504023     0.047881
   -0.533623    -0.513768     0.035365
   -0.532585    -0.514711     0.033436
   -0.511407    -0.527664     0.015032
   -0.472370    -0.544021    -0.005827
   -0.433361    -0.558416    -0.034281
   -0.431234    -0.559233    -0.036183
   -0.391087    -0.569659    -0.055642
   -0.368130    -0.572246    -0.055642
   -0.356106    -0.575201    -0.069852
   -0.321433    -0.582137    -0.105593
   -0.300530    -0.584634    -0.121589
   -0.288353    -0.585556    -0.129150
   -0.270270    -0.586489    -0.138946
   -0.255503    -0.587179    -0.146706
   -0.250303    -0.587207    -0.148726
   -0.224247    -0.587207    -0.158404
   -0.201972    -0.586790    -0.165306
   -0.104546    -0.584431    -0.193716
   -0.092290    -0.583947    -0.196672
    0.010914    -0.574486    -0.203816
    0.029372    -0.572406    -0.203816
    0.104250    -0.564722    -0.210496
    0.198979    -0.529764    -0.141399
    0.224469    -0.517178    -0.113033
    0.514884    -0.415557    -0.113033
    0.548211    -0.399143    -0.097253
    0.635246    -0.345910    -0.021614
    0.683558    -0.318220    -0.000579
    0.700313    -0.305154     0.016203
    0.721686    -0.256085     0.126371
    0.735276    -0.253060     0.109325
    0.746525    -0.276117     0.016203
    0.749010    -0.272415     0.022821
    0.736450    -0.249869     0.114598
    0.738027    -0.249289     0.111993
    0.755309    -0.266116     0.022821
    0.756690    -0.262531     0.028583
    0.748102    -0.204030     0.168758
    0.798000    -0.182296     0.056727
    0.793737    -0.203571     0.028583
    0.794874    -0.201291     0.029494
    0.805394    -0.028905     0.210524
    0.798236    -0.181544     0.056932
    0.839569    -0.022216     0.104814
    0.824426    -0.022678     0.154559
    0.833590    -0.080511     0.056932
    0.840562    -0.055916     0.062358
    0.839580    -0.022245     0.104742
    0.840746    -0.011118     0.082349
    0.840031    -0.010830     0.089329
    0.840031    -0.022245     0.100744
    0.841462    -0.023160     0.087123
    0.842502    -0.023160     0.076564
    0.841840    -0.016442     0.076564
    0.824921     0.041052     0.082349
    0.814492     0.073391     0.075483
    0.809092     0.088825     0.075483
    0.777266     0.158105     0.016827
    0.765809     0.179539     0.016827
    0.728626     0.241953    -0.026250
    0.701829     0.277876    -0.054178
    0.694102     0.287582    -0.064938
    0.674135     0.310215    -0.079427
    0.667132     0.317219    -0.092493
    0.646770     0.335182    -0.105527
    0.636061     0.343971    -0.105527
    0.611183     0.362528    -0.124868
    0.597527     0.371600    -0.128110
    0.553489     0.399271    -0.128110
    0.509641     0.424229    -0.145252
    0.177772     0.566398    -0.144640
    0.099658     0.591587    -0.128055
    0.054341     0.605334    -0.128055
    0.018140     0.614735    -0.110509
   -0.058170     0.626073    -0.086191
   -0.189294     0.616606    -0.145730
   -0.228493     0.606425    -0.164730
   -0.238979     0.603500    -0.170480
   -0.276418     0.591427    -0.178429
   -0.307521     0.578371    -0.218646
   -0.384798     0.542871    -0.284072
   -0.400332     0.534568    -0.284072
   -0.429090     0.518199    -0.295315
   -0.435518     0.514160    -0.295315
   -0.459423     0.496328    -0.276731
   -0.471058     0.487066    -0.263833
   -0.477777     0.481139    -0.259532
   -0.494524     0.465364    -0.238403
   -0.529988     0.429900    -0.172244
   -0.539134     0.419533    -0.165607
   -0.582677     0.364832    -0.104969
   -0.603252     0.337250    -0.083525
   -0.684945     0.208207     0.059790
   -0.695075     0.189255     0.059790
   -0.720584     0.133725     0.106804
   -0.720968     0.132626     0.106804
   -0.722718     0.127201     0.105652
   -0.758958    -0.007148     0.055513
   -0.768337    -0.052789     0.005921
   -0.768752    -0.056998     0.005921
   -0.768752    -0.075212    -0.012294
   -0.767644    -0.086461    -0.012294
   -0.767331    -0.089439    -0.012494
   -0.767194    -0.090105    -0.013217
   -0.747584    -0.154749    -0.013217
   -0.746432    -0.158323    -0.013976
   -0.701820    -0.285818    -0.013976
   -0.701155    -0.287264    -0.012752
   -0.637977    -0.404720    -0.008282
   -0.644485    -0.393286    -0.012752
   -0.609091    -0.450122    -0.005918
   -0.611360    -0.447081    -0.008282
   -0.583304    -0.481544    -0.005918
   -0.580971    -0.484189    -0.004225
   -0.580173    -0.484987    -0.002736
   -0.579693    -0.484508     0.006342
   -0.564272    -0.494139     0.037814
   -0.554248    -0.506263    -0.002736
   -0.553966    -0.506473    -0.002516
   -0.553862    -0.506171     0.001511
   -0.544889    -0.511640    -0.006065
   -0.506772    -0.532014    -0.006065
   -0.486814    -0.541182    -0.022963
   -0.484302    -0.542237    -0.026211
   -0.437336    -0.557381    -0.036183
   -0.370382    -0.574186    -0.075117
   -0.364655    -0.575201    -0.078401
    0.041027    -0.574486    -0.233929
    0.087068    -0.570805    -0.247300
    0.098737    -0.569578    -0.248084
    0.099789    -0.569460    -0.248084
    0.106668    -0.567956    -0.254554
    0.116165    -0.565508    -0.259369
    0.116174    -0.565506    -0.259373
    0.117882    -0.565051    -0.260080
    0.220737    -0.533851    -0.260080
    0.287131    -0.512441    -0.245983
    0.393729    -0.471214    -0.215609
    0.344333    -0.492425    -0.245983
    0.596867    -0.373136    -0.097253
    0.716752    -0.304897    -0.050384
    0.722895    -0.301038    -0.050384
    0.737124    -0.290424    -0.039322
    0.748057    -0.277786    -0.001193
    0.756636    -0.274411    -0.039322
    0.755415    -0.273191    -0.016210
    0.758185    -0.268755    -0.007158
    0.758666    -0.272381    -0.043110
    0.763121    -0.267331    -0.046343
    0.771173    -0.257519    -0.046343
    0.773144    -0.254877    -0.048397
    0.779284    -0.245738    -0.062545
    0.779588    -0.245205    -0.062753
    0.804418    -0.198750    -0.062753
    0.807186    -0.192725    -0.057652
    0.810645    -0.184485    -0.046998
    0.817076    -0.164543    -0.042763
    0.842502    -0.054650     0.045074
    0.841462    -0.055069     0.055215
    0.827299    -0.130840    -0.042763
    0.833122    -0.104211    -0.017716
    0.841549    -0.063205     0.026840
    0.839394    -0.063205     0.004961
    0.839394    -0.015459     0.052708
    0.837821    -0.064210    -0.010002
    0.831490    -0.008016    -0.010002
    0.830483    -0.005394    -0.012346
    0.828827     0.000448    -0.011057
    0.771517     0.164231    -0.011057
    0.759587     0.183736    -0.028008
    0.734245     0.227952    -0.047258
    0.709453     0.259742    -0.079102
    0.689408     0.291644    -0.079102
    0.669534     0.313677    -0.097740
    0.668781     0.314578    -0.097882
    0.650663     0.330050    -0.112263
    0.643470     0.337243    -0.112263
    0.627858     0.349116    -0.122039
    0.614171     0.360032    -0.125340
    0.577393     0.382755    -0.137996
    0.546893     0.400546    -0.147075
    0.508426     0.424716    -0.147075
    0.470059     0.443863    -0.162410
    0.402166     0.479349    -0.171475
    0.288711     0.522884    -0.180951
    0.147166     0.572413    -0.180951
    0.129592     0.577395    -0.184828
    0.065787     0.600940    -0.138287
   -0.082487     0.626073    -0.110509
   -0.110733     0.628663    -0.112464
   -0.129581     0.624893    -0.131892
   -0.141289     0.622015    -0.145730
   -0.296054     0.581592    -0.221499
   -0.301666     0.579521    -0.225593
   -0.357950     0.551728    -0.288227
   -0.385711     0.542014    -0.288227
   -0.416171     0.523384    -0.314699
   -0.417309     0.522350    -0.316812
   -0.430018     0.514364    -0.316812
   -0.438003     0.511288    -0.303979
   -0.449642     0.502436    -0.296691
   -0.450594     0.501484    -0.296691
   -0.462099     0.491660    -0.287559
   -0.524244     0.432414    -0.210532
   -0.570179     0.359309    -0.210532
   -0.620081     0.295321    -0.146436
   -0.641248     0.258390    -0.130357
   -0.661930     0.224575    -0.100970
   -0.749389    -0.025366    -0.100970
   -0.754675    -0.035414    -0.087274
   -0.758286    -0.044820    -0.078866
   -0.765564    -0.051674    -0.021122
   -0.759723    -0.057574    -0.078866
   -0.764006    -0.075000    -0.058271
   -0.765564    -0.075000    -0.044448
   -0.765896    -0.075212    -0.041285
   -0.765896    -0.090627    -0.025870
   -0.762656    -0.093679    -0.051580
   -0.762501    -0.088363    -0.058271
   -0.751182    -0.134154    -0.042651
   -0.697647    -0.290264    -0.034214
   -0.707380    -0.259332    -0.042651
   -0.653773    -0.370146    -0.047472
   -0.666634    -0.344374    -0.057772
   -0.622458    -0.419983    -0.047472
   -0.603840    -0.453587    -0.030971
   -0.591345    -0.468787    -0.031189
   -0.590934    -0.469327    -0.030851
   -0.597197    -0.461535    -0.032224
   -0.567924    -0.492337    -0.030851
   -0.563164    -0.495956    -0.033831
   -0.557356    -0.498194    -0.043167
   -0.547370    -0.503727    -0.048070
   -0.516893    -0.522876    -0.048070
   -0.503012    -0.529804    -0.053619
   -0.488981    -0.537846    -0.047510
   -0.412316    -0.562298    -0.065867
   -0.421677    -0.559023    -0.065867
   -0.265071    -0.586350    -0.145385
   -0.263709    -0.586489    -0.145507
    0.096254    -0.569578    -0.250567
    0.119116    -0.564596    -0.260979
    0.146029    -0.555354    -0.272958
    0.173525    -0.546056    -0.283579
    0.177977    -0.544585    -0.284920
    0.204783    -0.536986    -0.279007
    0.245460    -0.522752    -0.279007
    0.339115    -0.493284    -0.253463
    0.563103    -0.386688    -0.147914
    0.591010    -0.369153    -0.147914
    0.731131    -0.291517    -0.079109
    0.741898    -0.282853    -0.077329
    0.737461    -0.286227    -0.080107
    0.772604    -0.252147    -0.077329
    0.774002    -0.250307    -0.078481
    0.781672    -0.230398    -0.110481
    0.792355    -0.213395    -0.110481
    0.794263    -0.209573    -0.112009
    0.814776    -0.154103    -0.103473
    0.795828    -0.200060    -0.125646
    0.806217    -0.170370    -0.125646
    0.821671    -0.136140    -0.087417
    0.833122    -0.087706    -0.034221
    0.822057    -0.132717    -0.087417
    0.798916    -0.132717    -0.163700
    0.817826    -0.005007    -0.053927
    0.795345    -0.133746    -0.175091
    0.786027    -0.133746    -0.203724
    0.774374    -0.045233    -0.203724
    0.772031    -0.020908    -0.201082
    0.780132     0.007325    -0.164768
    0.765287     0.062195    -0.150307
    0.727847     0.152582    -0.150307
    0.694221     0.266376    -0.113302
    0.679170     0.286627    -0.120492
    0.676000     0.291812    -0.120223
    0.672996     0.298126    -0.117245
    0.647648     0.331160    -0.117245
    0.640958     0.336016    -0.122039
    0.582579     0.378775    -0.137996
    0.609279     0.362565    -0.128147
    0.485576     0.434375    -0.161603
    0.545167     0.401367    -0.147889
    0.394022     0.481680    -0.174329
    0.261412     0.520867    -0.217454
    0.252434     0.524585    -0.217454
    0.136619     0.555919    -0.247977
    0.041783     0.548686    -0.308571
   -0.034173     0.556000    -0.316823
   -0.141338     0.570108    -0.316823
   -0.141289     0.570279    -0.316280
    0.126924     0.553138    -0.260447
    0.108237     0.551310    -0.273621
   -0.160990     0.561594    -0.337594
   -0.190660     0.545528    -0.374957
   -0.350020     0.524548    -0.374957
   -0.365007     0.523105    -0.373329
   -0.366458     0.523521    -0.371463
   -0.366878     0.524441    -0.368466
   -0.417230     0.522080    -0.317800
   -0.404294     0.507849    -0.371463
   -0.418094     0.509159    -0.352215
   -0.421016     0.513387    -0.337318
   -0.428192     0.511789    -0.328319
   -0.424165     0.504500    -0.352215
   -0.429069     0.509405    -0.332259
   -0.424384     0.502943    -0.354462
   -0.473973     0.438317    -0.354462
   -0.479158     0.427420    -0.359602
   -0.510439     0.385330    -0.344657
   -0.638572     0.101416    -0.315806
   -0.649431     0.083878    -0.305959
   -0.511565     0.381520    -0.345896
   -0.598226     0.172301    -0.345896
   -0.625114     0.124637    -0.326325
   -0.663204     0.053998    -0.294943
   -0.687849     0.010245    -0.263945
   -0.702743    -0.013338    -0.241889
   -0.738491    -0.025034    -0.136769
   -0.703795    -0.021330    -0.241889
   -0.722197    -0.055316    -0.199091
   -0.734008    -0.055316    -0.162798
   -0.741841    -0.057574    -0.137814
   -0.746472    -0.088852    -0.110929
   -0.724049    -0.096188    -0.176864
   -0.719091    -0.078907    -0.199091
   -0.713139    -0.136513    -0.166236
   -0.639886    -0.356025    -0.117828
   -0.665737    -0.250951    -0.166236
   -0.638621    -0.342713    -0.136396
   -0.639601    -0.356624    -0.117545
   -0.629604    -0.387882    -0.087733
   -0.557781    -0.497040    -0.045074
   -0.525050    -0.508695    -0.076064
   -0.536824    -0.499661    -0.076064
   -0.506703    -0.521330    -0.072645
   -0.521306    -0.510477    -0.077830
   -0.428417    -0.544463    -0.098104
   -0.389640    -0.560525    -0.098104
   -0.258751    -0.584536    -0.153514
   -0.242704    -0.586081    -0.155258
    0.118570    -0.564734    -0.260777
    0.195571    -0.534675    -0.297385
    0.207707    -0.529081    -0.301859
    0.228088    -0.523567    -0.296487
    0.302381    -0.492794    -0.296487
    0.344787    -0.480263    -0.282697
    0.374476    -0.458198    -0.293239
    0.535808    -0.381441    -0.217148
    0.672677    -0.276418    -0.217148
    0.746523    -0.238165    -0.174759
    0.752485    -0.237327    -0.166154
    0.754655    -0.239497    -0.157323
    0.780891    -0.229844    -0.113971
    0.783520    -0.196881    -0.166154
    0.787600    -0.199702    -0.151776
    0.790425    -0.198471    -0.145434
    0.781247    -0.172950    -0.199535
    0.782686    -0.169476    -0.199535
    0.791594    -0.173545    -0.170516
    0.800792    -0.170535    -0.143469
    0.779352    -0.157857    -0.214480
    0.781402    -0.142287    -0.214480
    0.763195    -0.142287    -0.248543
    0.751849    -0.139663    -0.269123
    0.751476    -0.135095    -0.268697
    0.745323    -0.096245    -0.268697
    0.744057    -0.081449    -0.266810
    0.753581    -0.037756    -0.238036
    0.763384    -0.019391    -0.215793
    0.726700     0.127377    -0.171564
    0.716356     0.147678    -0.171564
    0.641733     0.330001    -0.128252
    0.641643     0.330201    -0.128147
    0.572999     0.383043    -0.142984
    0.266261     0.515872    -0.221289
    0.256864     0.520660    -0.221289
   -0.077137     0.522764    -0.386887
   -0.132181     0.527472    -0.393904
   -0.140783     0.528835    -0.393904
   -0.190660     0.532911    -0.398563
   -0.258365     0.501194    -0.441225
   -0.209409     0.520285    -0.417565
   -0.267437     0.496894    -0.446235
   -0.314220     0.489484    -0.446235
   -0.332816     0.487894    -0.443864
   -0.347300     0.491051    -0.434326
   -0.368150     0.502181    -0.409072
   -0.368532     0.503004    -0.407525
   -0.402815     0.504565    -0.378612
   -0.386011     0.493080    -0.409072
   -0.387264     0.492745    -0.408611
   -0.396909     0.495481    -0.396987
   -0.403079     0.503309    -0.380315
   -0.422466     0.501025    -0.359946
   -0.426620     0.465769    -0.396987
   -0.452916     0.432936    -0.395205
   -0.429742     0.458762    -0.400635
   -0.459393     0.408731    -0.404102
   -0.508425     0.312502    -0.404102
   -0.582580     0.193022    -0.358854
   -0.508702     0.311393    -0.404436
   -0.519303     0.290647    -0.400752
   -0.544483     0.247861    -0.387072
   -0.671566     0.027670    -0.287608
   -0.685043    -0.000765    -0.271906
   -0.663834     0.050025    -0.294943
   -0.689067    -0.011084    -0.266919
   -0.695743    -0.020998    -0.256871
   -0.697182    -0.021330    -0.254262
   -0.711720    -0.078385    -0.213010
   -0.692678    -0.081724    -0.245404
   -0.691754    -0.046184    -0.256871
   -0.689262    -0.075323    -0.253157
   -0.663372    -0.198975    -0.210070
   -0.661959    -0.201750    -0.210070
   -0.623376    -0.345918    -0.157079
   -0.614572    -0.357125    -0.157410
   -0.612475    -0.361832    -0.154960
   -0.618022    -0.351885    -0.158334
   -0.544085    -0.463104    -0.118303
   -0.582010    -0.402236    -0.145628
   -0.564682    -0.419565    -0.145628
   -0.525365    -0.491162    -0.104034
   -0.532261    -0.484975    -0.105484
   -0.393646    -0.542881    -0.127428
   -0.461721    -0.508195    -0.127428
   -0.260207    -0.576233    -0.167639
   -0.256949    -0.574494    -0.171585
   -0.179660    -0.581105    -0.181438
   -0.124918    -0.582766    -0.191813
    0.171314    -0.545493    -0.285178
    0.193420    -0.535016    -0.297385
    0.238832    -0.500437    -0.330754
    0.251991    -0.490501    -0.338984
    0.269246    -0.466456    -0.362159
    0.385154    -0.407398    -0.362159
    0.398123    -0.388948    -0.375906
    0.461291    -0.332268    -0.389187
    0.555725    -0.290200    -0.340021
    0.662301    -0.183625    -0.340021
    0.709950    -0.161084    -0.310117
    0.742266    -0.159463    -0.273559
    0.754647    -0.169221    -0.247193
    0.767139    -0.166595    -0.230245
    0.747503    -0.149185    -0.273559
    0.748589    -0.148623    -0.272344
    0.766703    -0.157018    -0.238321
    0.766938    -0.156977    -0.237922
    0.749607    -0.142197    -0.272344
    0.733524    -0.142197    -0.291942
    0.730576    -0.141531    -0.295405
    0.724758    -0.141531    -0.301947
    0.719601    -0.115607    -0.301947
    0.714973     0.132119    -0.182374
    0.649338     0.230347    -0.182374
    0.624945     0.331097    -0.142984
    0.330233     0.471986    -0.222336
    0.264754     0.515738    -0.222336
   -0.094129     0.510599    -0.404365
   -0.154049     0.514842    -0.412996
   -0.164552     0.516931    -0.412996
   -0.294562     0.483083    -0.457829
   -0.281794     0.484037    -0.459130
   -0.309976     0.480017    -0.457829
   -0.320748     0.479254    -0.456278
   -0.351766     0.490036    -0.432862
   -0.388557     0.472946    -0.425986
   -0.370970     0.477204    -0.432862
   -0.403441     0.460480    -0.423717
   -0.399105     0.462398    -0.425986
   -0.456883     0.380497    -0.423717
   -0.483098     0.339232    -0.417692
   -0.458427     0.373706    -0.425942
   -0.687435    -0.032919    -0.264694
   -0.686313    -0.075616    -0.256406
   -0.686522    -0.037508    -0.264694
   -0.684047    -0.072451    -0.259661
   -0.660746    -0.188111    -0.219545
   -0.655929    -0.195319    -0.219545
   -0.565558    -0.406139    -0.157410
   -0.404536    -0.503111    -0.167155
   -0.540635    -0.412173    -0.167155
   -0.260795    -0.535780    -0.214254
   -0.096515    -0.540941    -0.245193
   -0.034410    -0.553294    -0.245193
   -0.252568    -0.529890    -0.222716
    0.233847    -0.498814    -0.333694
    0.262760    -0.461979    -0.368644
    0.269831    -0.460573    -0.368644
    0.320749    -0.396478    -0.412933
    0.335034    -0.383340    -0.419735
    0.361208    -0.324926    -0.457289
    0.466358    -0.254667    -0.457289
    0.469356    -0.247893    -0.460835
    0.485537    -0.231711    -0.460835
    0.582421    -0.188840    -0.410122
    0.709138    -0.151945    -0.316466
    0.586842    -0.182224    -0.410122
    0.610816    -0.171481    -0.394710
    0.690925    -0.154219    -0.331784
    0.714666    -0.149453    -0.311522
    0.735222    -0.147410    -0.288867
    0.676947    -0.154219    -0.343256
    0.688258    -0.122895    -0.328860
    0.610594    -0.170865    -0.394993
    0.591577    -0.170865    -0.408886
    0.584300    -0.143709    -0.408886
    0.619598    -0.120029    -0.378462
    0.566041    -0.144623    -0.418777
   -0.020774     0.442192    -0.418777
   -0.091945     0.458300    -0.442148
   -0.115681     0.440573    -0.459746
   -0.255772     0.478111    -0.459746
   -0.281794     0.479931    -0.462500
   -0.288586     0.472658    -0.467360
   -0.289433     0.472598    -0.467271
   -0.310224     0.467027    -0.467271
   -0.320925     0.475019    -0.459337
   -0.327551     0.473519    -0.457161
   -0.395567     0.420720    -0.449311
   -0.375364     0.425706    -0.457161
   -0.421093     0.395752    -0.442740
   -0.514099     0.276233    -0.407376
   -0.497389     0.285900    -0.417692
   -0.670173     0.007767    -0.285502
   -0.652542    -0.073767    -0.282422
   -0.649439    -0.069612    -0.285502
   -0.647502    -0.096036    -0.275109
   -0.347738    -0.395800    -0.275109
   -0.257312    -0.416266    -0.304803
   -0.097573    -0.358658    -0.378163
    0.192812    -0.436466    -0.378163
   -0.174473    -0.354399    -0.366220
    0.262760    -0.441360    -0.385565
    0.308724    -0.392136    -0.418459
    0.362266    -0.299580    -0.475600
    0.362710    -0.298219    -0.476391
    0.394435    -0.244495    -0.500563
    0.403952    -0.242341    -0.497438
    0.426117    -0.220176    -0.497438
    0.438346    -0.217158    -0.492687
    0.462290    -0.214297    -0.481811
    0.484152    -0.215391    -0.469968
    0.500203    -0.205913    -0.462746
    0.570784    -0.182894    -0.421724
    0.488873    -0.205913    -0.468802
    0.501665    -0.169823    -0.456796
    0.389539    -0.217158    -0.513810
    0.367933    -0.207986    -0.521517
    0.353791    -0.198986    -0.526024
    0.353719    -0.198929    -0.526045
    0.343893    -0.175209    -0.526045
    0.310309    -0.161598    -0.534523
    0.086986     0.007197    -0.557666
   -0.052527     0.146710    -0.557666
   -0.101919     0.212057    -0.550894
   -0.123012     0.264106    -0.537755
   -0.117113     0.436916    -0.461906
   -0.171636     0.284246    -0.537755
   -0.195666     0.304212    -0.533422
   -0.244416     0.366641    -0.515142
   -0.247943     0.372183    -0.513376
   -0.254719     0.388144    -0.507683
   -0.279712     0.417215    -0.495724
   -0.288586     0.445350    -0.481956
   -0.303858     0.450763    -0.476876
   -0.289090     0.413330    -0.495724
   -0.295675     0.415990    -0.493392
   -0.302918     0.423233    -0.488959
   -0.342472     0.316266    -0.491016
   -0.392921     0.316266    -0.469182
   -0.335811     0.319094    -0.493392
   -0.489201     0.285900    -0.422069
   -0.609689    -0.054051    -0.308978
   -0.194946    -0.039893    -0.491016
   -0.164162    -0.052369    -0.498787
    0.343716    -0.194138    -0.528477
    0.345749    -0.196742    -0.527715
    0.347517    -0.200906    -0.526230
   -0.094048    -0.024046    -0.523615
   -0.054732    -0.026222    -0.529721
    0.337314    -0.188612    -0.529721
    0.337526    -0.188789    -0.529683
    0.358697    -0.213910    -0.520880
    0.362710    -0.226634    -0.514654
    0.391428    -0.236812    -0.505101
    0.390819    -0.218971    -0.512931
    0.369417    -0.209470    -0.520880
    0.389383    -0.217535    -0.513810
    0.337216    -0.188505    -0.529741
    0.083294     0.009487    -0.557896
   -0.050237     0.143018    -0.557896
   -0.145380     0.255518    -0.543171
   -0.231148     0.319094    -0.525141
   -0.197095     0.302784    -0.533422
   -0.050117     0.142802    -0.557906
   -0.049271     0.136423    -0.557361
    0.076700     0.010453    -0.557361
    0.083078     0.009607    -0.557906
     1      2      3
     1      3      4
     1      4      5
     1      5      6
     7      8      9
     7      9     10
     7     10      2
     7      2      1
    10     11      3
    10      3      2
    12     13     14
    12     14     15
    12     15     16
    17     18     19
    17     19     20
    17     20     21
    17     21     22
    17     22     23
    17     23     24
    17     24     25
    26      6      5
    26      5     12
    26     12     16
    26     16     19
    26     19     18
    27     28      7
    27      7      1
    27      1      6
    27      6     26
    27     26     29
    30     31      8
    30      8      7
    30      7     28
    32     33     34
    32     34      9
    32      9      8
    32      8     31
    32     31     35
    36     37     38
    36     38     33
    36     33     32
    38     39     40
    38     40     34
    38     34     33
     9     34     40
     9     40     41
     9     41     11
     9     11     10
     3     11     41
     3     41     42
     3     42      4
    15     14     43
    15     43     44
    19     16     15
    19     15     44
    19     44     45
    19     45     20
    22     46     47
    22     47     48
    22     48     23
    49     50     51
    49     51     52
    49     52     53
    49     53     54
    49     54     55
    49     55     56
    57     24     23
    57     23     48
    57     48     58
    57     58     51
    57     51     50
    25     24     57
    25     57     59
    60     29     26
    60     26     18
    60     18     17
    60     17     61
    62     63     27
    62     27     29
    62     29     60
    62     60     64
    65     66     30
    65     30     28
    65     28     27
    65     27     63
    67     35     31
    67     31     30
    67     30     66
    67     66     68
    69     70     36
    69     36     32
    69     32     35
    69     35     67
    71     72     73
    71     73     37
    71     37     36
    71     36     70
    74     75     72
    74     72     71
    74     71     76
    77     78     73
    77     73     72
    77     72     75
    73     78     79
    73     79     39
    73     39     38
    73     38     37
    80     79     78
    80     78     77
    80     77     81
    80     81     82
    42     41     40
    42     40     39
    42     39     79
    42     79     80
    42     80     83
     5      4     42
     5     42     83
     5     83     84
     5     84     13
     5     13     12
    44     43     85
    44     85     86
    44     86     45
    20     45     86
    20     86     87
    20     87     21
    88     89     90
    88     90     91
    48     47     91
    48     91     90
    48     90     92
    48     92     58
    51     58     92
    51     92     93
    51     93     94
    51     94     95
    51     95     52
    96     97     98
    96     98     99
    96     99    100
    96    100    101
    96    101    102
    54     98     97
    54     97     55
    56     55     97
    56     97     96
    56     96    103
   104     59     57
   104     57     50
   104     50     49
   105     61     17
   105     17     25
   105     25     59
   105     59    104
   105    104    106
   107     64     60
   107     60     61
   107     61    105
   107    105    108
   109    110     62
   109     62     64
   109     64    107
   111    112     65
   111     65     63
   111     63     62
   111     62    110
   113     68     66
   113     66     65
   113     65    112
   114    115     69
   114     69     67
   114     67     68
   114     68    113
   116     76     71
   116     71     70
   116     70     69
   116     69    115
   117    118    119
   117    119    120
   120    119    121
   120    121    122
   120    122     74
   120     74     76
   120     76    116
   123    124    121
   123    121    119
   123    119    118
   123    118    125
   121    124    126
   121    126    127
   121    127    122
   122    127     81
   122     81     77
   122     77     75
   122     75     74
   128    129    130
   128    130    131
    82     81    127
    82    127    126
    82    126    131
    82    131    130
    82    130    132
   132    130    129
   132    129    133
   132    133    134
   132    134    135
    84     83     80
    84     80     82
    84     82    132
    84    132    135
    84    135    136
   137    138     85
   137     85     43
   137     43     14
   137     14     13
   137     13     84
   137     84    136
   137    136    139
   137    139    140
   141     87     86
   141     86     85
   141     85    138
   141    138    142
    21     87    141
    21    141     46
    21     46     22
   143     89     88
   143     88    144
    92     90     89
    92     89    143
    92    143    145
    92    145     93
    94    146    147
    94    147     95
    52     95    147
    52    147    148
    52    148    149
    52    149     53
    53    149    150
    53    150     99
    53     99     98
    53     98     54
   151    152    153
   151    153    154
   151    154    155
   151    155    156
   157    102    101
   157    101    153
   157    153    152
   158    159    157
   158    157    152
   158    152    151
   160    103     96
   160     96    102
   160    102    157
   160    157    159
   161    162    163
   161    163    160
   161    160    159
   161    159    158
   161    158    164
   163    106    104
   163    104     49
   163     49     56
   163     56    103
   163    103    160
   165    108    105
   165    105    106
   165    106    163
   165    163    162
   166    167    168
   166    168    169
   166    169    109
   166    109    107
   166    107    108
   166    108    165
   170    171    172
   170    172    173
   170    173    174
   170    174    168
   170    168    167
   168    174    175
   168    175    176
   168    176    169
   169    176    111
   169    111    110
   169    110    109
   175    177    178
   175    178    114
   175    114    113
   175    113    112
   175    112    111
   175    111    176
   178    179    117
   178    117    120
   178    120    116
   178    116    115
   178    115    114
   180    181    182
   180    182    183
   180    183    179
   180    179    178
   180    178    177
   183    125    118
   183    118    117
   183    117    179
   184    185    182
   184    182    181
   182    185    186
   182    186    187
   182    187    123
   182    123    125
   182    125    183
   188    189    190
   188    190    186
   188    186    185
   188    185    184
   190    191    192
   190    192    187
   190    187    186
   187    192    193
   187    193    128
   187    128    131
   187    131    126
   187    126    124
   187    124    123
   194    195    196
   194    196    193
   194    193    192
   194    192    191
   193    196    133
   193    133    129
   193    129    128
   197    198    199
   197    199    200
   134    133    196
   134    196    195
   134    195    198
   134    198    197
   201    200    199
   201    199    202
   201    202    203
   201    203    204
   201    204    205
   136    135    134
   136    134    197
   136    197    200
   136    200    201
   136    201    139
   140    139    201
   140    201    205
   140    205    206
   140    206    207
   140    207    208
   142    138    137
   142    137    209
   210    144     88
   210     88     91
   210     91     47
   210     47     46
   210     46    141
   210    141    142
   210    142    209
   210    209    211
   210    211    212
   213    145    143
   213    143    144
   213    144    210
   214    146     94
   214     94     93
   214     93    145
   214    145    213
   214    213    215
   216    217    214
   216    214    215
   216    215    218
   148    147    146
   148    146    214
   148    214    217
   219    150    149
   219    149    148
   219    148    217
   219    217    216
   219    216    220
   100     99    150
   100    150    219
   100    219    221
   153    101    100
   153    100    221
   153    221    222
   153    222    223
   153    223    154
   224    225    226
   224    226    227
   224    227    228
   229    156    155
   229    155    230
   229    230    225
   229    225    224
   231    232    229
   231    229    224
   231    224    228
   231    228    233
   234    164    158
   234    158    151
   234    151    156
   234    156    229
   234    229    232
   235    236    237
   235    237    234
   235    234    232
   235    232    231
   237    238    161
   237    161    164
   237    164    234
   239    240    238
   239    238    237
   239    237    236
   239    236    241
   242    243    166
   242    166    165
   242    165    162
   242    162    161
   242    161    238
   242    238    240
   244    245    246
   244    246    247
   244    247    170
   244    170    167
   244    167    166
   244    166    243
   247    248    249
   247    249    171
   247    171    170
   246    250    251
   246    251    252
   246    252    253
   246    253    254
   246    254    255
   246    255    256
   246    256    248
   246    248    247
   256    257    258
   256    258    249
   256    249    248
   249    258    172
   249    172    171
   172    258    257
   172    257    259
   172    259    260
   172    260    261
   172    261    173
   173    261    262
   173    262    263
   173    263    180
   173    180    177
   173    177    175
   173    175    174
   262    264    265
   262    265    266
   262    266    267
   262    267    268
   262    268    263
   263    268    269
   263    269    188
   263    188    184
   263    184    181
   263    181    180
   266    270    271
   266    271    272
   266    272    273
   266    273    267
   267    273    269
   267    269    268
   274    275    271
   274    271    270
   269    273    272
   269    272    276
   269    276    277
   269    277    189
   269    189    188
   271    275    278
   271    278    279
   271    279    280
   271    280    276
   271    276    272
   276    280    281
   276    281    282
   276    282    283
   276    283    284
   276    284    285
   276    285    286
   276    286    287
   276    287    277
   277    287    288
   277    288    194
   277    194    191
   277    191    190
   277    190    189
   286    289    290
   286    290    291
   286    291    292
   286    292    288
   286    288    287
   199    198    195
   199    195    194
   199    194    288
   199    288    292
   199    292    293
   199    293    202
   292    291    294
   292    294    295
   292    295    296
   292    296    293
   202    293    296
   202    296    297
   202    297    203
   296    295    298
   296    298    299
   296    299    300
   296    300    297
   203    297    300
   203    300    301
   203    301    204
   301    300    299
   301    299    302
   301    302    303
   301    303    304
   205    204    301
   205    301    304
   205    304    305
   205    305    306
   205    306    206
   206    306    307
   206    307    308
   206    308    309
   206    309    310
   206    310    311
   206    311    207
   208    207    311
   208    311    312
   208    312    313
   208    313    314
   211    209    137
   211    137    140
   211    140    208
   211    208    314
   211    314    315
   211    315    316
   317    212    211
   317    211    316
   317    316    318
   317    318    319
   218    215    213
   218    213    210
   218    210    212
   218    212    317
   320    319    318
   320    318    321
   320    321    322
   320    322    323
   324    220    216
   324    216    218
   324    218    317
   324    317    319
   324    319    320
   325    326    324
   325    324    320
   325    320    323
   325    323    327
   222    221    219
   222    219    220
   222    220    324
   222    324    326
   328    329    223
   328    223    222
   328    222    326
   328    326    325
   155    154    223
   155    223    329
   155    329    230
   230    329    328
   230    328    330
   230    330    226
   230    226    225
   331    332    333
   331    333    334
   331    334    335
   233    228    227
   233    227    336
   233    336    333
   233    333    332
   233    332    337
   338    337    332
   338    332    331
   338    331    339
   340    341    235
   340    235    231
   340    231    233
   340    233    337
   340    337    338
   342    343    344
   342    344    341
   342    341    340
   344    345    241
   344    241    236
   344    236    235
   344    235    341
   346    347    239
   346    239    241
   346    241    345
   346    345    348
   349    350    242
   349    242    240
   349    240    239
   349    239    347
   351    352    353
   351    353    244
   351    244    243
   351    243    242
   351    242    350
   353    354    355
   353    355    356
   353    356    357
   353    357    358
   353    358    359
   353    359    245
   353    245    244
   359    360    361
   359    361    362
   359    362    250
   359    250    246
   359    246    245
   362    363    364
   362    364    251
   362    251    250
   251    364    365
   251    365    366
   251    366    367
   251    367    252
   252    367    368
   252    368    369
   252    369    370
   252    370    371
   252    371    372
   252    372    253
   253    372    254
   254    372    371
   254    371    373
   254    373    374
   254    374    375
   254    375    376
   254    376    377
   254    377    378
   254    378    379
   254    379    255
   255    379    380
   255    380    259
   255    259    257
   255    257    256
   380    381    382
   380    382    383
   380    383    384
   380    384    385
   380    385    260
   380    260    259
   260    385    386
   260    386    387
   260    387    388
   260    388    264
   260    264    262
   260    262    261
   388    389    390
   388    390    391
   388    391    265
   388    265    264
   265    391    392
   265    392    274
   265    274    270
   265    270    266
   390    393    394
   390    394    395
   390    395    396
   390    396    392
   390    392    391
   392    396    278
   392    278    275
   392    275    274
   395    397    279
   395    279    278
   395    278    396
   279    397    398
   279    398    399
   279    399    281
   279    281    280
   281    399    400
   281    400    401
   281    401    282
   283    402    403
   283    403    404
   283    404    405
   283    405    406
   283    406    284
   284    406    407
   284    407    285
   285    407    408
   285    408    409
   285    409    289
   285    289    286
   409    410    411
   409    411    412
   409    412    290
   409    290    289
   290    412    413
   290    413    414
   290    414    415
   290    415    416
   290    416    294
   290    294    291
   294    416    417
   294    417    298
   294    298    295
   417    416    415
   417    415    418
   417    418    419
   299    298    417
   299    417    419
   299    419    302
   302    419    418
   302    418    420
   302    420    421
   302    421    303
   304    303    421
   304    421    422
   304    422    305
   305    422    423
   305    423    424
   305    424    307
   305    307    306
   308    425    426
   308    426    309
   309    426    427
   309    427    428
   309    428    429
   309    429    310
   311    310    429
   311    429    430
   311    430    431
   311    431    432
   311    432    433
   311    433    434
   311    434    435
   311    435    436
   311    436    437
   311    437    438
   311    438    439
   311    439    440
   311    440    441
   311    441    442
   311    442    312
   313    312    442
   313    442    443
   313    443    444
   313    444    445
   315    314    313
   315    313    445
   315    445    446
   315    446    447
   315    447    448
   318    316    315
   318    315    448
   318    448    449
   318    449    450
   318    450    451
   318    451    321
   452    451    450
   452    450    453
   452    453    454
   322    321    451
   322    451    452
   322    452    455
   456    455    452
   456    452    454
   456    454    457
   456    457    458
   327    323    322
   327    322    455
   327    455    456
   327    456    459
   460    459    456
   460    456    458
   460    458    461
   460    461    462
   463    330    328
   463    328    325
   463    325    327
   463    327    459
   463    459    460
   463    460    464
   465    466    463
   465    463    464
   465    464    467
   465    467    468
   465    468    469
   227    226    330
   227    330    463
   227    463    466
   227    466    336
   333    336    466
   333    466    465
   333    465    334
   470    471    472
   470    472    473
   470    473    474
   470    474    475
   335    334    465
   335    465    469
   335    469    472
   335    472    471
   476    339    331
   476    331    335
   476    335    471
   476    471    470
   477    478    342
   477    342    340
   477    340    338
   477    338    339
   477    339    476
   479    480    343
   479    343    342
   479    342    478
   348    345    344
   348    344    343
   348    343    480
   481    482    349
   481    349    347
   481    347    346
   483    484    351
   483    351    350
   483    350    349
   483    349    482
   485    486    487
   485    487    352
   485    352    351
   485    351    484
   487    488    489
   487    489    490
   487    490    354
   487    354    353
   487    353    352
   490    491    355
   490    355    354
   358    492    493
   358    493    360
   358    360    359
   493    494    495
   493    495    361
   493    361    360
   496    365    364
   496    364    363
   366    368    367
   369    374    373
   369    373    370
   370    373    371
   377    497    498
   377    498    378
   378    498    499
   378    499    500
   378    500    381
   378    381    380
   378    380    379
   500    501    502
   500    502    503
   500    503    382
   500    382    381
   382    503    504
   382    504    505
   382    505    506
   382    506    507
   382    507    383
   383    507    508
   383    508    509
   383    509    510
   383    510    384
   384    510    511
   384    511    512
   384    512    386
   384    386    385
   386    512    513
   386    513    387
   514    393    390
   514    390    389
   515    516    394
   515    394    393
   515    393    514
   517    398    397
   517    397    395
   517    395    394
   517    394    516
   518    400    399
   518    399    398
   518    398    517
   282    401    519
   282    519    402
   282    402    283
   520    521    403
   520    403    402
   520    402    519
   403    521    522
   403    522    523
   403    523    404
   404    523    524
   404    524    405
   405    524    525
   405    525    526
   405    526    408
   405    408    407
   405    407    406
   408    526    527
   408    527    528
   408    528    529
   408    529    410
   408    410    409
   530    411    410
   530    410    529
   530    529    531
   532    413    412
   532    412    411
   532    411    530
   532    530    533
   534    535    536
   534    536    537
   534    537    414
   534    414    413
   534    413    532
   418    415    414
   418    414    537
   418    537    538
   418    538    420
   538    537    536
   538    536    539
   538    539    540
   538    540    541
   421    420    538
   421    538    541
   421    541    423
   421    423    422
   423    541    540
   423    540    542
   423    542    543
   423    543    424
   307    424    543
   307    543    544
   307    544    425
   307    425    308
   544    545    546
   544    546    427
   544    427    426
   544    426    425
   429    428    547
   429    547    548
   429    548    430
   430    548    431
   440    549    441
   442    441    549
   442    549    550
   442    550    551
   442    551    552
   442    552    443
   444    443    552
   444    552    553
   444    553    554
   444    554    555
   444    555    556
   444    556    557
   444    557    558
   559    446    445
   559    445    444
   559    444    558
   559    558    560
   448    447    561
   448    561    562
   448    562    449
   450    449    562
   450    562    563
   450    563    564
   450    564    565
   450    565    453
   565    564    566
   565    566    567
   454    453    565
   454    565    567
   454    567    568
   454    568    457
   568    567    566
   568    566    569
   568    569    570
   568    570    571
   458    457    568
   458    568    571
   458    571    572
   458    572    461
   462    461    572
   462    572    573
   462    573    574
   462    574    575
   462    575    576
   462    576    577
   467    464    460
   467    460    462
   467    462    577
   467    577    578
   579    580    468
   579    468    467
   579    467    578
   579    578    581
   579    581    582
   579    582    583
   472    469    468
   472    468    580
   472    580    473
   473    580    579
   473    579    474
   475    474    579
   475    579    583
   475    583    584
   475    584    585
   585    584    586
   585    586    587
   477    476    470
   477    470    475
   477    475    585
   477    585    587
   477    587    588
   477    588    589
   589    590    479
   589    479    478
   589    478    477
   590    591    592
   590    592    481
   590    481    346
   590    346    348
   590    348    480
   590    480    479
   592    593    594
   592    594    483
   592    483    482
   592    482    481
   594    595    596
   594    596    485
   594    485    484
   594    484    483
   596    597    598
   596    598    486
   596    486    485
   598    599    600
   598    600    488
   598    488    487
   598    487    486
   489    601    602
   489    602    603
   489    603    491
   489    491    490
   355    491    603
   355    603    604
   355    604    605
   355    605    356
   357    606    607
   357    607    492
   357    492    358
   607    608    609
   607    609    494
   607    494    493
   607    493    492
   361    495    610
   361    610    496
   361    496    363
   361    363    362
   610    611    375
   610    375    374
   610    374    369
   610    369    368
   610    368    366
   610    366    365
   610    365    496
   375    611    612
   375    612    376
   376    612    613
   376    613    497
   376    497    377
   614    615    501
   614    501    500
   614    500    499
   616    617    502
   616    502    501
   616    501    615
   502    617    618
   502    618    504
   502    504    503
   504    618    619
   504    619    620
   504    620    621
   504    621    505
   505    621    622
   505    622    506
   506    622    623
   506    623    624
   506    624    508
   506    508    507
   509    625    511
   509    511    510
   511    625    626
   511    626    627
   511    627    513
   511    513    512
   387    513    627
   387    627    628
   387    628    629
   387    629    515
   387    515    514
   387    514    389
   387    389    388
   629    630    631
   629    631    518
   629    518    517
   629    517    516
   629    516    515
   631    632    633
   631    633    520
   631    520    519
   631    519    401
   631    401    400
   631    400    518
   634    635    636
   634    636    633
   634    633    632
   633    636    637
   633    637    522
   633    522    521
   633    521    520
   637    638    525
   637    525    524
   637    524    523
   637    523    522
   639    638    637
   639    637    636
   639    636    635
   639    635    640
   527    526    525
   527    525    638
   527    638    639
   527    639    641
   642    528    527
   642    527    641
   642    641    643
   644    531    529
   644    529    528
   644    528    642
   644    642    645
   646    647    533
   646    533    530
   646    530    531
   646    531    644
   648    649    534
   648    534    532
   648    532    533
   648    533    647
   648    647    650
   651    535    534
   651    534    649
   652    539    536
   652    536    535
   652    535    651
   540    539    652
   540    652    653
   540    653    654
   540    654    655
   540    655    542
   543    542    655
   543    655    656
   543    656    657
   543    657    545
   543    545    544
   658    546    545
   658    545    657
   658    657    659
   427    546    658
   427    658    547
   427    547    428
   433    660    661
   433    661    434
   434    661    435
   550    662    551
   552    551    662
   552    662    553
   557    556    663
   557    663    664
   557    664    665
   557    665    666
   557    666    667
   560    558    557
   560    557    667
   560    667    668
   560    668    669
   561    447    446
   561    446    559
   561    559    670
   563    562    561
   563    561    670
   563    670    671
   563    671    672
   673    569    566
   673    566    564
   673    564    563
   673    563    672
   673    672    674
   570    569    673
   570    673    675
   572    571    570
   572    570    675
   572    675    676
   572    676    573
   573    676    677
   573    677    678
   573    678    574
   575    574    678
   575    678    679
   680    576    575
   680    575    679
   680    679    681
   680    681    682
   578    577    576
   578    576    680
   578    680    683
   578    683    581
   684    582    581
   684    581    683
   684    683    685
   583    582    684
   583    684    586
   583    586    584
   587    586    684
   587    684    685
   587    685    686
   587    686    687
   587    687    588
   686    688    689
   686    689    690
   686    690    691
   686    691    692
   686    692    687
   588    687    692
   588    692    693
   588    693    591
   588    591    590
   588    590    589
   693    694    695
   693    695    593
   693    593    592
   693    592    591
   695    696    697
   695    697    698
   695    698    595
   695    595    594
   695    594    593
   698    699    597
   698    597    596
   698    596    595
   700    599    598
   700    598    597
   700    597    699
   701    601    489
   701    489    488
   701    488    600
   701    600    702
   703    604    603
   703    603    602
   703    602    704
   356    605    705
   356    705    706
   356    706    707
   356    707    606
   356    606    357
   707    708    608
   707    608    607
   707    607    606
   709    710    711
   709    711    712
   709    712    609
   709    609    608
   709    608    708
   709    708    713
   709    713    714
   712    613    612
   712    612    611
   712    611    610
   712    610    495
   712    495    494
   712    494    609
   711    715    614
   711    614    499
   711    499    498
   711    498    497
   711    497    613
   711    613    712
   716    717    718
   716    718    719
   716    719    720
   716    720    616
   716    616    615
   716    615    614
   716    614    715
   720    721    619
   720    619    618
   720    618    617
   720    617    616
   719    722    723
   719    723    724
   719    724    721
   719    721    720
   724    725    620
   724    620    619
   724    619    721
   723    726    727
   723    727    725
   723    725    724
   620    725    727
   620    727    623
   620    623    622
   620    622    621
   623    727    726
   623    726    728
   623    728    729
   623    729    624
   508    624    729
   508    729    730
   508    730    731
   508    731    626
   508    626    625
   508    625    509
   732    733    628
   732    628    627
   732    627    626
   732    626    731
   732    731    734
   732    734    735
   732    735    736
   628    733    737
   628    737    738
   628    738    739
   628    739    740
   628    740    630
   628    630    629
   739    741    742
   739    742    743
   739    743    740
   740    743    744
   740    744    634
   740    634    632
   740    632    631
   740    631    630
   744    745    640
   744    640    635
   744    635    634
   746    745    744
   746    744    743
   746    743    742
   746    742    747
   643    641    639
   643    639    640
   643    640    745
   643    745    746
   643    746    748
   749    645    642
   749    642    643
   749    643    748
   749    748    750
   749    750    751
   752    753    646
   752    646    644
   752    644    645
   752    645    749
   650    647    646
   650    646    753
   754    653    652
   754    652    651
   754    651    649
   754    649    648
   755    654    653
   755    653    754
   755    754    756
   757    656    655
   757    655    654
   757    654    755
   757    755    758
   659    657    656
   659    656    757
   659    757    759
   659    759    760
   431    548    547
   431    547    658
   431    658    659
   431    659    760
   431    760    432
   435    661    660
   435    660    761
   435    761    762
   435    762    436
   436    762    437
   555    763    663
   555    663    556
   667    666    764
   667    764    765
   667    765    766
   667    766    668
   669    668    766
   669    766    767
   669    767    768
   671    670    559
   671    559    560
   671    560    669
   671    669    768
   671    768    769
   671    769    770
   674    672    671
   674    671    770
   674    770    771
   674    771    772
   674    772    773
   674    773    774
   677    676    675
   677    675    673
   677    673    674
   677    674    774
   677    774    775
   775    774    773
   775    773    776
   775    776    777
   679    678    677
   679    677    775
   679    775    777
   679    777    778
   679    778    681
   778    777    776
   778    776    779
   778    779    780
   778    780    781
   682    681    778
   682    778    781
   682    781    782
   782    781    780
   782    780    783
   782    783    784
   782    784    689
   782    689    688
   685    683    680
   685    680    682
   685    682    782
   685    782    688
   685    688    686
   689    784    785
   689    785    786
   689    786    787
   689    787    690
   690    787    788
   690    788    789
   690    789    790
   690    790    791
   690    791    691
   692    691    791
   692    791    792
   692    792    694
   692    694    693
   792    793    696
   792    696    695
   792    695    694
   697    794    795
   697    795    700
   697    700    699
   697    699    698
   795    702    600
   795    600    599
   795    599    700
   704    602    601
   704    601    701
   704    701    796
   797    798    706
   797    706    705
   706    798    713
   706    713    708
   706    708    707
   799    800    801
   799    801    710
   799    710    709
   801    802    716
   801    716    715
   801    715    711
   801    711    710
   803    717    716
   803    716    802
   803    802    804
   805    806    807
   805    807    808
   805    808    809
   805    809    810
   805    810    718
   805    718    717
   805    717    803
   810    811    722
   810    722    719
   810    719    718
   809    812    813
   809    813    814
   809    814    815
   809    815    811
   809    811    810
   815    816    728
   815    728    726
   815    726    723
   815    723    722
   815    722    811
   817    816    815
   817    815    814
   818    730    729
   818    729    728
   818    728    816
   818    816    817
   818    817    819
   731    730    818
   731    818    820
   731    820    821
   731    821    734
   822    735    734
   822    734    821
   822    821    823
   822    823    824
   822    824    825
   826    827    738
   826    738    737
   826    737    828
   829    830    831
   829    831    741
   829    741    739
   829    739    738
   829    738    827
   747    742    741
   747    741    831
   747    831    832
   833    832    831
   833    831    830
   833    830    834
   833    834    835
   836    750    748
   836    748    746
   836    746    747
   836    747    832
   836    832    833
   751    750    836
   751    836    837
   751    837    838
   839    840    752
   839    752    749
   839    749    751
   839    751    838
   839    838    841
   842    843    844
   845    758    755
   845    755    756
   845    756    846
   847    759    757
   847    757    758
   847    758    845
   847    845    848
   432    760    759
   432    759    847
   432    847    849
   432    849    761
   432    761    660
   432    660    433
   437    762    761
   437    761    849
   437    849    850
   437    850    851
   437    851    438
   438    851    852
   438    852    439
   664    853    665
   665    853    854
   665    854    764
   665    764    666
   766    765    855
   766    855    856
   766    856    767
   768    767    856
   768    856    857
   768    857    858
   768    858    769
   770    769    858
   770    858    859
   770    859    860
   770    860    861
   770    861    771
   772    771    861
   772    861    862
   772    862    863
   772    863    864
   772    864    865
   776    773    772
   776    772    865
   776    865    866
   776    866    779
   866    865    864
   866    864    867
   866    867    868
   866    868    869
   780    779    866
   780    866    869
   780    869    870
   780    870    783
   785    870    869
   785    869    868
   785    868    871
   785    871    786
   783    870    785
   783    785    784
   786    871    872
   786    872    873
   786    873    788
   786    788    787
   788    873    874
   788    874    875
   788    875    789
   791    790    876
   791    876    793
   791    793    792
   876    877    878
   876    878    794
   876    794    697
   876    697    696
   876    696    793
   878    796    701
   878    701    702
   878    702    795
   878    795    794
   879    880    797
   879    797    705
   879    705    605
   879    605    604
   879    604    703
   714    713    798
   714    798    797
   714    797    880
   881    882    883
   881    883    800
   881    800    799
   883    804    802
   883    802    801
   883    801    800
   884    806    805
   884    805    885
   886    887    807
   886    807    806
   886    806    884
   808    888    812
   808    812    809
   889    813    812
   889    812    888
   889    888    890
   891    819    817
   891    817    814
   891    814    813
   891    813    889
   891    889    892
   893    820    818
   893    818    819
   893    819    891
   894    823    821
   894    821    820
   894    820    893
   894    893    895
   736    735    822
   828    737    733
   828    733    732
   834    830    829
   834    829    896
   897    835    834
   897    834    896
   897    896    898
   897    898    899
   900    837    836
   900    836    833
   900    833    835
   900    835    897
   841    838    837
   841    837    900
   841    900    901
   902    844    843
   902    843    840
   902    840    839
   903    848    845
   903    845    846
   903    846    842
   903    842    844
   903    844    902
   903    902    904
   905    850    849
   905    849    847
   905    847    848
   905    848    903
   906    907    852
   906    852    851
   906    851    850
   906    850    905
   906    905    908
   553    662    550
   553    550    549
   553    549    440
   553    440    439
   553    439    852
   553    852    907
   553    907    763
   553    763    555
   553    555    554
   764    854    909
   764    909    855
   764    855    765
   856    855    909
   856    909    910
   856    910    911
   856    911    857
   858    857    911
   858    911    912
   858    912    913
   858    913    859
   859    913    914
   859    914    915
   859    915    860
   861    860    915
   861    915    916
   861    916    917
   861    917    918
   861    918    862
   919    863    862
   919    862    918
   919    918    920
   919    920    921
   919    921    922
   864    863    919
   864    919    923
   864    923    924
   864    924    867
   872    924    923
   872    923    874
   872    874    873
   868    867    924
   868    924    872
   868    872    871
   874    923    919
   874    919    922
   874    922    925
   874    925    926
   874    926    875
   926    925    927
   926    927    928
   926    928    929
   926    929    930
   789    875    926
   789    926    930
   789    930    877
   789    877    876
   789    876    790
   930    929    931
   930    931    932
   930    932    879
   930    879    703
   930    703    704
   930    704    796
   930    796    878
   930    878    877
   932    933    881
   932    881    799
   932    799    709
   932    709    714
   932    714    880
   932    880    879
   934    935    882
   934    882    881
   934    881    933
   936    885    805
   936    805    803
   936    803    804
   936    804    883
   936    883    882
   936    882    935
   937    938    886
   937    886    884
   937    884    885
   937    885    936
   939    940    887
   939    887    886
   939    886    938
   890    888    808
   890    808    807
   890    807    887
   890    887    940
   890    940    941
   942    892    889
   942    889    890
   942    890    941
   942    941    943
   944    895    893
   944    893    891
   944    891    892
   944    892    942
   945    824    823
   945    823    894
   945    894    946
   825    824    945
   898    896    829
   898    829    827
   898    827    826
   898    826    947
   948    899    898
   948    898    947
   948    947    949
   950    901    900
   950    900    897
   950    897    899
   950    899    948
   951    904    902
   951    902    839
   951    839    841
   951    841    901
   951    901    950
   952    908    905
   952    905    903
   952    903    904
   952    904    951
   953    954    906
   953    906    908
   953    908    952
   953    952    955
   663    763    907
   663    907    906
   663    906    954
   663    954    956
   663    956    910
   663    910    909
   663    909    854
   663    854    853
   663    853    664
   911    910    956
   911    956    957
   911    957    912
   912    957    958
   912    958    914
   912    914    913
   915    914    958
   915    958    959
   915    959    960
   915    960    961
   915    961    916
   916    961    962
   916    962    963
   916    963    964
   916    964    965
   916    965    917
   918    917    965
   918    965    966
   918    966    967
   918    967    920
   927    921    920
   927    920    967
   927    967    928
   922    921    927
   922    927    925
   928    967    966
   928    966    968
   928    968    969
   928    969    931
   928    931    929
   968    964    963
   968    963    970
   968    970    971
   968    971    972
   968    972    973
   968    973    974
   968    974    969
   931    969    974
   931    974    975
   931    975    976
   931    976    977
   931    977    978
   931    978    979
   931    979    980
   931    980    934
   931    934    933
   931    933    932
   979    981    982
   979    982    983
   979    983    984
   979    984    985
   979    985    980
   980    985    986
   980    986    987
   980    987    937
   980    937    936
   980    936    935
   980    935    934
   987    988    939
   987    939    938
   987    938    937
   986    989    990
   986    990    991
   986    991    988
   986    988    987
   943    941    940
   943    940    939
   943    939    988
   943    988    991
   992    993    944
   992    944    942
   992    942    943
   992    943    991
   992    991    990
   992    990    994
   995    946    894
   995    894    895
   995    895    944
   995    944    993
   949    947    826
   949    826    828
   949    828    732
   949    732    736
   949    736    822
   949    822    825
   949    825    945
   949    945    946
   949    946    995
   949    995    996
   997    996    995
   997    995    993
   997    993    992
   998    955    952
   998    952    951
   998    951    950
   998    950    948
   998    948    949
   998    949    996
   998    996    997
   999   1000   1001
   999   1001    953
   999    953    955
   999    955    998
   999    998   1002
   999   1002   1003
   999   1003   1004
   999   1004   1005
   958    957    956
   958    956    954
   958    954    953
   958    953   1001
   958   1001   1006
   958   1006   1007
   958   1007    959
   959   1007   1008
   959   1008    960
  1009   1008   1007
  1009   1007   1006
  1009   1006   1010
  1009   1010   1011
   960   1008   1009
   960   1009    962
   960    962    961
   963    962   1009
   963   1009   1011
   963   1011    970
   966    965    964
   966    964    968
   974    973    999
   974    999   1005
   974   1005   1012
   974   1012    975
   976   1013   1014
   976   1014    977
   978   1015    981
   978    981    979
   984    989    986
   984    986    985
  1016    983    982
  1016    982   1017
   994    990    989
   994    989    984
   994    984    983
   994    983   1016
   977   1014   1018
   977   1018   1019
   977   1019   1002
   977   1002    998
   977    998    997
   977    997    992
   977    992    994
   977    994   1016
   977   1016   1017
   977   1017   1015
   977   1015    978
  1003   1002   1019
  1003   1019   1020
   975   1012   1004
   975   1004   1003
   975   1003   1020
   975   1020   1021
   975   1021   1013
   975   1013    976
   971   1010   1006
   971   1006   1001
   971   1001   1000
   971   1000    972
   972   1000    999
   972    999    973
   970   1011   1010
   970   1010    971
  1021   1018   1014
  1021   1014   1013
  1017    982    981
  1017    981   1015
  1020   1019   1018
  1020   1018   1021
  1005   1004   1012
   846    756    754
   846    754    648
   846    648    650
   846    650    753
   846    753    752
   846    752    840
   846    840    843
   846    843    842
