402 800
  -14.300674     5.363346   123.927794
    5.395426     5.363346   129.939894
  -14.300674    24.453046   122.898494
  -31.930574     5.363346   116.520194
  -14.300674   -14.254854   123.571194
   26.454426     5.363346   132.351894
   13.594626    33.383246   125.311694
  -14.300674    43.524846   120.451794
  -38.665574    30.882446   115.851394
  -48.305174     5.363346   109.055394
  -39.500374   -20.757254   110.303794
  -14.300674   -33.670954   121.623994
   14.151726   -24.054854   132.239394
   47.049526     5.363346   129.160394
   37.351726    34.945346   121.880994
   15.098026    56.831246   117.093794
  -14.300674    64.016246   116.078894
  -40.783874    53.103146   115.475394
  -58.134474    31.905946   109.675494
  -65.053174     5.363346   101.671794
  -59.818874   -21.797154    99.935094
  -41.578374   -41.150254   106.260494
  -14.300674   -51.719154   117.859394
   15.567826   -48.752954   128.224894
   39.331826   -26.469254   132.378894
   65.644526     5.363346   119.790494
   56.734926    34.571846   112.623894
   40.010426    60.052446   108.166294
   15.718726    79.877146   107.413694
  -14.300674    87.156246   108.815994
  -42.435374    77.142346   111.092194
  -63.948074    56.587946   109.743894
  -77.931474    32.790346   101.902194
  -83.493074     5.363346    93.593494
  -79.641574   -22.773954    90.790694
  -65.465274   -43.680654    93.710894
  -42.427074   -57.540954   101.372894
  -14.300674   -68.071954   112.000094
   15.693726   -70.491054   120.742294
   43.385526   -55.913654   124.726094
   61.866726   -26.856854   124.572094
   82.151826     5.363346   105.405194
   72.333626    33.554546    98.424694
   58.378926    59.040846    94.313594
   40.714026    82.873946    94.219994
   16.017126   103.120346    95.732094
  -14.300674   112.546146    97.683194
  -43.605874   104.510746   100.903994
  -68.154874    83.376246   103.245094
  -87.294574    58.928946    99.816194
  -99.485774    33.792146    91.187394
 -103.510174     5.363346    83.723194
  -99.624174   -23.823254    81.085194
  -87.734974   -46.105554    82.422594
  -68.049374   -60.285054    86.610994
  -42.749174   -71.903254    94.048394
  -14.300674   -83.711454   103.483494
   15.715126   -90.568654   110.596894
   44.876826   -83.067254   113.075094
   68.815826   -58.877654   112.898394
   82.162726   -26.410054   110.829394
   97.777926     5.363346    87.937294
   86.032826    32.474846    81.146594
   72.143826    56.781546    77.008094
   58.141526    79.945646    77.086794
   40.622126   103.120246    79.433894
   15.793226   124.558246    81.218994
  -14.300674   137.255046    82.351194
  -43.807374   133.102646    84.857794
  -69.994774   112.933746    88.579994
  -92.926874    86.397746    89.594194
 -111.001174    60.413146    84.852894
 -121.203774    34.331246    77.063994
 -122.925474     5.363346    71.257494
 -117.972774   -24.242654    69.379694
 -107.335974   -47.927754    70.205294
  -90.738774   -63.348154    72.324194
  -68.707974   -74.644954    76.231994
  -42.831174   -86.665454    82.999794
  -14.300674  -100.163754    91.314894
   15.951826  -110.175454    97.281494
   45.947426  -108.299054    98.690194
   72.619626   -89.917754    97.555094
   92.334226   -59.397454    96.157494
  101.206926   -25.664854    93.523394
  113.876126     5.363346    68.741094
   99.910126    31.498246    62.445094
   84.367026    54.506046    58.221094
   70.682526    75.717146    57.686594
   57.271126    96.795246    60.001494
   39.555126   118.994346    62.619494
   14.797826   140.964846    63.566794
  -14.300674   156.648246    63.513694
  -42.785774   157.707746    64.646594
  -68.848374   141.549546    67.756194
  -93.334074   114.913346    70.786094
 -115.588174    86.640246    70.387094
 -131.986074    60.155746    65.798594
 -139.302474    33.753446    59.944694
 -138.222474     5.363346    56.031994
 -131.823874   -23.326054    54.952794
 -121.938074   -47.662854    55.626294
 -108.304274   -65.170254    56.724594
  -90.296474   -77.920654    58.279594
  -68.206274   -89.854654    61.571394
  -42.728074  -103.463054    67.379794
  -14.300674  -118.074454    74.376394
   16.223826  -129.402354    79.434294
   46.795726  -130.961854    80.587194
   74.845426  -118.048854    79.176694
   98.185226   -91.730854    77.699194
  114.302826   -58.351254    76.589094
  119.940226   -24.765854    74.017594
  130.703826     5.363346    47.953194
  114.960326    30.512746    42.889594
   97.177426    52.383446    39.138494
   81.753826    71.828046    37.940094
   68.911526    90.086146    39.179494
   55.435226   108.776146    41.553894
   37.247126   129.084746    43.233894
   13.022626   150.065846    43.292794
  -14.300674   167.084546    42.559494
  -40.773674   172.949846    42.637394
  -65.251374   163.126146    44.357894
  -88.966274   140.277646    47.016894
 -112.357774   111.869446    48.645494
 -132.879474    83.826946    47.600094
 -146.221074    57.623846    44.286094
 -150.211874    31.873846    40.687894
 -146.731974     5.363346    38.448894
 -139.356374   -20.966854    37.913894
 -130.220674   -44.575354    38.393894
 -119.262174   -63.767954    38.973394
 -105.416674   -79.179554    39.413594
  -87.977374   -92.942354    40.410894
  -66.891574  -106.963854    42.922094
  -42.266174  -121.737454    47.218994
  -14.300674  -135.875654    52.279394
   15.998926  -146.224054    56.094094
   46.479926  -148.672854    57.280394
   74.827026  -139.823454    56.435994
   99.706926  -119.032154    55.293994
  120.218326   -89.326754    54.811594
  134.197626   -55.954654    54.304894
  138.208726   -23.591154    52.213894
  146.683926     5.363346    24.858094
  130.318626    29.309246    21.986594
  110.819626    50.114346    19.674794
   93.102326    68.261246    18.564094
   78.771826    84.484446    18.745594
   66.254826    99.919846    19.834794
   52.231926   115.947546    21.073994
   33.795326   133.503746    21.679994
   10.722526   151.967146    21.421994
  -14.300674   168.182646    20.795294
  -38.310974   176.866946    20.543494
  -60.531474   173.384246    21.104694
  -82.105674   157.252646    22.361694
 -104.020174   132.644546    23.645394
 -125.203274   105.153446    24.083994
 -142.305374    78.407546    23.283794
 -151.861074    53.283446    21.682694
 -153.122074    29.136046    20.115394
 -148.459374     5.363346    19.169094
 -141.126274   -17.770154    18.942494
 -133.065574   -39.384454    19.151394
 -124.381974   -58.853854    19.391994
 -114.070974   -76.364554    19.468894
 -101.033374   -92.687554    19.573494
  -84.648174  -108.504754    20.138394
  -64.703074  -123.851954    21.518294
  -41.152774  -137.967754    23.714994
  -14.300674  -149.492954    26.227594
   14.691826  -156.761254    28.207194
   43.797426  -157.981654    29.040694
   71.078026  -151.458254    28.878094
   95.721126  -136.180154    28.439994
  117.816326  -112.696254    28.330394
  136.828226   -83.491054    28.543494
  150.226526   -52.173554    28.443394
  154.172526   -21.953954    27.259994
  158.594826     5.363346    -1.080006
  143.232926    27.750346    -1.080006
  123.508226    47.380446    -1.080006
  104.299526    64.499046    -1.080006
   88.111326    79.488746    -1.080006
   74.744026    92.971046    -1.080006
   62.151326   105.859546    -1.080006
   47.685126   119.166846    -1.080006
   29.597526   133.532646    -1.080006
    8.228226   148.580546    -1.080006
  -14.300674   162.379346    -1.080006
  -35.871974   171.540446    -1.080006
  -55.860374   172.457546    -1.080006
  -75.039374   163.307946    -1.080006
  -94.372374   145.267446    -1.080006
 -113.719474   121.750646    -1.080006
 -131.245874    96.408646    -1.080006
 -144.125874    71.616746    -1.080006
 -150.353774    48.243346    -1.080006
 -150.162674    26.248746    -1.080006
 -145.688774     5.363346    -1.080006
 -139.396674   -14.570554    -1.080006
 -132.771674   -33.624754    -1.080006
 -125.984674   -51.954354    -1.080006
 -118.277974   -69.846054    -1.080006
 -108.601274   -87.536054    -1.080006
  -96.128574  -104.909354    -1.080006
  -80.438774  -121.308654    -1.080006
  -61.417974  -135.652154    -1.080006
  -39.192174  -146.846254    -1.080006
  -14.300674  -154.202354    -1.080006
   12.080426  -157.500754    -1.080006
   38.320426  -156.644454    -1.080006
   63.052026  -151.237054    -1.080006
   85.870026  -140.523154    -1.080006
  107.268426  -123.879654    -1.080006
  127.681326  -101.580554    -1.080006
  146.187626   -75.191454    -1.080006
  159.845726   -47.147454    -1.080006
  164.716326   -19.793254    -1.080006
  162.911526     5.363346   -29.155206
  146.374126    30.086546   -25.848506
  123.583326    51.472946   -23.029406
  101.508126    69.756746   -21.515006
   83.214426    85.374446   -21.435306
   67.744626    99.095846   -22.383606
   51.976426   112.064046   -23.553206
   32.970626   125.395546   -24.087206
   10.159126   139.378746   -23.688106
  -14.300674   152.616546   -22.837106
  -37.758774   161.764846   -22.309006
  -59.373274   162.670146   -22.587006
  -80.029174   152.796646   -23.616406
 -100.516574   133.065246   -24.817906
 -119.841774   107.229046   -25.383506
 -135.116874    79.496346   -24.875006
 -143.527374    52.692546   -23.595506
 -144.720974    27.967146   -22.267906
 -140.990174     5.363346   -21.446806
 -135.242774   -15.632754   -21.247806
 -129.085374   -35.816654   -21.417306
 -122.351574   -56.047554   -21.581506
 -113.741774   -76.845754   -21.564106
 -101.819574   -97.834154   -21.549106
  -85.734374  -117.420454   -21.934106
  -65.369174  -133.265554   -23.025406
  -41.196074  -143.545154   -24.794706
  -14.300674  -148.007154   -26.790506
   13.556026  -147.750954   -28.337606
   40.455426  -143.922654   -29.049206
   65.411726  -136.523354   -29.191406
   88.970326  -124.286354   -29.437006
  112.397626  -105.785654   -30.267906
  135.701726   -81.037654   -31.524706
  155.722326   -52.184554   -32.332006
  166.414826   -22.488654   -31.627006
  157.648526     5.363346   -57.143906
  141.304426    32.190946   -50.712406
  116.887826    55.088946   -45.246406
   93.284226    74.244346   -42.725706
   73.607726    90.144346   -43.174806
   55.752026   103.722046   -45.135806
   35.849826   116.299746   -46.458406
   11.943726   128.808746   -45.876006
  -14.300674   140.598346   -44.116506
  -39.776774   148.708146   -42.934706
  -63.192074   148.726946   -43.413306
  -85.177674   137.517746   -45.216406
 -105.870674   115.757146   -46.821006
 -123.223674    87.614146   -46.694206
 -134.162874    58.002046   -44.753406
 -137.608474    30.221746   -42.353506
 -135.586074     5.363346   -40.863806
 -131.083474   -17.177454   -40.665606
 -125.514074   -38.873254   -41.196106
 -118.091074   -61.099154   -41.642206
 -106.896774   -83.984654   -41.783406
  -90.457374  -105.542554   -42.215306
  -68.649674  -122.232454   -43.706006
  -42.608074  -131.377354   -46.378806
  -14.300674  -133.290054   -49.392206
   13.935226  -130.561154   -51.503806
   40.374926  -125.333354   -52.324606
   65.074726  -117.338054   -52.872906
   89.774526  -104.139854   -54.583906
  115.794726   -83.443454   -57.812806
  140.814426   -55.777654   -60.969706
  157.420926   -24.775754   -61.208406
  143.322226     5.363346   -82.233606
  128.188126    34.018046   -74.176306
  103.687326    58.011846   -67.237306
   79.853526    77.424946   -64.622706
   59.057926    92.850146   -65.697106
   38.014326   105.476946   -67.299706
   13.368126   116.689546   -66.598506
  -14.300674   126.666046   -63.941206
  -41.661574   133.042046   -61.931406
  -66.709474   131.330846   -62.166206
  -89.345674   117.941746   -63.741606
 -108.720774    93.605046   -64.266606
 -122.340874    63.336146   -62.501806
 -128.627274    32.866346   -59.771506
 -128.988174     5.363346   -58.223706
 -126.021874   -19.192154   -58.637906
 -120.496274   -42.566354   -60.132006
 -110.724374   -66.031654   -61.438806
  -94.509474   -88.316754   -62.399706
  -71.490774  -105.473054   -63.916806
  -43.683474  -114.086954   -66.447306
  -14.300674  -114.816454   -69.059806
   13.799526  -111.344654   -70.427706
   39.588826  -106.114254   -70.859606
   64.536026   -97.778754   -72.484106
   91.048226   -82.414154   -76.945606
  118.474926   -57.779254   -82.930806
  139.417926   -26.621354   -85.889506
  122.373626     5.363346  -102.450006
  108.850426    35.374046   -94.832206
   85.352726    59.695646   -87.974706
   61.868326    78.270046   -85.739606
   39.330526    92.015946   -86.044406
   14.202626   102.517346   -84.679306
  -14.300674   110.720046   -80.885306
  -42.960374   114.917646   -77.637806
  -68.872974   110.604046   -76.791706
  -90.855074    94.030946   -76.873006
 -107.327174    66.766946   -75.618806
 -116.727174    35.252546   -73.454706
 -119.710974     5.363346   -72.834006
 -117.991074   -21.256554   -74.907506
 -111.183274   -45.817154   -78.398406
  -96.785374   -68.516854   -81.448406
  -73.689174   -86.274354   -83.722006
  -44.598374   -95.392654   -85.680506
  -14.300674   -96.447354   -86.781206
   13.743626   -93.501454   -86.474006
   39.442126   -88.459754   -86.571606
   65.407326   -78.204754   -90.179606
   92.850626   -57.912354   -97.596906
  115.797726   -27.867254  -103.766806
   97.834626     5.363346  -117.319506
   85.759026    35.917846  -111.532406
   63.510726    59.367646  -105.549806
   39.833526    75.647246  -102.640106
   14.386726    86.369446   -99.436706
  -14.300674    93.133246   -93.920406
  -43.319774    94.826846   -88.892506
  -68.819874    86.927646   -86.298706
  -88.586374    66.240646   -84.738106
 -101.184574    36.475646   -83.545006
 -106.563874     5.363346   -84.781406
 -105.154274   -22.694354   -89.673306
  -95.161174   -47.123054   -96.165606
  -74.386474   -66.349354  -101.224706
  -45.279374   -77.128754  -103.594006
  -14.300674   -79.597454  -103.128506
   14.060226   -77.444254  -101.123506
   40.325226   -71.175554  -101.620206
   66.785226   -55.765354  -107.677206
   89.846126   -28.203554  -115.674306
   72.337126     5.363346  -127.381906
   61.148426    35.347146  -123.254106
   39.387526    56.445546  -117.215806
   14.084226    68.928946  -111.093206
  -14.300674    74.888446  -103.216106
  -42.750774    73.742646   -96.171306
  -66.412774    61.130346   -92.289206
  -82.419974    35.965446   -91.411906
  -89.728974     5.363346   -94.850106
  -87.240974   -22.971954  -103.285706
  -72.225674   -45.456454  -112.789006
  -45.393174   -59.222954  -118.036306
  -14.300674   -63.715854  -117.471906
   14.617026   -61.516354  -114.849906
   41.116926   -51.038254  -116.771506
   63.748326   -27.333254  -123.834906
   47.749526     5.363346  -133.293306
   36.518926    33.606346  -129.057506
   13.480626    50.648046  -120.524106
  -14.300674    56.966146  -110.103006
  -41.562174    52.452846  -101.643006
  -61.696274    33.881746   -99.034706
  -70.743874     5.363346  -104.028306
  -65.626174   -22.021354  -115.753406
  -44.460274   -40.602054  -126.112306
  -14.300674   -47.573854  -128.115706
   14.826626   -43.452954  -126.677906
   38.425126   -25.168754  -130.034606
   25.111026     5.363346  -135.357206
   12.119426    30.619746  -128.421506
  -14.300674    39.700946  -116.229106
  -39.705174    30.573146  -108.455206
  -51.406974     5.363346  -112.932906
  -41.717674   -19.848454  -126.326006
  -14.300674   -30.430554  -133.417806
   13.385926   -21.542254  -134.401406
    4.616326     5.363346  -133.704506
  -14.300674    22.705746  -122.562906
  -32.662074     5.363346  -121.452206
  -14.300674   -12.520254  -133.133206
  -14.300674     5.363346  -128.759506
     1      2      3
     1      3      4
     1      4      5
     1      5      2
     2      6      7
     7      3      2
     3      7      8
     3      8      9
     9      4      3
     4      9     10
     4     10     11
    11      5      4
     5     11     12
     5     12     13
    13      2      5
     2     13      6
     6     14     15
    15      7      6
     7     15     16
    16      8      7
     8     16     17
     8     17     18
    18      9      8
     9     18     19
    19     10      9
    10     19     20
    10     20     21
    21     11     10
    11     21     22
    22     12     11
    12     22     23
    12     23     24
    24     13     12
    13     24     25
    25      6     13
     6     25     14
    14     26     27
    27     15     14
    15     27     28
    28     16     15
    16     28     29
    29     17     16
    17     29     30
    17     30     31
    31     18     17
    18     31     32
    32     19     18
    19     32     33
    33     20     19
    20     33     34
    20     34     35
    35     21     20
    21     35     36
    36     22     21
    22     36     37
    37     23     22
    23     37     38
    23     38     39
    39     24     23
    24     39     40
    40     25     24
    25     40     41
    41     14     25
    14     41     26
    26     42     43
    43     27     26
    27     43     44
    44     28     27
    28     44     45
    45     29     28
    29     45     46
    46     30     29
    30     46     47
    30     47     48
    48     31     30
    31     48     49
    49     32     31
    32     49     50
    50     33     32
    33     50     51
    51     34     33
    34     51     52
    34     52     53
    53     35     34
    35     53     54
    54     36     35
    36     54     55
    55     37     36
    37     55     56
    56     38     37
    38     56     57
    38     57     58
    58     39     38
    39     58     59
    59     40     39
    40     59     60
    60     41     40
    41     60     61
    61     26     41
    26     61     42
    42     62     63
    63     43     42
    43     63     64
    64     44     43
    44     64     65
    65     45     44
    45     65     66
    66     46     45
    46     66     67
    67     47     46
    47     67     68
    47     68     69
    69     48     47
    48     69     70
    70     49     48
    49     70     71
    71     50     49
    50     71     72
    72     51     50
    51     72     73
    73     52     51
    52     73     74
    52     74     75
    75     53     52
    53     75     76
    76     54     53
    54     76     77
    77     55     54
    55     77     78
    78     56     55
    56     78     79
    79     57     56
    57     79     80
    57     80     81
    81     58     57
    58     81     82
    82     59     58
    59     82     83
    83     60     59
    60     83     84
    84     61     60
    61     84     85
    85     42     61
    42     85     62
    62     86     87
    87     63     62
    63     87     88
    88     64     63
    64     88     89
    89     65     64
    65     89     90
    90     66     65
    66     90     91
    91     67     66
    67     91     92
    92     68     67
    68     92     93
    68     93     94
    94     69     68
    69     94     95
    95     70     69
    70     95     96
    96     71     70
    71     96     97
    97     72     71
    72     97     98
    98     73     72
    73     98     99
    99     74     73
    74     99    100
    74    100    101
   101     75     74
    75    101    102
   102     76     75
    76    102    103
   103     77     76
    77    103    104
   104     78     77
    78    104    105
   105     79     78
    79    105    106
   106     80     79
    80    106    107
    80    107    108
   108     81     80
    81    108    109
   109     82     81
    82    109    110
   110     83     82
    83    110    111
   111     84     83
    84    111    112
   112     85     84
    85    112    113
   113     62     85
    62    113     86
    86    114    115
   115     87     86
    87    115    116
   116     88     87
    88    116    117
   117     89     88
    89    117    118
   118     90     89
    90    118    119
   119     91     90
    91    119    120
   120     92     91
    92    120    121
   121     93     92
    93    121    122
    93    122    123
   123     94     93
    94    123    124
   124     95     94
    95    124    125
   125     96     95
    96    125    126
   126     97     96
    97    126    127
   127     98     97
    98    127    128
   128     99     98
    99    128    129
   129    100     99
   100    129    130
   100    130    131
   131    101    100
   101    131    132
   132    102    101
   102    132    133
   133    103    102
   103    133    134
   134    104    103
   104    134    135
   135    105    104
   105    135    136
   136    106    105
   106    136    137
   137    107    106
   107    137    138
   107    138    139
   139    108    107
   108    139    140
   140    109    108
   109    140    141
   141    110    109
   110    141    142
   142    111    110
   111    142    143
   143    112    111
   112    143    144
   144    113    112
   113    144    145
   145     86    113
    86    145    114
   114    146    147
   147    115    114
   115    147    148
   148    116    115
   116    148    149
   149    117    116
   117    149    150
   150    118    117
   118    150    151
   151    119    118
   119    151    152
   152    120    119
   120    152    153
   153    121    120
   121    153    154
   154    122    121
   122    154    155
   122    155    156
   156    123    122
   123    156    157
   157    124    123
   124    157    158
   158    125    124
   125    158    159
   159    126    125
   126    159    160
   160    127    126
   127    160    161
   161    128    127
   128    161    162
   162    129    128
   129    162    163
   163    130    129
   130    163    164
   130    164    165
   165    131    130
   131    165    166
   166    132    131
   132    166    167
   167    133    132
   133    167    168
   168    134    133
   134    168    169
   169    135    134
   135    169    170
   170    136    135
   136    170    171
   171    137    136
   137    171    172
   172    138    137
   138    172    173
   138    173    174
   174    139    138
   139    174    175
   175    140    139
   140    175    176
   176    141    140
   141    176    177
   177    142    141
   142    177    178
   178    143    142
   143    178    179
   179    144    143
   144    179    180
   180    145    144
   145    180    181
   181    114    145
   114    181    146
   146    182    183
   183    147    146
   147    183    184
   184    148    147
   148    184    185
   185    149    148
   149    185    186
   186    150    149
   150    186    187
   187    151    150
   151    187    188
   188    152    151
   152    188    189
   189    153    152
   153    189    190
   190    154    153
   154    190    191
   191    155    154
   155    191    192
   155    192    193
   193    156    155
   156    193    194
   194    157    156
   157    194    195
   195    158    157
   158    195    196
   196    159    158
   159    196    197
   197    160    159
   160    197    198
   198    161    160
   161    198    199
   199    162    161
   162    199    200
   200    163    162
   163    200    201
   201    164    163
   164    201    202
   164    202    203
   203    165    164
   165    203    204
   204    166    165
   166    204    205
   205    167    166
   167    205    206
   206    168    167
   168    206    207
   207    169    168
   169    207    208
   208    170    169
   170    208    209
   209    171    170
   171    209    210
   210    172    171
   172    210    211
   211    173    172
   173    211    212
   173    212    213
   213    174    173
   174    213    214
   214    175    174
   175    214    215
   215    176    175
   176    215    216
   216    177    176
   177    216    217
   217    178    177
   178    217    218
   218    179    178
   179    218    219
   219    180    179
   180    219    220
   220    181    180
   181    220    221
   221    146    181
   146    221    182
   222    183    182
   223    183    222
   223    184    183
   224    184    223
   224    185    184
   225    185    224
   225    186    185
   226    186    225
   226    187    186
   227    187    226
   227    188    187
   228    188    227
   228    189    188
   229    189    228
   229    190    189
   230    190    229
   230    191    190
   231    191    230
   231    192    191
   231    193    192
   232    193    231
   232    194    193
   233    194    232
   233    195    194
   234    195    233
   234    196    195
   235    196    234
   235    197    196
   236    197    235
   236    198    197
   237    198    236
   237    199    198
   238    199    237
   238    200    199
   239    200    238
   239    201    200
   240    201    239
   240    202    201
   240    203    202
   241    203    240
   241    204    203
   242    204    241
   242    205    204
   243    205    242
   243    206    205
   244    206    243
   244    207    206
   245    207    244
   245    208    207
   246    208    245
   246    209    208
   247    209    246
   247    210    209
   248    210    247
   248    211    210
   249    211    248
   249    212    211
   249    213    212
   250    213    249
   250    214    213
   251    214    250
   251    215    214
   252    215    251
   252    216    215
   253    216    252
   253    217    216
   254    217    253
   254    218    217
   255    218    254
   255    219    218
   256    219    255
   256    220    219
   257    220    256
   257    221    220
   222    221    257
   222    182    221
   258    223    222
   259    223    258
   259    224    223
   260    224    259
   260    225    224
   261    225    260
   261    226    225
   262    226    261
   262    227    226
   263    227    262
   263    228    227
   264    228    263
   264    229    228
   265    229    264
   265    230    229
   266    230    265
   266    231    230
   266    232    231
   267    232    266
   267    233    232
   268    233    267
   268    234    233
   269    234    268
   269    235    234
   270    235    269
   270    236    235
   271    236    270
   271    237    236
   272    237    271
   272    238    237
   273    238    272
   273    239    238
   274    239    273
   274    240    239
   274    241    240
   275    241    274
   275    242    241
   276    242    275
   276    243    242
   277    243    276
   277    244    243
   278    244    277
   278    245    244
   279    245    278
   279    246    245
   280    246    279
   280    247    246
   281    247    280
   281    248    247
   282    248    281
   282    249    248
   282    250    249
   283    250    282
   283    251    250
   284    251    283
   284    252    251
   285    252    284
   285    253    252
   286    253    285
   286    254    253
   287    254    286
   287    255    254
   288    255    287
   288    256    255
   289    256    288
   289    257    256
   258    257    289
   258    222    257
   290    259    258
   291    259    290
   291    260    259
   292    260    291
   292    261    260
   293    261    292
   293    262    261
   294    262    293
   294    263    262
   295    263    294
   295    264    263
   296    264    295
   296    265    264
   297    265    296
   297    266    265
   297    267    266
   298    267    297
   298    268    267
   299    268    298
   299    269    268
   300    269    299
   300    270    269
   301    270    300
   301    271    270
   302    271    301
   302    272    271
   303    272    302
   303    273    272
   304    273    303
   304    274    273
   304    275    274
   305    275    304
   305    276    275
   306    276    305
   306    277    276
   307    277    306
   307    278    277
   308    278    307
   308    279    278
   309    279    308
   309    280    279
   310    280    309
   310    281    280
   311    281    310
   311    282    281
   311    283    282
   312    283    311
   312    284    283
   313    284    312
   313    285    284
   314    285    313
   314    286    285
   315    286    314
   315    287    286
   316    287    315
   316    288    287
   317    288    316
   317    289    288
   290    289    317
   290    258    289
   318    291    290
   319    291    318
   319    292    291
   320    292    319
   320    293    292
   321    293    320
   321    294    293
   322    294    321
   322    295    294
   323    295    322
   323    296    295
   324    296    323
   324    297    296
   324    298    297
   325    298    324
   325    299    298
   326    299    325
   326    300    299
   327    300    326
   327    301    300
   328    301    327
   328    302    301
   329    302    328
   329    303    302
   330    303    329
   330    304    303
   330    305    304
   331    305    330
   331    306    305
   332    306    331
   332    307    306
   333    307    332
   333    308    307
   334    308    333
   334    309    308
   335    309    334
   335    310    309
   336    310    335
   336    311    310
   336    312    311
   337    312    336
   337    313    312
   338    313    337
   338    314    313
   339    314    338
   339    315    314
   340    315    339
   340    316    315
   341    316    340
   341    317    316
   318    317    341
   318    290    317
   342    319    318
   343    319    342
   343    320    319
   344    320    343
   344    321    320
   345    321    344
   345    322    321
   346    322    345
   346    323    322
   347    323    346
   347    324    323
   347    325    324
   348    325    347
   348    326    325
   349    326    348
   349    327    326
   350    327    349
   350    328    327
   351    328    350
   351    329    328
   352    329    351
   352    330    329
   352    331    330
   353    331    352
   353    332    331
   354    332    353
   354    333    332
   355    333    354
   355    334    333
   356    334    355
   356    335    334
   357    335    356
   357    336    335
   357    337    336
   358    337    357
   358    338    337
   359    338    358
   359    339    338
   360    339    359
   360    340    339
   361    340    360
   361    341    340
   342    341    361
   342    318    341
   362    343    342
   363    343    362
   363    344    343
   364    344    363
   364    345    344
   365    345    364
   365    346    345
   366    346    365
   366    347    346
   366    348    347
   367    348    366
   367    349    348
   368    349    367
   368    350    349
   369    350    368
   369    351    350
   370    351    369
   370    352    351
   370    353    352
   371    353    370
   371    354    353
   372    354    371
   372    355    354
   373    355    372
   373    356    355
   374    356    373
   374    357    356
   374    358    357
   375    358    374
   375    359    358
   376    359    375
   376    360    359
   377    360    376
   377    361    360
   362    361    377
   362    342    361
   378    363    362
   379    363    378
   379    364    363
   380    364    379
   380    365    364
   381    365    380
   381    366    365
   381    367    366
   382    367    381
   382    368    367
   383    368    382
   383    369    368
   384    369    383
   384    370    369
   384    371    370
   385    371    384
   385    372    371
   386    372    385
   386    373    372
   387    373    386
   387    374    373
   387    375    374
   388    375    387
   388    376    375
   389    376    388
   389    377    376
   378    377    389
   378    362    377
   390    379    378
   391    379    390
   391    380    379
   392    380    391
   392    381    380
   392    382    381
   393    382    392
   393    383    382
   394    383    393
   394    384    383
   394    385    384
   395    385    394
   395    386    385
   396    386    395
   396    387    386
   396    388    387
   397    388    396
   397    389    388
   390    389    397
   390    378    389
   398    391    390
   399    391    398
   399    392    391
   399    393    392
   400    393    399
   400    394    393
   400    395    394
   401    395    400
   401    396    395
   401    397    396
   398    397    401
   398    390    397
   402    399    398
   402    400    399
   402    401    400
   402    398    401
