1022 2040
    3.738434    17.618347    12.069276
    2.479869    17.373489    12.217335
    1.538979    17.128632    12.334131
    0.993395    16.930909    12.407329
    0.851264    16.852097    12.429094
    0.641168    16.622246    12.472451
    0.641168    16.255081    12.508599
   17.874911    16.255081    10.811232
   17.378819    16.751174    10.811232
   17.333521    16.762125    10.814628
   16.708259    16.858336    10.866719
   13.773850    17.247370    11.117399
   12.783919    17.348917    11.204910
    6.027514    17.954701    11.810694
   -7.118304    15.593498    11.809516
  -18.696617     4.015185    11.809516
  -18.910110     2.404913    11.947107
  -13.209001     2.404913    12.508599
  -24.627403    -2.820448    10.869318
  -26.631007    -6.434705    10.316041
  -26.284879    -9.045410    10.092983
  -16.313441   -19.016848    10.092983
  -13.209001   -15.620173    10.733286
   21.302015    15.395706    10.389030
   -5.030586   -14.535903    10.034585
   23.724459    14.219142    10.034585
   23.654589    14.283016    10.047755
   26.402608    12.936456     9.383364
   26.353359    13.055332     9.383364
   25.111673    13.731576     9.675044
   24.077449    14.150693     9.936087
   19.106893    16.655518    10.542842
   14.824121    17.167518    11.009683
   -6.046441    16.327794    11.721450
   -6.982584    16.174155    11.650436
   -7.874746    15.804599    11.650436
  -13.604412    14.977767    10.844330
  -19.977328     8.604817    10.844330
  -12.621447    15.541893    10.913195
  -20.498616     8.393577    10.712769
  -24.511369    -1.294117    10.712769
  -27.613487    -7.279385     9.911861
  -27.416943    -9.864894     9.646625
  -26.877182   -11.167994     9.646625
  -26.837013   -11.893832     9.533883
  -25.817449   -13.670358     9.409427
  -20.385805   -19.102002     9.409427
  -19.005384   -19.894211     9.506122
  -16.383207   -19.162515    10.057563
  -18.233658   -20.545050     9.405684
  -18.073158   -20.672417     9.387176
  -16.810781   -21.195335     9.387176
  -16.383207   -21.227844     9.431053
  -16.224821   -21.412015     9.355291
  -15.541091   -21.793841     9.153548
  -15.043093   -22.005739     9.026700
  -13.951614   -22.385762     8.774287
    3.241198   -21.078884     7.010447
    9.349813   -18.548620     7.010447
   27.546663    12.016325     9.043960
   27.264063    12.263747     9.131090
   21.013905   -17.903049     5.198813
   23.068213   -16.724024     5.054879
   32.203150    -7.589122     5.054879
   32.337899    -5.154202     5.433065
   30.774901     9.404962     7.736563
   28.620293    11.257423     8.622902
   34.497810     0.060311     5.433065
   34.728076     3.089543     5.743842
   34.522105     3.681152     5.880671
   34.091343     4.693612     6.138560
   33.184521     6.317469     6.617669
   31.640930     8.369386     7.343751
   30.600606     9.648468     7.794823
   28.645247    11.242659     8.611673
   26.644970    12.869289     9.290481
   26.373079    13.050445     9.375670
   24.164128    14.131076     9.907633
   25.051819    13.791430     9.675044
   19.098228    16.664356    10.540554
   14.628893    17.219817    11.009683
   -5.356092    16.486665    11.735417
   -5.554369    16.459632    11.721450
  -12.290569    15.880153    10.826100
  -15.550830    14.537232    10.205205
  -20.974434     9.113594    10.205205
  -21.132508     8.415204    10.434536
  -25.557134     4.087204     9.295437
  -25.673584     1.984998     9.621914
  -27.761199    -5.806185     9.621914
  -27.864271    -7.279385     9.777805
  -28.073500    -7.474717     9.637995
  -28.017043    -8.281551     9.552633
  -27.517069   -10.147425     9.552633
  -27.453784   -11.290544     9.375081
  -25.814434   -13.683701     9.405025
  -20.399634   -19.098501     9.405025
  -20.397208   -19.099403     9.405684
  -17.894081   -20.832675     9.349919
  -17.159785   -21.248430     9.301641
  -16.987536   -21.257961     9.328397
  -16.478898   -21.394271     9.328397
  -13.244491   -22.733345     8.487217
    1.674040   -21.689590     6.908449
    3.547781   -21.187537     6.908449
   18.617593   -20.352838     4.568110
   25.494122   -16.175010     4.258269
   32.024246    -9.644886     4.258269
   32.487344    -7.598827     4.930145
   34.740727    -4.433874     4.522257
   34.923200    -1.139855     5.033807
   33.764346    -6.349724     4.601381
   34.445546    -5.146543     4.522257
   35.040829    -0.700845     5.033807
   35.219767     1.857146     5.304519
   35.053583     2.427336     5.475001
   33.241256     6.474573     6.545443
   33.927377     5.517913     6.138560
   33.617848     6.043880     6.306719
   32.681462     7.238016     6.804995
   27.941762    12.295494     8.611673
   25.817480    13.606045     9.375670
   19.090292    16.854454    10.403205
   20.602759    16.510718     9.907633
   19.026937    16.912714    10.373053
   14.638910    17.223456    11.005073
   12.267760    17.695114    11.005073
    6.739698    18.108478    11.568228
   -4.338192    16.689136    11.735417
  -12.286271    15.982913    10.751863
  -15.899835    15.563311     9.269340
  -17.223036    14.679155     9.269340
  -12.371321    16.043807    10.664387
  -12.472280    16.065815    10.597878
  -13.508653    16.106746    10.052849
  -21.294984    12.889980     8.091736
  -20.235078    13.949885     8.091736
  -23.850271    11.759303     6.754187
  -29.074730     3.940324     6.754187
  -30.839472     3.149605     5.619663
  -30.864980     2.789268     5.671545
  -32.277114    -4.309903     5.671545
  -32.340364    -5.156108     5.757774
  -30.961364    -6.696129     7.140899
  -29.969422    -7.474717     8.082067
  -29.498006    -9.844619     8.082067
  -28.785788   -10.410408     8.574208
  -28.232441   -11.012033     8.860689
  -27.627108   -11.283300     9.249862
  -26.092563   -13.579901     9.249862
  -25.815993   -13.702278     9.394628
  -20.426251   -19.092055     9.394628
  -16.853965   -21.529679     9.156043
  -16.851123   -21.533283     9.153548
  -12.990761   -22.960562     8.259307
  -12.350492   -23.210237     7.949916
    0.933056   -22.216909     6.596667
    2.352467   -21.934551     6.596667
   18.465619   -20.793546     4.275875
   18.604527   -20.665798     4.342002
   21.459085   -20.017038     3.406691
   27.015809   -16.304145     3.406691
   32.029895    -9.711394     4.221046
   27.576572   -16.168390     3.187446
   29.666855   -14.078107     3.187446
   31.959297   -10.002971     4.107056
   33.500531    -7.510449     4.221046
   34.961670    -4.001517     4.445455
   35.170068    -1.058791     4.869321
   35.304713     1.639391     5.199263
   35.209196    -0.862073     4.869321
   35.372712     1.324490     5.092067
   34.712862     4.266974     5.535132
   35.033966     2.667515     5.452577
   34.816073     4.043015     5.452577
   34.334537     4.978707     5.801374
   34.640635     4.436069     5.578558
   31.076493     9.434421     7.369016
   30.620916     9.876932     7.636124
   32.317243     7.952834     6.804995
   32.172686     8.159429     6.850639
   28.554928    12.233283     8.087196
   28.500550    12.258999     8.121299
   29.994302    10.629146     7.749906
   25.724181    15.035368     8.121299
   23.996176    16.812379     7.550173
   25.538034    15.428873     7.874362
   20.064488    19.130953     7.184186
   19.804243    19.196006     7.262617
   18.850667    18.686986     8.417589
   23.825383    17.055331     7.369155
   23.518973    17.370786     7.184186
   16.049518    18.926576     8.774669
    7.575748    18.335556    11.130188
   15.894008    18.951183     8.774669
   13.594011    19.139167     8.989513
   -3.320534    16.899474    11.675529
   -4.439739    16.722200    11.675529
  -16.542148    15.990261     8.393744
  -17.633662    15.717435     8.064807
  -13.801407    16.135373     9.846427
  -17.935947    15.669052     7.923854
  -20.161742    15.073388     7.105756
  -21.655841    15.148630     5.632278
  -24.422090    13.916371     4.192037
  -26.769777    11.568650     4.192037
  -20.767492    15.245256     6.375654
  -29.762896    10.152774     2.313618
  -31.332133     8.403940     1.945933
  -30.866297     3.163815     5.586322
  -32.381122     7.666560     1.164330
  -34.461978     3.582655     1.164330
  -34.596970     3.042547     1.327083
  -34.470538     2.805730     1.613911
  -34.496289     2.505039     1.652243
  -34.645976    -0.775116     2.102898
  -34.310246    -2.011118     2.750480
  -33.751319    -3.745708     3.766335
  -33.732846    -3.787228     3.796869
  -33.015152    -4.852991     4.877049
  -32.746970    -5.156108     5.262340
  -34.695225     1.248797     1.652243
  -34.786791     0.128621     1.756909
  -31.418743    -8.100672     6.312507
  -32.583142    -6.190402     5.262340
  -32.446105    -6.487731     5.371963
  -31.506254    -8.005605     6.224199
  -30.501454    -9.315498     7.072172
  -29.806912    -9.813912     7.741623
  -28.929757   -11.197626     7.941391
  -28.289003   -11.648074     8.418871
  -29.270478   -10.866678     7.741623
  -26.676374   -13.445255     8.796711
  -26.439626   -13.557269     8.945289
  -21.217905   -18.778956     8.945289
  -20.423582   -19.132813     9.358861
  -18.471896   -20.884038     8.948512
  -18.273445   -21.166361     8.738174
  -16.813692   -21.910152     8.738174
  -16.574172   -22.243907     8.416480
  -16.333231   -22.425826     8.265822
  -16.278298   -22.476392     8.214806
  -13.467340   -22.921606     8.214806
  -11.652934   -23.679989     7.242897
  -10.349661   -24.033949     6.560033
   -7.832671   -24.370026     5.664787
    3.659206   -23.430903     4.591261
    4.333266   -23.324157     4.591261
   18.333157   -22.126729     2.806556
   18.896104   -22.427212     2.124733
   21.125954   -21.869880     1.452752
   24.271637   -20.267059     1.452752
   27.524308   -16.969090     2.484758
   24.674291   -20.159308     1.304763
   26.583244   -18.446414     1.706101
   27.131115   -17.800219     1.963158
   29.287872   -15.205492     2.484758
   29.588043   -14.711098     2.667128
   29.875669   -14.065388     3.003309
   33.127717    -9.089598     3.594952
   33.512938    -7.650085     4.124039
   32.597071    -9.957292     3.549828
   34.115257    -6.467942     4.124039
   35.064985    -3.767196     4.381720
   35.291786    -1.115664     4.719738
   34.969052    -3.991779     4.439356
   35.310986    -0.994396     4.719738
   35.470932     0.962835     4.902558
   35.136554     3.070204     5.161417
   35.264233     2.100478     5.161417
   35.090701     3.546403     5.109707
   35.077497     3.578947     5.123778
   33.624017     6.179635     6.192210
   34.134838     5.460763     5.801374
   33.531515     6.319029     6.224858
   28.531257    12.483582     7.814785
   28.524880    12.488191     7.819360
   29.058368    11.848893     7.749906
   25.590367    15.422704     7.819360
   24.877352    16.248150     7.369155
   25.439467    15.630582     7.670366
   22.139626    18.608313     6.371738
   21.357260    19.189768     6.093920
   23.437388    17.474205     7.090229
   21.282261    19.257108     6.027377
   20.720284    19.489904     6.027377
   20.561482    19.532845     6.069244
   19.784280    19.309892     7.068880
   21.296297    19.247161     6.035002
   17.968002    19.479646     7.275163
   18.112906    19.470808     7.250452
   16.634577    19.596685     7.384613
   -2.252449    17.092518    11.577412
   -3.456254    16.934063    11.577412
  -18.159386    15.935086     7.266048
  -18.968959    15.716083     7.052695
  -19.724811    15.553364     6.714746
  -25.969216    14.003362     2.130902
  -26.383931    13.685169     2.130902
  -22.014411    15.182699     5.132131
  -24.987013    14.470689     2.594173
  -28.640191    12.516368     0.835739
  -29.597128    11.559431     0.835739
  -30.241590    11.091654     0.373923
  -32.853473     7.687771     0.373923
  -32.917174     7.553887     0.437070
  -34.196360     5.832676    -0.174086
  -34.515247     4.753570     0.176859
  -34.714183     4.273316     0.176859
  -34.951623     3.395676     0.408131
  -34.954951     3.298287     0.476060
  -34.867925     2.995031     0.866099
  -34.942612     2.219597     0.950352
  -34.950445     2.159951     0.950352
  -35.007942     1.505161     1.004107
  -34.877560     0.638819     1.461382
  -33.115209    -5.245768     4.593098
  -33.132122    -5.218978     4.568040
  -30.836318    -9.034596     6.671320
  -30.504712    -9.387032     7.011868
  -31.420684    -8.212201     6.224199
  -29.595637   -10.610176     7.446165
  -26.608271   -14.023071     8.189645
  -26.954711   -13.771593     7.941391
  -21.937124   -18.694218     8.189645
  -18.185414   -21.585166     8.169994
  -21.917196   -18.721667     8.169994
  -18.158243   -21.619650     8.138663
  -17.275335   -22.275792     7.825183
  -17.118612   -22.423296     7.673728
  -16.222534   -22.794447     7.673728
  -16.206522   -22.808310     7.653904
  -15.753821   -23.063288     7.333180
  -15.145160   -23.264442     7.149910
  -14.903942   -23.287662     7.176111
  -12.466284   -23.608594     7.176111
    5.580879   -23.920549     3.201863
   -7.559429   -24.411165     5.520541
   -4.361378   -24.611626     4.357806
   -2.740188   -24.650893     3.885073
    6.303668   -23.876499     3.078655
   18.853891   -22.667946     1.715181
   21.548987   -21.889115     1.095984
   18.931732   -22.690265     1.615089
   20.766899   -22.193792     1.131405
   20.996022   -22.118169     1.095984
   22.548450   -21.593761     0.770963
   23.550338   -21.054381     0.814909
   23.904576   -20.819228     0.897984
   24.528139   -20.355783     1.119378
   24.671103   -20.174592     1.284003
   25.804137   -19.305166     1.284003
   25.886795   -19.236509     1.292460
   26.493654   -18.569831     1.617654
   29.019031   -15.724493     2.186840
   28.279399   -16.651936     1.963158
   31.859864   -11.292207     3.235828
   31.286173   -12.498022     2.667128
   34.121738    -6.610281     4.004019
   33.561633    -8.505718     3.387629
   34.522105    -5.643709     4.004019
   35.127023    -3.657088     4.303705
   35.363562    -1.200714     4.570570
   35.371672    -1.138920     4.570570
   35.531376     0.680443     4.719945
   35.498416     0.899377     4.835495
   35.325785     2.516234     4.804060
   35.456792     1.353671     4.804060
   35.152496     3.421288     4.970452
   35.263886     3.119384     4.750271
   34.629094     4.681689     5.331414
   34.775211     4.442758     5.123778
   34.314920     5.229907     5.570102
   32.839918     7.419692     6.224858
   28.355888    12.714161     7.670366
   24.810254    16.326684     7.306806
   21.741581    18.967368     6.035002
   21.000631    19.476769     5.745297
   20.558362    19.542376     6.041310
   20.997789    19.479334     5.740029
   20.968157    19.497460     5.714279
   20.818158    19.549932     5.714279
   19.399335    19.661322     6.144694
   17.820463    19.833883     6.162231
   18.073535    19.810697     6.144694
    2.742229    17.892456    10.795567
   -3.162044    17.227199    10.795567
  -20.986668    15.494169     5.445022
  -19.312695    15.968738     5.814266
  -21.236343    15.427522     5.344341
  -25.859246    14.249398     1.584001
  -26.533480    13.959867     1.169390
  -26.830532    13.811635     1.050652
  -25.488304    14.388203     1.875508
  -27.463280    13.511256     0.624395
  -28.481770    12.946957     0.124248
  -28.546372    12.922073     0.020448
  -29.436766    12.244928    -0.537092
  -30.792892    10.888767    -0.537092
  -31.055633    10.664427    -0.745628
  -32.222805     9.268029    -0.965914
  -32.688987     8.426641    -0.552792
  -33.744734     6.746395    -0.552792
  -34.201940     5.830250    -0.186598
  -34.437890     5.418619    -0.365848
  -34.699453     4.587281    -0.139082
  -34.962229     3.759826    -0.050219
  -34.848031     4.162654    -0.139082
  -35.022117     2.643844     0.534424
  -35.039342     2.490725     0.534424
  -35.091433     1.922684     0.573760
  -34.337972    -2.198305     2.589598
  -34.594301    -1.233813     2.102898
  -34.355994    -2.151379     2.547628
  -33.813183    -3.620385     3.626872
  -33.039066    -5.484976     4.568040
  -32.919635    -5.727477     4.682862
  -32.445377    -6.502842     5.356714
  -31.590438    -7.994515     6.006167
  -29.537794   -10.870040     7.120208
  -30.016453   -10.339394     6.671320
  -27.182656   -13.687722     7.564729
  -27.016159   -13.906690     7.427623
  -22.058773   -18.864041     7.427623
  -21.789447   -19.068869     7.596268
  -18.720219   -21.494536     7.433792
  -19.216069   -21.219803     7.190286
  -17.341358   -22.360947     7.433792
  -17.091405   -22.485680     7.533676
  -16.529429   -22.793164     7.328987
  -16.585886   -22.775385     7.313564
  -15.772848   -23.057916     7.328987
  -13.193890   -23.716345     6.550676
  -15.009267   -23.314591     7.050788
  -13.975944   -23.589601     6.623769
  -13.649433   -23.669592     6.510022
  -10.485000   -24.021577     6.550676
    6.884914   -23.962554     2.579062
   -2.531583   -24.650893     3.807578
    0.061481   -24.588093     3.051414
   18.915062   -22.741143     1.465437
    7.903715   -23.876880     2.430172
   18.893608   -22.749080     1.449772
   20.429262   -22.311906     1.131405
   22.516079   -21.612338     0.756858
   21.987201   -21.806318     0.825653
   24.554133   -20.349996     1.086835
   24.330867   -20.551358     0.897984
   27.859796   -17.203723     1.617654
   30.532677   -13.913587     1.901155
   31.265517   -12.590905     2.550608
   33.621209    -8.479759     3.253919
   32.743049   -10.239441     2.550608
   33.842638    -8.093394     3.085725
   34.506128    -5.984742     3.660837
   35.189441    -3.701242     4.045158
   35.187570    -3.637264     4.125668
   34.695533    -5.443456     3.660837
   35.414371    -1.427169     4.322836
   35.457000    -1.048844     4.322836
   35.589081     0.391951     4.422581
   35.624120     0.391951     4.066576
   35.496475     1.688050     4.066576
   35.456792     2.065751     4.091946
   35.343703     3.044246     4.117142
   35.349561     3.017490     4.091946
   35.061727     3.967287     4.139080
   35.030639     4.041351     4.234805
   35.095033     3.863972     4.117142
   34.914293     4.294561     4.449233
   34.152063     5.691757     4.623250
   34.096091     5.775040     4.752143
   34.405447     5.246577     4.449233
   32.922716     7.348055     5.975113
   28.026292    13.241930     6.593374
   28.878320    12.276155     5.975113
   25.159848    16.108375     6.593374
   24.171406    16.980400     5.960592
   21.720231    18.992010     5.960592
   21.147546    19.419237     5.515343
   20.892152    19.590828     5.119966
   20.893573    19.567434     5.374805
   20.837254    19.578490     5.441591
   20.753313    19.667699     4.734155
   20.464232    19.810697     3.753963
   20.338944    19.868818     3.289062
   20.218473    19.908294     3.008507
   20.182221    19.915780     2.969101
   19.229755    20.009564     2.969101
   17.820463    20.009564     4.378427
   -2.190515    18.038677     4.378427
   -3.581507    17.892456     4.471830
  -19.153373    16.137938     4.471830
  -21.548506    15.614224     2.218967
  -23.870684    14.909803     2.218967
  -27.632895    13.454833     0.238584
  -27.720406    13.408045     0.238584
  -28.519373    12.953265    -0.073787
  -29.527743    12.188089    -0.722789
  -28.572192    12.917775    -0.155544
  -29.110636    12.516126    -0.574176
  -29.434894    12.264337    -0.722789
  -30.634991    11.211293    -1.431576
  -30.845745    11.000539    -1.431576
  -32.477609     9.047570    -1.734694
  -31.308046    10.476513    -1.767064
  -32.446556     9.089194    -1.767064
  -33.144738     7.985897    -1.734694
  -33.492460     7.374949    -1.495866
  -34.428949     5.622927    -1.495866
  -34.514658     5.436363    -1.337896
  -34.590281     5.256212    -1.104961
  -34.700008     4.915872    -1.032699
  -34.969645     3.974392    -0.855286
  -35.026103     3.699694    -0.556778
  -34.928403     4.163035    -1.032699
  -35.039342     3.573471    -0.548321
  -35.094310     3.015376    -0.548321
  -35.094310     1.922684     0.544370
  -34.877560     0.179568     1.002166
  -35.058300     1.556801     0.544370
  -34.986940     0.877889     0.589980
  -34.958174     0.682072     0.686017
  -34.767174    -0.443060     1.359141
  -33.883261    -3.620247     2.849220
  -33.751596    -3.933935     3.254855
  -34.285673    -2.383170     2.547628
  -33.908665    -3.552352     2.795882
  -32.469118    -6.570286     4.682862
  -31.427789    -8.399804     5.398095
  -30.233965   -10.151202     6.015039
  -30.825921    -9.357677     5.398095
  -26.675473   -14.452169     6.314344
  -27.087970   -13.984635     6.015039
  -23.052344   -18.075298     6.314344
  -22.399529   -18.651242     6.732283
  -19.921737   -20.684721     6.732283
  -19.422907   -21.072126     6.960921
  -19.199988   -21.238380     7.134210
  -17.754722   -22.143504     7.154207
  -17.447688   -22.318283     7.274262
  -17.890892   -22.060949     7.134210
  -16.577257   -22.783495     7.274262
  -16.166284   -22.936509     7.203144
  -15.878901   -23.037052     7.203144
  -16.552649   -22.794828     7.253398
  -15.161242   -23.268497     7.050788
  -11.963988   -23.952815     5.681908
  -11.353767   -24.021577     5.681908
  -13.166580   -23.755196     6.233210
   -8.951114   -24.274093     5.520541
    5.298452   -24.225157     1.499332
    8.834555   -23.876880     1.499332
    1.114178   -24.522105     2.668687
   12.445658   -23.497342     1.256831
   18.870700   -22.773410     1.256831
   20.549802   -22.288235     0.988441
   19.156037   -22.711025     0.988441
   21.316502   -22.040986     0.825653
   23.590610   -21.038196     0.754466
   22.570388   -21.587384     0.710867
   23.479151   -21.101655     0.710867
   24.326743   -20.556106     0.883601
   24.160628   -20.680042     0.754466
   25.993160   -19.188508     0.883601
   26.064694   -19.125431     0.929419
   27.649146   -17.540979     0.929419
   30.802246   -13.680339     1.087736
   27.684740   -17.500602     0.903564
   30.625560   -13.917226     0.903564
   31.632751   -12.358629     1.087736
   32.513511   -10.811261     1.692688
   33.550819    -8.780035     2.238237
   33.888906    -8.044110     2.861350
   32.983332    -9.932338     1.692688
   33.991944    -7.749623     2.861350
   34.633010    -5.761580     3.283448
   35.189580    -3.772637     3.802830
   35.209300    -3.682527     3.887603
   34.694320    -5.559456     3.283448
   35.014315    -4.431240     3.530662
   35.457000    -1.483626     3.888054
   35.456272    -1.490385     3.887603
   35.624120     0.213429     3.888054
   35.496475     1.389508     3.768034
   35.604296     0.213429     3.686622
   35.452286     1.781626     3.768034
   35.322909     3.042582     3.880533
   35.170414     3.480484     3.662189
   35.248394     3.244498     3.733237
   35.061762     3.748146     3.546258
   34.939489     4.097532     3.546258
   34.727557     4.444075     3.245116
   33.972259     5.439101     2.385290
   33.410317     6.333447     2.385290
   34.700108     4.474227     3.189040
   34.224741     5.083824     2.578473
   30.344970     9.927706     1.182490
   32.576900     7.257424     1.603722
   29.601075    10.562915     0.592025
   21.540704    18.623320     0.592025
   20.916031    19.098375     0.200877
   20.828208    19.171815     0.214740
   20.306573    19.774757     2.033964
   20.750402    19.214894     0.176547
   20.079669    19.636334     0.176547
   20.183954    19.770702     1.497807
   20.225231    19.807405     1.911934
   20.224504    19.810628     1.944131
   20.134116    19.735524     1.090959
   20.068994    19.638101     0.161228
   19.072408    19.489280    -2.156306
   19.229755    19.735524     0.186598
   19.364678    19.523349    -1.561439
   18.941783    19.443220    -2.493111
   18.752031    19.383193    -2.912990
   18.720978    19.374251    -2.972740
   17.973755    19.224772    -3.742976
    5.035156    18.038677    -2.847279
   -0.754572    17.386313    -2.847279
  -21.626763    15.244390    -0.985287
  -21.889574    15.252049    -0.654478
  -24.448222    14.526696    -0.090041
  -26.504852    13.807060    -0.090041
  -27.637228    13.450743     0.218795
  -28.555279    12.924568    -0.180914
  -28.947917    12.618401    -0.574176
  -30.626361    11.217844    -1.437017
  -30.631907    11.213234    -1.437884
  -29.621596    12.095900    -0.880725
  -31.436037    10.271546    -2.185315
  -31.506531    10.173915    -2.285580
  -32.110028     9.380355    -2.782469
  -32.666009     8.348591    -3.392793
  -33.588254     6.880798    -3.392793
  -32.145795     9.287507    -2.931740
  -33.754854     6.547043    -3.526191
  -33.883954     6.321767    -3.428110
  -34.091312     5.982744    -3.133483
  -34.668122     4.655349    -2.264473
  -34.298947     5.389333    -3.133483
  -34.558326     4.864093    -2.549014
  -34.816770     4.268152    -1.918380
  -34.868410     3.942992    -1.785086
  -34.969645     3.531223    -1.298455
  -34.837703     4.082351    -1.918380
  -34.846056     4.035321    -1.891139
  -35.072822     3.015376    -0.766735
  -35.058300     2.856955    -0.755749
  -35.052755     2.807810    -0.755749
  -34.413734    -1.731603     1.774619
  -34.605669    -1.012765     1.484811
  -33.983041    -3.100414     2.147919
  -32.707806    -5.975662     3.790631
  -32.253096    -6.699317     3.790631
  -30.738133    -9.433612     5.133275
  -27.591583   -13.306174     5.461935
  -27.144601   -13.893936     5.829966
  -29.469864   -10.950966     4.893893
  -23.110569   -17.965710     6.035245
  -22.976616   -18.122606     6.159805
  -23.493711   -17.544826     5.829966
  -20.053333   -20.566018     6.620962
  -18.630178   -21.570228     6.960921
  -16.671318   -22.726795     7.201758
  -15.027982   -23.294663     6.892679
  -14.826101   -23.348591     6.811303
   -8.150691   -24.274093     4.720153
  -10.941825   -23.987681     4.969135
   -6.850052   -24.383474     4.530090
    9.181723   -23.706641     0.118079
   11.464980   -23.497342     0.276154
   13.491528   -23.268982     0.276154
   19.180333   -22.685205     0.783648
   21.038963   -22.095537     0.496404
   19.248470   -22.660044     0.733914
   19.269507   -22.653112     0.727572
   22.617488   -21.543195     0.496577
   21.120928   -22.064761     0.480150
   22.557253   -21.562153     0.480150
   23.184975   -21.219734     0.269465
   23.068698   -21.284613     0.300137
   23.400686   -21.072022     0.189197
   24.322688   -20.492682     0.189197
   23.281047   -21.151458     0.217235
   25.426158   -19.542642    -0.273554
   24.742186   -20.114322    -0.165630
   25.862778   -19.031335    -0.679363
   28.169187   -16.724960    -0.679363
   28.355265   -16.480241    -0.832585
   29.645367   -14.936755    -0.589114
   30.349788   -14.155810     0.071499
   31.739359   -12.093046     0.689240
   30.931970   -13.229268     0.071499
   31.761817   -12.052808     0.699846
   32.885146   -10.092838     1.553156
   34.023310    -7.590058     2.672014
   33.616808    -8.591496     2.238237
   35.456272    -1.259078     3.656297
   35.358156    -2.130064     3.656297
   35.580243     0.093166     3.562686
   35.430625     1.635232     3.642191
   35.565964     0.093166     3.515586
   35.329112     2.406299     3.642191
   34.704405     4.382558     3.096815
   34.303241     4.894246     2.578473
   34.409016     4.723452     2.674371
   32.643512     6.958189     1.228447
   33.021629     6.449412     1.409083
   30.622268     8.552726    -0.608245
   28.874716    10.830196    -0.608245
   25.985848    12.927202    -2.678461
   21.557201    17.355883    -2.678461
   20.982505    17.653559    -3.008334
   18.799270    19.328815    -3.008334
   18.834205    19.379346    -2.830297
   18.679492    19.317412    -3.175419
   17.909014    18.889596    -4.823850
   17.973755    19.114213    -4.107472
   18.412696    19.179197    -3.730187
   17.323401    18.397247    -6.229363
   16.750126    18.148854    -6.835321
    2.526484    16.900479    -5.667490
   17.648422    18.639297    -5.552219
   17.396529    18.444416    -6.101129
   -1.406694    16.382692    -5.667490
  -20.408090    14.552897    -3.603166
  -21.729004    14.931880    -1.904205
  -25.756971    13.842134    -0.842636
  -28.358838    12.764380    -0.842636
  -28.961954    12.586169    -0.646507
  -31.550651    10.046236    -2.501637
  -31.554636    10.043151    -2.501637
  -32.087639     9.308890    -3.027846
  -32.559020     8.116107    -4.049906
  -32.782633     7.824669    -4.049906
  -32.142191     8.920757    -3.587986
  -33.274739     6.833316    -4.454224
  -33.397809     6.702552    -4.327827
  -33.217866     6.909841    -4.481361
  -33.586313     6.247426    -4.327827
  -33.857025     5.935020    -3.940699
  -33.904264     5.888856    -3.863724
  -34.199133     5.421980    -3.427035
  -34.543216     4.761991    -2.636733
  -34.199271     5.420941    -3.427035
  -34.451823     4.930775    -2.849289
  -35.016018     2.946060    -0.928206
  -34.874198     3.440350    -1.563934
  -34.828831     3.904453    -1.891139
  -34.621161    -0.682441     1.152442
  -34.746414    -0.100675     0.892335
  -33.923742    -3.126234     2.014833
  -33.917746    -3.062949     1.926559
  -32.278881    -6.583526     3.645414
  -30.596521    -8.776014     3.645414
  -23.866491   -17.031266     5.461935
  -19.950572   -20.588892     6.492069
  -20.347196   -20.086146     6.035245
  -14.636592   -23.357463     6.620615
  -14.884326   -23.254876     6.620615
   -6.491448   -24.330378     4.221878
  -10.717796   -23.923391     4.681025
   -5.482454   -24.391895     4.049871
    9.595191   -23.594349    -0.098567
   13.421068   -23.258550     0.215572
   13.733301   -23.217446     0.215572
   15.211665   -23.048801     0.295354
   22.423196   -21.568426     0.345227
   21.314943   -21.981859     0.430346
   22.732795   -21.423730     0.300137
   24.424270   -20.311317    -0.174260
   24.688744   -20.126245    -0.232658
   25.438843   -19.356009    -0.680818
   25.863089   -19.030468    -0.680818
   25.371745   -19.423072    -0.644948
   26.090133   -18.717716    -0.904951
   26.536734   -18.190952    -1.114457
   27.035980   -17.625925    -1.286464
   27.951016   -16.710889    -1.286464
   28.179827   -16.544809    -1.122532
   29.663286   -14.856245    -0.690072
   29.050674   -15.409869    -1.122532
   29.436069   -15.035530    -0.896529
   30.648885   -13.530132    -0.219176
   32.886706   -10.059636     1.519780
   31.977354   -11.532386     0.699846
   32.003451   -11.486152     0.718838
   33.323048    -9.112992     1.868785
   35.332024    -1.953552     3.504565
   35.037467    -4.190888     3.504565
   35.497861    -0.064042     3.349402
   34.988010     1.067710     2.674371
   35.080512    -0.064042     2.568630
   33.014593     6.294526     1.278458
   31.500532     7.078521    -0.415131
   31.046930     7.404027    -0.852340
   30.442359     8.590538    -0.852340
   26.140560    11.614433    -4.057669
   23.247013    12.800562    -6.091148
   18.048235    17.999341    -6.091148
   25.708620    11.636094    -4.546310
   17.619032    18.190548    -6.314621
   17.564065    18.452041    -5.959864
   17.102873    18.044118    -6.936695
   17.136214    18.116033    -6.801633
   16.837152    17.827264    -7.389811
   16.687638    17.747482    -7.570864
   16.750126    18.017675    -7.080767
   15.679476    16.557783    -9.548335
   14.806376    15.969847   -10.433219
    3.757184    15.066872    -9.401074
   -5.464224    13.606357    -9.401074
  -18.591188    12.483582    -7.727621
  -20.584395    13.547543    -5.313495
  -24.432522    12.585719    -4.153845
  -31.710319     8.877504    -4.153845
  -31.778214     8.963664    -3.970401
  -31.730352     8.477900    -4.605921
  -32.621370     7.586882    -4.605921
  -32.892498     6.978221    -4.922798
  -32.864772     6.880451    -5.040634
  -33.048008     6.520876    -5.040634
  -33.255608     6.413333    -4.808392
  -33.336083     6.325891    -4.727224
  -33.409523     6.278445    -4.628553
  -33.824932     5.809004    -4.031814
  -34.065388     5.451890    -3.669917
  -34.586157     4.403526    -2.468088
  -34.056481     5.395814    -3.669917
  -34.629791     2.462410    -1.269239
  -32.239856    -3.415661    -0.349801
  -32.023453    -2.652808    -1.269239
  -30.864322    -6.503501     1.257837
  -21.769276   -17.278411     3.258529
  -21.858000   -15.509822     1.257837
  -20.582488   -18.966767     4.516573
  -12.389413   -23.141337     4.516573
  -10.784617   -23.542467     4.032958
   -4.267490   -24.082297     3.171399
  -10.465314   -23.372020     3.646246
   -6.740672   -23.690594     3.171399
    9.660625   -23.550265    -0.164867
   15.879001   -22.943094     0.295354
   23.266872   -21.150799     0.205278
   24.383235   -20.332216    -0.174260
   25.630431   -19.130213    -0.808290
   27.190692   -17.386024    -1.387942
   27.962383   -16.614298    -1.387942
   27.989347   -16.553820    -1.419446
   28.956231   -15.476273    -1.192888
   30.638661   -13.305238    -0.408824
   30.132657   -13.668382    -0.896529
   34.460969    -1.928459     1.868785
   34.548826    -0.853651     1.768381
   28.917553    -0.853651    -5.093349
   28.566955    -0.932844    -5.505257
   28.365142    -0.932844    -5.732127
   25.667515     1.184576    -8.291677
   24.420042     7.455979    -8.291677
   25.382420     7.966801    -7.095428
   22.265676     7.920255    -9.983950
   20.171304     8.858685   -11.330406
   17.276959    13.190394   -11.330406
   16.052256    13.732304   -11.971472
   15.882432    16.333408    -9.688769
   15.678991    13.617032   -12.306128
   14.528802    14.385569   -12.306128
   15.286387    15.812848   -10.531924
   15.643987    16.312197    -9.854399
   14.517330    14.377355   -12.317912
   14.806376    15.656541   -10.815010
   14.369445    14.162788   -12.550812
   13.077401    13.005806   -13.711226
   12.373016    12.659574   -13.997187
   10.292749    11.935261   -14.478273
    6.909348    11.054744   -14.898221
    3.219086    10.778763   -14.522288
  -10.313270     8.087029   -14.522288
  -18.336661     7.518848   -13.366692
  -19.034774     8.018683   -12.648582
  -21.499708     7.458474   -11.840916
  -31.655872     8.361345    -4.785241
  -25.647314     4.687131   -11.840916
  -26.920192     4.894280   -10.870358
  -28.154669     5.131305    -9.895953
  -31.018272     6.015669    -7.328709
  -31.163523     6.080722    -7.179923
  -31.765495     6.682694    -6.258441
  -32.482080     6.635905    -5.629540
  -32.084624     6.308285    -6.195156
  -32.471232     6.513459    -5.714590
  -32.782737     6.482510    -5.371270
  -32.653740     6.308285    -5.555268
  -32.731755     6.325891    -5.463633
  -32.896276     5.563488    -5.116015
  -29.787399     5.254618    -8.542427
  -30.026850     5.490915    -8.326023
  -29.750662     5.274130    -8.588106
  -30.398035    -1.614009    -3.770668
  -22.276216    -2.144308   -10.898292
  -29.226150     5.208627    -9.029230
  -24.831434     4.261636   -12.481289
  -23.323957     3.586155   -13.450425
  -20.918808    -0.013407   -13.450425
  -21.264416    -1.132542   -12.447116
  -21.445676   -14.864632     0.264924
  -12.332609   -14.054471    -6.066055
  -15.454794    -5.014392   -12.447116
  -13.192816   -10.062547    -9.201688
  -11.256414   -15.409141    -5.129982
    5.579319   -19.678777    -4.094649
    3.894151   -18.422778    -5.129982
    5.260467   -19.272553    -4.480044
    9.660625   -23.333445    -0.429099
   15.692577   -22.882374     0.185419
   19.614387   -22.102295     0.185419
   25.843820   -18.653946    -1.114457
   27.287388   -17.167506    -1.502347
   27.894870   -16.559989    -1.502347
   28.116784   -15.643497    -1.860640
   28.870800   -14.515039    -1.860640
   29.038509   -13.777069    -2.102448
   28.031179   -12.370135    -3.549724
   26.968847    -8.666773    -5.572424
   27.047347    -7.557930    -5.732127
   24.358281     1.184576    -9.366139
   21.770104     3.601335   -11.095703
   21.668002     3.716989   -11.160617
   21.109249     4.717595   -11.455833
   18.634784     8.006900   -12.619747
   18.386599     8.933200   -12.619747
   16.742432     9.904104   -13.359518
   15.500780    11.118653   -13.679167
   15.174616    11.505399   -13.729525
   15.157841    11.579498   -13.705195
   15.298483    13.236558   -12.777821
   14.016906    12.720434   -13.705195
   13.989595    12.831061   -13.662185
   14.199032    13.143224   -13.393136
   14.188878    13.386314   -13.217525
   13.706926    12.846727   -13.706096
   13.125818    13.002444   -13.706096
   -4.680853     7.298771   -16.088649
   -7.570415     7.096577   -15.782863
    1.042609     8.928521   -15.685474
  -13.335987     5.551705   -15.782863
  -18.430584     5.269521   -14.991694
  -19.228268     4.454022   -15.201651
  -20.618775     4.139329   -14.745034
  -25.294220     4.536161   -12.128437
  -21.353729     3.404375   -14.745034
  -21.802860     3.426833   -14.501771
  -22.327025     3.544531   -14.170650
  -24.818853     4.296467   -12.497300
  -25.175586     4.456587   -12.230678
  -28.812890     5.208627    -9.368392
  -20.911114     3.136019   -15.020044
  -20.553029     2.971568   -15.204493
  -19.909676     2.591649   -15.493990
  -19.662912     2.417251   -15.590754
  -19.519325     2.276783   -15.627699
  -19.601949     1.303452   -15.083017
  -19.317790     2.227049   -15.706026
  -19.066278     2.097082   -15.768757
  -18.549703     1.815764   -15.890094
  -18.159837     1.425898   -15.890094
  -17.900319     1.367153   -15.975283
  -17.503002     1.139105   -16.003148
  -16.598952     0.214885   -15.765187
  -15.602678    -1.472224   -15.006111
   -6.252482    -7.556440   -12.391352
  -12.305333    -2.355721   -15.006111
   -6.915486    -6.410340   -13.098926
   10.720080   -18.890589    -3.902298
   25.074763   -15.804518    -3.346872
   25.910779   -17.050640    -2.272756
   23.512769   -15.462791    -3.902298
   24.540963   -15.405849    -3.742629
   27.891369   -12.987876    -3.346872
   24.183606    -4.937383    -8.337425
   23.639409    -3.671575    -8.982824
   23.735134    -1.942912    -9.251283
   24.282381     0.099335    -9.251283
   16.669026     9.696989   -13.428418
   16.270011     9.866362   -13.570757
   15.899692    10.155581   -13.679167
   14.764440    11.671618   -13.833048
   14.006959    12.429100   -13.833048
   13.388628    12.463307   -13.929085
   13.036574    12.609147   -13.929085
   -8.784860     5.731613   -16.338531
  -12.950280     5.415014   -15.911200
  -16.247903     4.049080   -15.911200
  -19.208860     3.885218   -15.451291
  -19.730738     3.363340   -15.451291
  -20.091560     3.217119   -15.360210
  -20.950243     3.246439   -14.983306
  -20.234836     2.871234   -15.360210
  -19.440374     2.322739   -15.670121
  -18.212170     1.678970   -15.975283
  -17.041463     1.113562   -16.074820
  -15.668216     0.544758   -16.074820
  -14.738243     0.474056   -16.170233
   -2.891401    -6.104450   -12.686116
   11.740372    -0.043767   -12.686116
   18.924385     0.353828   -11.570308
   20.081367    -0.113533   -11.160617
   14.525128    10.813907   -14.013442
   12.121781    10.813907   -14.408576
   11.108629    11.827093   -14.408576
  -11.311624     4.322218   -16.448570
  -15.321569     3.790602   -16.106012
  -17.554295     1.686941   -16.084767
  -18.209952     1.686941   -15.976981
  -17.382011     1.730159   -16.106012
  -16.994121     1.126767   -16.084767
  -14.738243     0.827704   -16.277499
  -13.913456     1.730159   -16.447600
  -13.891414     1.742463   -16.448570
   -0.854837     3.470779   -15.334806
    4.602904     8.928521   -15.334806
     1      2      3
     1      3      4
     1      4      5
     1      5      6
     1      6      7
     1      7      8
     1      8      9
     1      9     10
     1     10     11
     1     11     12
     1     12     13
     1     13     14
     6     15     16
     6     16     17
     6     17     18
     6     18      7
    18     17     19
    18     19     20
    18     20     21
    18     21     22
    18     22     23
    24      8      7
    24      7     18
    24     18     23
    24     23     25
    24     25     26
    24     26     27
    27     26     28
    27     28     29
    27     29     30
    27     30     31
    32      9      8
    32      8     24
    33     12     11
     5     34     35
     5     35     36
     5     36     15
     5     15      6
    37     38     16
    37     16     15
    37     15     36
    37     36     39
    16     38     40
    16     40     41
    16     41     19
    16     19     17
    20     42     43
    20     43     44
    20     44     21
    22     21     44
    22     44     45
    22     45     46
    22     46     47
    22     47     48
    22     48     49
    49     48     50
    49     50     51
    49     51     52
    49     52     53
    25     23     22
    25     22     49
    25     49     53
    25     53     54
    25     54     55
    25     55     56
    25     56     57
    25     57     58
    25     58     59
    60     61     28
    60     28     26
    60     26     25
    60     25     59
    60     59     62
    60     62     63
    60     63     64
    60     64     65
    66     67     60
    66     60     65
    66     65     68
    66     68     69
    66     69     70
    66     70     71
    66     71     72
    66     72     73
    74     75     67
    74     67     66
    29     28     61
    29     61     76
    29     76     77
    78     31     30
    78     30     79
    10      9     32
    10     32     80
    81     13     12
    81     12     33
     4     82     83
     4     83     34
     4     34      5
    39     36     35
    39     35     84
    85     86     87
    85     87     40
    85     40     38
    85     38     37
    88     89     41
    88     41     40
    88     40     87
    19     41     89
    19     89     90
    19     90     91
    19     91     42
    19     42     20
    91     92     93
    91     93     94
    91     94     43
    91     43     42
    44     43     94
    44     94     95
    44     95     45
    46     96     97
    46     97     98
    46     98     47
    51     99    100
    51    100    101
    51    101     52
    53     52    101
    53    101    102
    53    102     54
    57    103    104
    57    104    105
    57    105     58
    59     58    105
    59    105    106
    59    106     62
    64     63    107
    64    107    108
    64    108    109
   110    111     68
   110     68     65
   110     65     64
   110     64    109
   110    109    112
   110    112    113
    69     68    111
    69    111    114
    69    114    115
    69    115    116
   117     72     71
   117     71    118
   117    118    119
    73     72    117
    73    117    120
   121     76     61
   121     61     60
   121     60     67
   121     67     75
    79     30     29
    79     29     77
    79     77    122
   123     80     32
   123     32     24
   123     24     27
   123     27     31
   123     31     78
   123     78    124
   125    126     81
   125     81     33
   125     33     11
   125     11     10
   125     10     80
   125     80    123
    14     13     81
    14     81    126
    14    126    127
    14    127    128
     3    129     82
     3     82      4
    84     35     34
    84     34     83
    84     83    130
   131    132     85
   131     85     37
   131     37     39
   131     39     84
   131     84    130
   131    130    133
   131    133    134
   131    134    135
   136     86     85
   136     85    132
   136    132    137
   138    139     88
   138     88     87
   138     87     86
   138     86    136
   140    141     90
   140     90     89
   140     89     88
   140     88    139
    90    141    142
    90    142    143
    90    143    144
    90    144    145
    90    145     92
    90     92     91
   145    146    147
   145    147     93
   145     93     92
    94     93    147
    94    147    148
    94    148    149
    94    149     95
    45     95    149
    45    149    150
    45    150    151
    45    151     96
    45     96     46
   151    152     97
   151     97     96
    47     98     50
    47     50     48
   101    100    153
   101    153    102
    54    102    153
    54    153    154
    54    154     55
   104    103    155
   104    155    156
   104    156    157
   104    157    158
   106    105    104
   106    104    158
   106    158    159
   106    159    160
   107     63     62
   107     62    106
   107    106    160
   107    160    161
   107    161    162
   163    108    107
   163    107    162
   163    162    164
   163    164    165
   163    165    166
   167    112    109
   167    109    108
   167    108    163
   114    111    110
   114    110    168
   114    168    169
   170    115    114
   170    114    169
   170    169    171
   170    171    172
   173     70     69
   173     69    116
   173    116    174
   173    174    175
   176    118     71
   176     71     70
   176     70    173
   176    173    177
   178    179     74
   178     74     66
   178     66     73
   178     73    120
   178    120    180
   178    180    181
   182    183    121
   182    121     75
   182     75     74
   182     74    179
   182    179    184
   122     77     76
   122     76    121
   122    121    183
   122    183    185
   186    124     78
   186     78     79
   186     79    122
   186    122    185
   186    185    187
   188    189    190
   188    190    125
   188    125    123
   188    123    124
   188    124    186
   188    186    191
   188    191    192
   190    193    127
   190    127    126
   190    126    125
   194    128    127
   194    127    193
   194    193    195
   194    195    196
   197    198    129
   197    129      3
   197      3      2
   130     83     82
   130     82    129
   130    129    198
   130    198    133
   199    200    131
   199    131    135
   199    135    201
   202    203    137
   202    137    132
   202    132    131
   202    131    200
   204    205    206
   204    206    138
   204    138    136
   204    136    137
   204    137    203
   204    203    207
   206    208    209
   206    209    210
   206    210    140
   206    140    139
   206    139    138
   209    211    212
   209    212    213
   209    213    214
   209    214    210
   210    214    215
   210    215    142
   210    142    141
   210    141    140
   216    217    218
   216    218    219
   216    219    220
   216    220    221
   216    221    143
   216    143    142
   216    142    215
   216    215    222
   216    222    223
   224    144    143
   224    143    221
   224    221    225
   224    225    226
   224    226    227
   228    229    146
   228    146    145
   228    145    144
   228    144    224
   230    231    148
   230    148    147
   230    147    146
   230    146    229
   230    229    232
   149    148    231
   149    231    233
   149    233    234
   149    234    150
   150    234    235
   150    235    236
   150    236    152
   150    152    151
    50     98     97
    50     97    152
    50    152    236
    50    236    237
    50    237     99
    50     99     51
   153    100     99
   153     99    237
   153    237    238
   153    238    239
   153    239    154
    55    154    239
    55    239    240
    55    240    241
    55    241     56
    56    241    242
    56    242    243
    56    243    155
    56    155    103
    56    103     57
   157    156    244
   157    244    245
   157    245    246
   157    246    247
   157    247    248
   159    158    157
   159    157    248
   159    248    249
   161    160    159
   161    159    249
   161    249    250
   161    250    251
   161    251    252
   253    164    162
   253    162    161
   253    161    252
   253    252    254
   253    254    255
   253    255    256
   165    164    253
   165    253    257
   165    257    258
   165    258    259
   260    261    167
   260    167    163
   260    163    166
   260    166    262
   113    112    167
   113    167    261
   113    261    263
   264    265    171
   264    171    169
   264    169    168
   264    168    266
   172    171    265
   172    265    267
   172    267    268
   269    174    116
   269    116    115
   269    115    170
   269    170    270
   175    174    269
   175    269    271
   175    271    272
   273    119    118
   273    118    176
   273    176    274
   275    180    120
   275    120    117
   275    117    119
   275    119    273
   276    277    182
   276    182    184
   276    184    278
   187    185    183
   187    183    182
   187    182    277
   187    277    279
   280    191    186
   280    186    187
   280    187    279
   280    279    281
   282    283    188
   282    188    192
   282    192    284
   285    286    287
   285    287    288
   285    288    189
   285    189    188
   285    188    283
   285    283    289
   290    195    193
   290    193    190
   290    190    189
   290    189    288
   290    288    291
   196    195    290
   196    290    292
   293    294    197
   293    197      2
   293      2      1
   134    133    198
   134    198    197
   134    197    294
   295    296    202
   295    202    200
   295    200    199
   207    203    202
   207    202    296
   207    296    297
   298    299    205
   298    205    204
   298    204    300
   298    300    301
   302    303    208
   302    208    206
   302    206    205
   302    205    299
   304    305    306
   304    306    211
   304    211    209
   304    209    208
   304    208    303
   306    307    308
   306    308    212
   306    212    211
   212    308    309
   212    309    310
   212    310    311
   212    311    312
   212    312    213
   213    312    313
   213    313    222
   213    222    215
   213    215    214
   223    222    313
   223    313    314
   223    314    315
   223    315    316
   317    220    219
   317    219    318
   221    220    317
   221    317    225
   319    320    228
   319    228    224
   319    224    227
   319    227    321
   232    229    228
   232    228    320
   232    320    322
   323    233    231
   323    231    230
   323    230    324
   235    234    233
   235    233    323
   235    323    325
   326    238    237
   326    237    236
   326    236    235
   326    235    325
   326    325    327
   239    238    326
   239    326    328
   239    328    329
   239    329    240
   240    329    330
   240    330    331
   240    331    242
   240    242    241
   242    331    332
   242    332    333
   242    333    334
   242    334    335
   242    335    243
   243    335    336
   243    336    244
   243    244    156
   243    156    155
   337    247    246
   337    246    338
   337    338    339
   337    339    340
   249    248    247
   249    247    337
   249    337    341
   249    341    342
   249    342    250
   343    251    250
   343    250    342
   343    342    344
   343    344    345
   343    345    346
   252    251    343
   252    343    347
   252    347    348
   252    348    349
   252    349    350
   252    350    351
   252    351    254
   255    254    351
   255    351    352
   255    352    353
   255    353    354
   355    257    253
   355    253    256
   355    256    356
   357    259    258
   357    258    358
   359    263    261
   359    261    260
   359    260    360
   266    168    110
   266    110    113
   266    113    263
   266    263    359
   266    359    361
   362    363    267
   362    267    265
   362    265    264
   268    267    363
   268    363    364
   268    364    365
   268    365    366
   367    270    170
   367    170    172
   367    172    268
   367    268    366
   367    366    368
   369    271    269
   369    269    270
   369    270    367
   369    367    370
   371    177    173
   371    173    175
   371    175    272
   371    272    372
   373    274    176
   373    176    177
   373    177    371
   181    180    275
   181    275    374
   278    184    179
   278    179    178
   281    279    277
   281    277    276
   281    276    375
   284    192    191
   284    191    280
   284    280    376
   377    289    283
   377    283    282
   378    286    285
   379    287    286
   379    286    378
   379    378    380
   379    380    381
   379    381    382
   383    291    288
   383    288    287
   383    287    379
   384    292    290
   384    290    291
   384    291    383
   384    383    385
   386    387    293
   386    293      1
   386      1     14
   386     14    128
   386    128    194
   201    135    134
   201    134    294
   201    294    293
   201    293    387
   388    297    296
   388    296    295
   388    295    389
   390    300    204
   390    204    207
   390    207    297
   390    297    388
   391    392    393
   391    393    298
   391    298    301
   391    301    394
   393    395    396
   393    396    302
   393    302    299
   393    299    298
   396    397    398
   396    398    399
   396    399    304
   396    304    303
   396    303    302
   400    401    402
   400    402    305
   400    305    304
   400    304    399
   403    404    307
   403    307    306
   403    306    305
   403    305    402
   405    406    309
   405    309    308
   405    308    307
   405    307    404
   407    310    309
   407    309    406
   407    406    408
   313    312    311
   313    311    409
   313    409    314
   315    314    409
   315    409    410
   315    410    411
   412    217    216
   412    216    413
   412    413    414
   415    218    217
   415    217    412
   226    225    317
   226    317    318
   226    318    416
   226    416    417
   226    417    418
   321    227    226
   321    226    418
   321    418    419
   420    322    320
   420    320    319
   420    319    421
   422    324    230
   422    230    232
   422    232    322
   422    322    420
   327    325    323
   327    323    324
   327    324    422
   327    422    423
   327    423    424
   327    424    425
   426    328    326
   426    326    327
   426    327    425
   426    425    427
   428    429    330
   428    330    329
   428    329    328
   428    328    426
   430    332    331
   430    331    330
   430    330    429
   430    429    431
   432    333    332
   432    332    430
   433    336    335
   433    335    334
   433    334    434
   433    434    435
   433    435    436
   437    245    244
   437    244    336
   437    336    433
   438    341    337
   438    337    340
   438    340    439
   438    439    440
   441    344    342
   441    342    341
   441    341    438
   441    438    442
   441    442    443
   345    344    441
   345    441    444
   445    347    343
   445    343    346
   445    346    446
   447    350    349
   447    349    448
   351    350    447
   351    447    352
   356    256    255
   356    255    354
   356    354    449
   358    258    257
   358    257    355
   358    355    450
   358    450    451
   452    360    260
   452    260    262
   452    262    357
   452    357    358
   452    358    451
   452    451    453
   454    455    361
   454    361    359
   454    359    360
   454    360    452
   456    457    362
   456    362    264
   456    264    266
   456    266    361
   456    361    455
   456    455    458
   459    364    363
   459    363    362
   459    362    457
   365    364    459
   365    459    460
   365    460    461
   368    366    365
   368    365    461
   368    461    462
   368    462    463
   368    463    464
   465    370    367
   465    367    368
   465    368    464
   465    464    466
   467    468    369
   467    369    370
   467    370    465
   467    465    469
   372    272    271
   372    271    369
   372    369    468
   372    468    470
   471    472    373
   471    373    371
   471    371    372
   471    372    470
   471    470    473
   474    374    275
   474    275    273
   474    273    274
   474    274    373
   474    373    472
   475    375    276
   475    276    278
   475    278    178
   475    178    181
   475    181    374
   475    374    474
   475    474    476
   477    376    280
   477    280    281
   477    281    375
   477    375    475
   478    479    377
   478    377    282
   478    282    284
   478    284    376
   478    376    477
   480    380    378
   480    378    285
   480    285    289
   480    289    377
   480    377    479
   481    482    381
   481    381    380
   481    380    480
   382    381    482
   382    482    483
   484    483    482
   484    482    481
   485    385    383
   485    383    379
   485    379    382
   485    382    483
   485    483    484
   486    487    488
   486    488    489
   486    489    490
   486    490    384
   486    384    385
   486    385    485
   491    492    386
   491    386    194
   491    194    196
   491    196    292
   491    292    384
   491    384    490
   493    389    295
   493    295    199
   493    199    201
   493    201    387
   493    387    386
   493    386    492
   494    495    390
   494    390    388
   494    388    389
   494    389    493
   394    301    300
   394    300    390
   394    390    495
   496    497    395
   496    395    393
   496    393    392
   498    397    396
   498    396    395
   498    395    497
   499    398    397
   499    397    498
   499    498    500
   499    500    501
   499    501    502
   503    504    400
   503    400    399
   503    399    398
   503    398    499
   505    401    400
   505    400    504
   505    504    506
   505    506    507
   508    509    403
   508    403    402
   508    402    401
   508    401    505
   510    511    512
   510    512    405
   510    405    404
   510    404    403
   510    403    509
   408    406    405
   408    405    512
   408    512    513
   514    515    407
   514    407    408
   514    408    513
   514    513    516
   409    311    310
   409    310    407
   409    407    515
   409    515    517
   409    517    410
   411    410    517
   411    517    518
   411    518    519
   520    316    315
   520    315    411
   520    411    519
   520    519    521
   520    521    522
   520    522    523
   524    413    216
   524    216    223
   524    223    316
   524    316    520
   525    526    415
   525    415    412
   525    412    414
   525    414    527
   525    527    528
   416    318    219
   416    219    218
   416    218    415
   416    415    526
   419    418    417
   419    417    529
   419    529    530
   531    421    319
   531    319    321
   531    321    419
   531    419    530
   531    530    532
   533    423    422
   533    422    420
   533    420    421
   533    421    531
   533    531    534
   535    536    424
   535    424    423
   535    423    533
   427    425    424
   427    424    536
   427    536    537
   427    537    538
   427    538    539
   540    541    428
   540    428    426
   540    426    427
   540    427    539
   540    539    542
   543    431    429
   543    429    428
   543    428    541
   544    545    432
   544    432    430
   544    430    431
   544    431    543
   544    543    546
   334    333    432
   334    432    545
   334    545    547
   334    547    434
   548    549    437
   548    437    433
   548    433    436
   548    436    550
   246    245    437
   246    437    549
   246    549    551
   246    551    338
   552    553    442
   552    442    438
   552    438    440
   552    440    554
   443    442    553
   443    553    555
   443    555    556
   557    444    441
   557    441    443
   557    443    556
   557    556    558
   446    346    345
   446    345    444
   446    444    557
   446    557    559
   560    348    347
   560    347    445
   560    445    561
   560    561    562
   563    448    349
   563    349    348
   563    348    560
   563    560    564
   353    352    447
   353    447    448
   353    448    563
   353    563    565
   353    565    566
   449    354    353
   449    353    566
   449    566    567
   568    450    355
   568    355    356
   568    356    449
   568    449    567
   568    567    569
   568    569    570
   453    451    450
   453    450    568
   453    568    571
   453    571    572
   573    574    454
   573    454    452
   573    452    453
   573    453    572
   573    572    575
   458    455    454
   458    454    574
   458    574    576
   458    576    577
   578    579    456
   578    456    458
   578    458    577
   578    577    580
   578    580    581
   582    460    459
   582    459    457
   582    457    456
   582    456    579
   582    579    583
   462    461    460
   462    460    582
   462    582    584
   585    463    462
   585    462    584
   585    584    586
   466    464    463
   466    463    585
   466    585    587
   466    587    588
   589    469    465
   589    465    466
   589    466    588
   589    588    590
   591    592    467
   591    467    469
   591    469    589
   473    470    468
   473    468    467
   473    467    592
   473    592    593
   594    595    471
   594    471    473
   594    473    593
   594    593    596
   594    596    597
   598    476    474
   598    474    472
   598    472    471
   598    471    595
   598    595    599
   600    601    478
   600    478    477
   600    477    475
   600    475    476
   600    476    598
   602    603    604
   602    604    486
   602    486    485
   602    485    484
   602    484    481
   602    481    480
   602    480    479
   602    479    478
   602    478    601
   605    606    607
   605    607    608
   605    608    604
   605    604    603
   604    608    609
   604    609    487
   604    487    486
   610    607    606
   610    606    611
   609    488    487
   612    613    610
   612    610    611
   612    611    614
   489    488    609
   489    609    608
   489    608    607
   489    607    610
   489    610    613
   615    616    617
   615    617    618
   615    618    619
   615    619    491
   615    491    490
   615    490    489
   615    489    613
   615    613    612
   620    621    622
   620    622    494
   620    494    493
   620    493    492
   620    492    491
   620    491    619
   622    623    391
   622    391    394
   622    394    495
   622    495    494
   624    625    496
   624    496    392
   624    392    391
   624    391    623
   626    500    498
   626    498    497
   626    497    496
   626    496    625
   627    501    500
   627    500    626
   628    629    503
   628    503    499
   628    499    502
   628    502    630
   631    506    504
   631    504    503
   631    503    629
   632    633    507
   632    507    506
   632    506    631
   634    635    508
   634    508    505
   634    505    507
   634    507    633
   634    633    636
   637    638    639
   637    639    510
   637    510    509
   637    509    508
   637    508    635
   640    511    510
   640    510    639
   640    639    641
   640    641    642
   516    513    512
   516    512    511
   516    511    640
   516    640    643
   644    645    514
   644    514    516
   644    516    643
   644    643    646
   644    646    647
   648    518    517
   648    517    515
   648    515    514
   648    514    645
   519    518    648
   519    648    649
   519    649    521
   522    521    649
   522    649    650
   651    527    414
   651    414    413
   651    413    524
   651    524    652
   528    527    651
   528    651    653
   529    417    416
   529    416    526
   529    526    525
   529    525    654
   532    530    529
   532    529    654
   532    654    655
   532    655    656
   657    658    534
   657    534    531
   657    531    532
   657    532    656
   657    656    659
   660    661    535
   660    535    533
   660    533    534
   660    534    658
   660    658    662
   537    536    535
   537    535    661
   537    661    663
   542    539    538
   542    538    664
   665    546    543
   665    543    541
   665    541    540
   666    547    545
   666    545    544
   435    434    547
   435    547    666
   435    666    667
   668    551    549
   668    549    548
   668    548    669
   339    338    551
   339    551    668
   339    668    670
   671    672    555
   671    555    553
   671    553    552
   558    556    555
   558    555    672
   558    672    673
   558    673    674
   675    559    557
   675    557    558
   675    558    674
   675    674    676
   675    676    677
   678    561    445
   678    445    446
   678    446    559
   678    559    675
   678    675    679
   678    679    680
   681    562    561
   681    561    678
   681    678    682
   683    684    564
   683    564    560
   683    560    562
   683    562    681
   683    681    685
   686    565    563
   686    563    564
   686    564    684
   686    684    687
   567    566    565
   567    565    686
   567    686    688
   567    688    689
   567    689    569
   570    569    689
   570    689    690
   570    690    691
   570    691    692
   693    571    568
   693    568    570
   693    570    692
   693    692    694
   575    572    571
   575    571    693
   575    693    695
   575    695    696
   697    576    574
   697    574    573
   697    573    698
   580    577    576
   580    576    697
   699    583    579
   699    579    578
   699    578    700
   586    584    582
   586    582    583
   586    583    699
   586    699    701
   702    587    585
   702    585    586
   702    586    701
   702    701    703
   590    588    587
   590    587    702
   590    702    704
   596    593    592
   596    592    591
   596    591    705
   706    597    596
   706    596    705
   706    705    707
   708    599    595
   708    595    594
   708    594    709
   710    711    600
   710    600    598
   710    598    599
   710    599    708
   712    713    602
   712    602    601
   712    601    600
   712    600    711
   714    715    716
   714    716    615
   714    615    612
   714    612    614
   714    614    605
   714    605    603
   714    603    602
   714    602    713
   614    611    606
   614    606    605
   717    617    616
   717    616    716
   717    716    715
   716    616    615
   718    719    720
   720    719    618
   720    618    617
   720    617    717
   721    722    723
   721    723    620
   721    620    619
   721    619    618
   721    618    719
   721    719    718
   721    718    724
   721    724    725
   726    727    728
   726    728    621
   726    621    620
   726    620    723
   728    729    624
   728    624    623
   728    623    622
   728    622    621
   730    731    627
   730    627    626
   730    626    625
   730    625    624
   730    624    729
   630    502    501
   630    501    627
   630    627    731
   732    733    632
   732    632    631
   732    631    629
   732    629    628
   636    633    632
   636    632    733
   636    733    734
   735    736    634
   735    634    636
   735    636    734
   735    734    737
   738    739    637
   738    637    635
   738    635    634
   738    634    736
   738    736    740
   741    742    743
   741    743    638
   741    638    637
   741    637    739
   641    639    638
   641    638    743
   641    743    744
   745    642    641
   745    641    744
   745    744    746
   745    746    747
   646    643    640
   646    640    642
   646    642    745
   650    649    648
   650    648    645
   650    645    644
   650    644    748
   749    748    644
   749    644    647
   749    647    750
   751    652    524
   751    524    520
   751    520    523
   751    523    752
   753    653    651
   753    651    652
   753    652    751
   753    751    754
   655    654    525
   655    525    528
   655    528    653
   655    653    753
   655    753    755
   659    656    655
   659    655    755
   659    755    756
   662    658    657
   662    657    757
   758    663    661
   758    661    660
   758    660    759
   664    538    537
   664    537    663
   664    663    758
   760    667    666
   760    666    544
   760    544    546
   760    546    665
   760    665    761
   550    436    435
   550    435    667
   550    667    760
   762    670    668
   762    668    669
   762    669    763
   439    340    339
   439    339    670
   439    670    762
   439    762    764
   765    766    673
   765    673    672
   765    672    671
   674    673    766
   674    766    767
   674    767    768
   674    768    676
   769    680    679
   769    679    770
   771    682    678
   771    678    680
   771    680    769
   687    684    683
   687    683    772
   687    772    773
   774    775    688
   774    688    686
   774    686    687
   774    687    773
   774    773    776
   690    689    688
   690    688    775
   690    775    777
   690    777    778
   690    778    779
   690    779    780
   690    780    781
   782    691    690
   782    690    781
   782    781    783
   782    783    784
   694    692    691
   694    691    782
   694    782    785
   786    696    695
   786    695    787
   786    787    788
   789    698    573
   789    573    575
   789    575    696
   789    696    786
   790    700    578
   790    578    581
   790    581    791
   703    701    699
   703    699    700
   703    700    790
   703    790    792
   793    704    702
   793    702    703
   793    703    792
   793    792    794
   707    705    591
   707    591    589
   707    589    590
   707    590    704
   707    704    793
   795    709    594
   795    594    597
   795    597    706
   796    797    798
   796    798    710
   796    710    708
   796    708    709
   796    709    795
   798    799    712
   798    712    711
   798    711    710
   800    801    714
   800    714    713
   800    713    712
   800    712    799
   800    799    802
   803    804    724
   803    724    718
   803    718    720
   803    720    717
   803    717    715
   803    715    714
   803    714    801
   805    806    721
   805    721    725
   805    725    804
   805    804    803
   725    724    804
   807    808    809
   807    809    806
   807    806    805
   809    722    721
   809    721    806
   810    811    812
   810    812    726
   810    726    723
   810    723    722
   810    722    809
   810    809    808
   813    814    815
   813    815    727
   813    727    726
   813    726    812
   815    816    730
   815    730    729
   815    729    728
   815    728    727
   817    818    732
   817    732    628
   817    628    630
   817    630    731
   817    731    730
   817    730    816
   737    734    733
   737    733    732
   737    732    818
   819    820    735
   819    735    737
   819    737    818
   819    818    817
   821    740    736
   821    736    735
   821    735    820
   822    823    824
   822    824    738
   822    738    740
   822    740    821
   824    825    826
   824    826    741
   824    741    739
   824    739    738
   827    742    741
   827    741    826
   746    744    743
   746    743    742
   746    742    827
   746    827    828
   750    647    646
   750    646    745
   750    745    747
   750    747    829
   829    747    746
   829    746    828
   829    828    830
   752    523    522
   752    522    650
   752    650    748
   752    748    749
   752    749    831
   832    754    751
   832    751    752
   832    752    831
   832    831    833
   756    755    753
   756    753    754
   756    754    832
   756    832    834
   835    757    657
   835    657    659
   835    659    756
   835    756    834
   835    834    836
   837    759    660
   837    660    662
   837    662    757
   837    757    835
   838    761    665
   838    665    540
   838    540    542
   838    542    664
   838    664    758
   838    758    759
   838    759    837
   763    669    548
   763    548    550
   763    550    760
   763    760    761
   763    761    838
   763    838    839
   840    764    762
   840    762    763
   840    763    839
   840    839    841
   840    841    842
   554    440    439
   554    439    764
   554    764    840
   767    766    765
   767    765    843
   677    676    768
   677    768    844
   845    685    681
   845    681    682
   845    682    771
   846    772    683
   846    683    685
   846    685    845
   847    777    775
   847    775    774
   780    779    848
   780    848    849
   783    781    780
   783    780    849
   783    849    850
   783    850    851
   852    785    782
   852    782    784
   852    784    853
   787    695    693
   787    693    694
   787    694    785
   787    785    852
   791    581    580
   791    580    697
   791    697    698
   791    698    789
   791    789    854
   794    792    790
   794    790    791
   794    791    854
   794    854    855
   796    795    706
   796    706    707
   796    707    793
   796    793    794
   796    794    855
   796    855    856
   856    857    858
   856    858    859
   856    859    860
   856    860    861
   856    861    797
   856    797    796
   861    802    799
   861    799    798
   861    798    797
   860    862    863
   860    863    864
   860    864    800
   860    800    802
   860    802    861
   864    865    866
   864    866    807
   864    807    805
   864    805    803
   864    803    801
   864    801    800
   867    868    869
   867    869    870
   867    870    866
   867    866    865
   866    870    810
   866    810    808
   866    808    807
   871    872    869
   871    869    868
   869    872    811
   869    811    810
   869    810    870
   873    874    875
   873    875    876
   873    876    877
   873    877    878
   873    878    813
   873    813    812
   873    812    811
   873    811    872
   873    872    871
   878    879    880
   878    880    881
   878    881    814
   878    814    813
   881    882    883
   881    883    819
   881    819    817
   881    817    816
   881    816    815
   881    815    814
   884    885    886
   884    886    887
   884    887    888
   884    888    889
   884    889    883
   884    883    882
   883    889    890
   883    890    822
   883    822    821
   883    821    820
   883    820    819
   888    891    892
   888    892    890
   888    890    889
   890    892    893
   890    893    823
   890    823    822
   894    895    893
   894    893    892
   894    892    891
   893    895    825
   893    825    824
   893    824    823
   830    828    827
   830    827    826
   830    826    825
   830    825    895
   830    895    894
   830    894    896
   897    896    894
   897    894    891
   897    891    888
   897    888    887
   897    887    898
   897    898    899
   833    831    749
   833    749    750
   833    750    829
   833    829    830
   833    830    896
   833    896    897
   833    897    900
   901    900    897
   901    897    899
   901    899    902
   901    902    903
   901    903    904
   901    904    905
   901    905    906
   836    834    832
   836    832    833
   836    833    900
   836    900    901
   836    901    907
   908    907    901
   908    901    906
   908    906    909
   908    909    910
   841    839    838
   841    838    837
   841    837    835
   841    835    836
   841    836    907
   841    907    908
   841    908    911
   912    842    841
   912    841    911
   912    911    913
   912    913    914
   915    843    765
   915    765    671
   915    671    552
   915    552    554
   915    554    840
   915    840    842
   915    842    912
   844    768    767
   844    767    843
   844    843    915
   844    915    916
   770    679    675
   770    675    677
   770    677    844
   770    844    916
   770    916    917
   776    773    772
   776    772    846
   918    778    777
   918    777    847
   849    848    919
   849    919    920
   849    920    850
   851    850    920
   851    920    921
   851    921    922
   853    784    783
   853    783    851
   853    851    922
   853    922    923
   857    788    787
   857    787    852
   857    852    853
   857    853    923
   857    923    924
   857    924    925
   857    925    926
   857    926    858
   855    854    789
   855    789    786
   855    786    788
   855    788    857
   855    857    856
   859    927    928
   859    928    929
   859    929    930
   859    930    862
   859    862    860
   930    931    932
   930    932    863
   930    863    862
   863    932    933
   863    933    934
   863    934    935
   863    935    936
   863    936    937
   863    937    867
   863    867    865
   863    865    864
   936    938    939
   936    939    940
   936    940    937
   937    940    941
   937    941    873
   937    873    871
   937    871    868
   937    868    867
   939    942    943
   939    943    941
   939    941    940
   941    943    874
   941    874    873
   944    945    879
   944    879    878
   944    878    877
   944    877    946
   947    948    880
   947    880    879
   947    879    945
   880    948    949
   880    949    950
   880    950    951
   880    951    884
   880    884    882
   880    882    881
   950    952    953
   950    953    954
   950    954    955
   950    955    956
   950    956    951
   886    957    898
   886    898    887
   951    956    885
   951    885    884
   899    898    957
   899    957    902
   902    957    886
   902    886    885
   902    885    956
   902    956    955
   902    955    903
   903    955    954
   903    954    904
   905    904    954
   905    954    953
   905    953    958
   905    958    959
   905    959    960
   905    960    961
   905    961    962
   905    962    963
   963    962    964
   963    964    965
   963    965    966
   963    966    967
   909    906    905
   909    905    963
   909    963    967
   909    967    968
   909    968    969
   909    969    970
   909    970    971
   972    910    909
   972    909    971
   972    971    973
   972    973    974
   913    911    908
   913    908    910
   913    910    972
   917    916    915
   917    915    912
   917    912    914
   917    914    975
   976    977    918
   976    918    847
   976    847    774
   976    774    776
   976    776    846
   976    846    845
   976    845    771
   976    771    769
   976    769    770
   976    770    917
   976    917    975
   976    975    978
   976    978    979
   919    848    779
   919    779    778
   919    778    918
   919    918    977
   921    920    919
   921    919    977
   921    977    976
   921    976    980
   923    922    921
   923    921    980
   923    980    924
   925    981    982
   925    982    983
   925    983    984
   925    984    926
   858    926    984
   858    984    927
   858    927    859
   985    933    932
   985    932    931
   986    987    934
   986    934    933
   986    933    985
   935    988    989
   935    989    938
   935    938    936
   989    990    991
   989    991    942
   989    942    939
   989    939    938
   991    875    874
   991    874    943
   991    943    942
   992    993    947
   992    947    945
   992    945    944
   994    995    949
   994    949    948
   994    948    947
   994    947    993
   996    997    998
   996    998    952
   996    952    950
   996    950    949
   996    949    995
   958    998    997
   958    997    999
   958    999    959
   953    952    998
   953    998    958
   959    999    960
   964    962    961
   964    961   1000
   967    966   1001
   967   1001    968
   970    969   1002
   970   1002   1003
   973    971    970
   973    970   1003
   973   1003   1004
   975    914    913
   975    913    972
   975    972    974
   975    974   1005
   975   1005    978
   979    978   1005
   979   1005   1006
   979   1006   1007
   979   1007   1008
   979   1008    982
   979    982    981
   924    980    976
   924    976    979
   924    979    981
   924    981    925
   928    983    982
   928    982   1008
   928   1008    929
   984    983    928
   984    928    927
   934    987   1009
   934   1009    988
   934    988    935
  1010   1011    990
  1010    990    989
  1010    989    988
  1010    988   1009
   876    875    991
   876    991    990
   876    990   1011
  1012   1013    994
  1012    994    993
  1012    993    992
  1014   1015    965
  1014    965    964
  1014    964   1000
  1014   1000    996
  1014    996    995
  1014    995    994
  1014    994   1013
  1014   1013   1016
  1000    961    960
  1000    960    999
  1000    999    997
  1000    997    996
  1001    966    965
  1001    965   1015
  1002    969    968
  1002    968   1001
  1002   1001   1015
  1002   1015   1014
  1002   1014   1017
  1004   1003   1002
  1004   1002   1017
  1004   1017   1018
  1005    974    973
  1005    973   1004
  1005   1004   1018
  1005   1018   1019
  1005   1019   1020
  1005   1020   1021
  1005   1021   1006
  1007   1006   1021
  1007   1021   1022
  1007   1022   1010
  1007   1010   1009
  1007   1009    987
  1007    987    986
   929   1008   1007
   929   1007    986
   929    986    985
   929    985    931
   929    931    930
  1022    946    877
  1022    877    876
  1022    876   1011
  1022   1011   1010
  1019   1016   1013
  1019   1013   1012
  1019   1012   1020
  1018   1017   1014
  1018   1014   1016
  1018   1016   1019
  1021   1020   1012
  1021   1012    992
  1021    992    944
  1021    944    946
  1021    946   1022
   262    166    165
   262    165    259
   262    259    357
