574 1144
    0.061493    -0.052153     0.660860
    0.061493    -0.212184     0.681928
    0.124550    -0.212184     0.673627
    0.159978    -0.203071     0.667763
    0.193027    -0.172273     0.659357
    0.074785    -0.054031     0.659357
   -0.003105     0.017170     0.643229
   -0.094449    -0.074174     0.643229
   -0.054152    -0.150127     0.658533
   -0.036760    -0.171861     0.663684
    0.011747    -0.217062     0.676021
    0.056615    -0.217062     0.681928
    0.014824    -0.238841     0.673559
    0.040764    -0.264781     0.673559
    0.056615    -0.247770     0.677885
    0.094287    -0.242448     0.673627
    0.267738    -0.121945     0.625502
    0.262544    -0.068049     0.618407
    0.255460    -0.050947     0.618407
    0.228788    -0.150488     0.646533
    0.245750    -0.142531     0.638142
    0.215532    -0.161354     0.651909
    0.251889    -0.006576     0.609314
    0.275198     0.075620     0.571268
   -0.057871     0.213582     0.571268
   -0.057871     0.130047     0.605869
    0.272304     0.049921     0.582410
   -0.212442     0.388902     0.472128
   -0.355570     0.329617     0.472128
   -0.341098     0.289569     0.491199
   -0.330850     0.272348     0.500091
   -0.236381     0.177879     0.555430
   -0.067476     0.234057     0.561139
   -0.213542     0.092646     0.579513
   -0.180219     0.034823     0.599825
   -0.328383     0.267258     0.501986
    0.005460    -0.273789     0.663684
    0.005487    -0.274124     0.663615
    0.012637    -0.281275     0.663615
    0.029286    -0.276815     0.668319
    0.038408    -0.269636     0.671952
    0.014510    -0.285422     0.662219
    0.019350    -0.287427     0.662219
    0.058808    -0.267670     0.669266
    0.109718    -0.246582     0.669266
    0.168440    -0.234651     0.658839
    0.160604    -0.242487     0.658839
    0.189022    -0.225356     0.651909
    0.278787    -0.016943     0.595435
    0.306922    -0.121945     0.595435
    0.291685     0.281370     0.440742
    0.291685     0.122868     0.538065
    0.350368     0.222686     0.440742
    0.263100     0.339126     0.412549
    0.276148     0.326922     0.416724
    0.241525     0.368942     0.394106
   -0.195636     0.486079     0.394106
   -0.217292     0.488246     0.396896
   -0.217292     0.403453     0.461960
   -0.282547     0.544847     0.340048
   -0.402927     0.512591     0.340048
   -0.415487     0.495235     0.350783
   -0.417051     0.466944     0.372171
   -0.421256     0.454615     0.378671
   -0.421256     0.408073     0.407248
   -0.418915     0.401365     0.411963
   -0.386103     0.360151     0.445614
   -0.428893     0.446978     0.378671
   -0.434252     0.430180     0.385695
   -0.380459     0.342392     0.453596
   -0.421912     0.390183     0.411963
   -0.116371    -0.203461     0.599825
   -0.079568    -0.230092     0.622589
   -0.041402    -0.270894     0.635646
   -0.031931    -0.274124     0.640640
    0.014510    -0.301294     0.652473
    0.009250    -0.315306     0.640640
    0.014754    -0.301217     0.652583
    0.014754    -0.313139     0.643434
    0.009527    -0.320319     0.636851
    0.116278    -0.285936     0.643434
    0.160604    -0.281638     0.634799
    0.292115    -0.232879     0.583988
    0.272075    -0.225356     0.600913
    0.238079    -0.327186     0.559262
    0.307025    -0.258240     0.559262
    0.307865    -0.122632     0.594570
    0.318401    -0.134779     0.583988
    0.424920     0.231205     0.350297
    0.406124     0.227535     0.375745
    0.385188    -0.154184     0.501981
    0.501579    -0.154184     0.350297
    0.364597     0.232432     0.421558
    0.441101     0.272797     0.297638
    0.390828     0.348035     0.297638
    0.385477     0.347803     0.304232
    0.364597     0.326922     0.345947
    0.247939     0.439703     0.304232
    0.232550     0.445050     0.310143
    0.082460     0.555089     0.230601
    0.060007     0.557814     0.234350
   -0.231746     0.615847     0.234350
   -0.287993     0.622082     0.240805
   -0.287993     0.563591     0.317032
   -0.315887     0.638191     0.212581
   -0.359645     0.629487     0.212581
   -0.378918     0.589105     0.260211
   -0.396963     0.563164     0.284256
   -0.404736     0.557970     0.284256
   -0.420384     0.533921     0.300535
   -0.418705     0.495235     0.348208
   -0.428893     0.468646     0.361332
   -0.454203     0.430768     0.361332
   -0.444814     0.428934     0.374043
   -0.435008     0.393988     0.395882
   -0.461455     0.427306     0.352778
   -0.470431     0.417209     0.343697
   -0.475050     0.393988     0.343697
   -0.523105     0.334565     0.265667
   -0.537892     0.308960     0.239758
   -0.535594     0.288225     0.237378
   -0.449428    -0.144961     0.237378
   -0.448021    -0.146544     0.238802
   -0.444914    -0.148026     0.242466
   -0.416026    -0.168121     0.269243
   -0.176338    -0.526839     0.269243
   -0.155779    -0.525946     0.294578
   -0.118585    -0.504804     0.356040
   -0.050991    -0.437210     0.491078
   -0.043655    -0.423526     0.510813
   -0.041402    -0.417596     0.518256
   -0.022341    -0.389766     0.555778
    0.007510    -0.326898     0.629971
   -0.054813    -0.456782     0.464580
   -0.093707    -0.495126     0.387537
   -0.057574    -0.460331     0.458119
   -0.031129    -0.420011     0.518641
   -0.031129    -0.437629     0.495681
    0.222402    -0.387198     0.495681
    0.249472    -0.383913     0.491160
    0.253506    -0.349709     0.528894
    0.426207    -0.349709     0.390699
    0.361433    -0.427468     0.349408
    0.383745    -0.419716     0.340838
    0.451165    -0.374667     0.340838
    0.426207    -0.339873     0.398569
    0.436938    -0.338608     0.386731
    0.514798    -0.377429     0.262423
    0.520339    -0.369136     0.262423
    0.514343    -0.353724     0.281936
    0.535548    -0.196189     0.295139
    0.543084    -0.209237     0.281936
    0.577873    -0.220427     0.202225
    0.679028    -0.220427    -0.041985
    0.682791    -0.209813    -0.055127
    0.685695    -0.198927    -0.066301
    0.677283    -0.128355    -0.072978
    0.645004     0.075448    -0.072978
    0.611219     0.170069    -0.027595
    0.602941     0.186064    -0.013725
    0.579133     0.234796     0.016669
    0.555578     0.267011     0.053595
    0.471474     0.290371     0.224702
    0.538830     0.299881     0.053595
    0.510897     0.331733     0.081330
    0.471230     0.354778     0.147507
    0.466607     0.352043     0.161768
    0.409821     0.367027     0.242770
    0.445968     0.380041     0.147507
    0.403546     0.409407     0.172805
    0.398342     0.410529     0.180716
    0.349005     0.431727     0.201098
    0.163146     0.526426     0.201098
    0.081922     0.557023     0.226665
   -0.057066     0.624925     0.139977
   -0.126299     0.634438     0.149147
   -0.256486     0.655058     0.149147
   -0.319101     0.662521     0.155071
   -0.319101     0.648182     0.189689
   -0.341128     0.668398     0.132461
   -0.358337     0.665672     0.132461
   -0.357763     0.654998     0.158450
   -0.363161     0.635564     0.197988
   -0.358813     0.665697     0.131826
   -0.371370     0.659299     0.131826
   -0.385436     0.635089     0.172216
   -0.384710     0.633863     0.175998
   -0.456173     0.564352     0.172216
   -0.463398     0.530838     0.223159
   -0.453735     0.525121     0.252961
   -0.529679     0.400753     0.223159
   -0.533785     0.395139     0.216723
   -0.558460     0.364937     0.168699
   -0.566163     0.350053     0.155793
   -0.572672     0.308960     0.155793
   -0.598861     0.235083     0.064318
   -0.621798     0.149110    -0.023929
   -0.609252     0.043860    -0.033887
   -0.594783    -0.047495    -0.033887
   -0.586627    -0.106855    -0.041749
   -0.588292    -0.138506    -0.083915
   -0.543020    -0.258687    -0.121745
   -0.429680    -0.481129    -0.121745
   -0.420817    -0.491235    -0.112945
   -0.396653    -0.521631    -0.106271
   -0.375584    -0.538413    -0.089203
   -0.228124    -0.577324     0.121141
   -0.225834    -0.576334     0.126253
   -0.329048    -0.584949    -0.089203
   -0.319018    -0.591893    -0.083221
   -0.263554    -0.603850     0.001086
   -0.240952    -0.599006     0.054268
   -0.192195    -0.578989     0.160580
   -0.175505    -0.560040     0.212709
   -0.193136    -0.596490     0.117968
   -0.110120    -0.548513     0.265541
   -0.093796    -0.497759     0.381828
   -0.142273    -0.604546     0.117968
   -0.120806    -0.598819     0.140004
   -0.110120    -0.595031     0.153234
   -0.057519    -0.461175     0.456280
    0.284280    -0.532564     0.153234
    0.300319    -0.524263     0.167143
    0.339923    -0.504915     0.191843
    0.352113    -0.500323     0.188006
    0.531301    -0.409022     0.188006
    0.530763    -0.408113     0.190811
    0.533836    -0.396468     0.207422
    0.552681    -0.404413     0.155508
    0.553204    -0.404051     0.155196
    0.560258    -0.396997     0.155196
    0.551489    -0.391809     0.182240
    0.551841    -0.387362     0.186779
    0.599746    -0.374056     0.089317
    0.604525    -0.371597     0.080078
    0.607822    -0.370161     0.072667
    0.616567    -0.361698     0.054792
    0.648727    -0.322335    -0.007799
    0.669132    -0.282909    -0.041985
    0.691731    -0.198927    -0.112149
    0.682259    -0.126981    -0.112149
    0.677283    -0.092373    -0.108960
    0.661383     0.008018    -0.108960
    0.659448     0.019488    -0.108213
    0.646328     0.071099    -0.076986
    0.607428     0.179221    -0.027595
    0.578162     0.244177    -0.007787
    0.575494     0.248729    -0.001227
    0.544432     0.295393     0.036452
    0.536785     0.305359     0.036452
    0.511688     0.335058     0.054779
    0.506190     0.340557     0.064941
    0.482577     0.360510     0.079512
    0.379123     0.439893     0.079512
    0.374519     0.442957     0.075795
    0.284321     0.488916     0.075795
    0.253352     0.502869     0.085239
   -0.065456     0.634924     0.085239
   -0.071649     0.636809     0.079531
   -0.122847     0.644918     0.079531
   -0.193370     0.655058     0.086031
   -0.342605     0.674705     0.086031
   -0.342605     0.670703     0.116431
   -0.347181     0.674705     0.081455
   -0.360460     0.672957     0.081455
   -0.361184     0.670703     0.097852
   -0.361799     0.669970     0.101864
   -0.372937     0.669464     0.067400
   -0.372544     0.667164     0.088064
   -0.375290     0.663736     0.098554
   -0.403281     0.651848     0.022380
   -0.415955     0.642122     0.022380
   -0.415902     0.642069     0.023124
   -0.376475     0.667848     0.058667
   -0.380142     0.666024     0.050813
   -0.395532     0.657006     0.028637
   -0.456983     0.565067     0.166143
   -0.428884     0.629193    -0.001515
   -0.458412     0.594250    -0.023078
   -0.518816     0.515530    -0.023078
   -0.519338     0.514746    -0.023712
   -0.519448     0.514557    -0.023983
   -0.532997     0.484486    -0.033153
   -0.598232     0.326994    -0.033153
   -0.599641     0.322366    -0.028888
   -0.598861     0.322617    -0.023216
   -0.604803     0.286466    -0.032197
   -0.622886     0.149110    -0.032197
   -0.622886     0.089726    -0.091581
   -0.609252    -0.013834    -0.091581
   -0.600358    -0.075694    -0.097282
   -0.590734    -0.136458    -0.097282
   -0.571085    -0.201013    -0.156784
   -0.535896    -0.285967    -0.156784
   -0.523777    -0.312865    -0.164986
   -0.450600    -0.456482    -0.164986
   -0.439351    -0.473381    -0.151341
   -0.405405    -0.517620    -0.151341
   -0.387469    -0.538845    -0.138243
   -0.363884    -0.562431    -0.138243
   -0.351257    -0.573101    -0.130452
   -0.325265    -0.593045    -0.130452
   -0.312763    -0.601368    -0.120356
   -0.312528    -0.599994    -0.108012
   -0.268834    -0.611404    -0.051893
   -0.307603    -0.603693    -0.121930
   -0.262652    -0.622312    -0.121930
   -0.264495    -0.616575    -0.080202
   -0.149984    -0.616575     0.034310
   -0.252876    -0.625049    -0.132943
   -0.225315    -0.629012    -0.135484
   -0.149984    -0.638929    -0.135484
   -0.126686    -0.638929    -0.158781
    0.076315    -0.612204    -0.158781
    0.127982    -0.604774    -0.154019
    0.149254    -0.598819    -0.130056
    0.255930    -0.566350    -0.031731
    0.484909    -0.465644     0.017445
    0.411226    -0.502025    -0.031731
    0.461398    -0.479420    -0.016432
    0.525016    -0.438946     0.049830
    0.605027    -0.377551     0.049830
    0.604279    -0.376802     0.060333
    0.624161    -0.358417     0.014467
    0.629744    -0.351141     0.014467
    0.648603    -0.322810    -0.008409
    0.674739    -0.278204    -0.072682
    0.675825    -0.276023    -0.077353
    0.682791    -0.253135    -0.098449
    0.686642    -0.239381    -0.113943
    0.691731    -0.200721    -0.113943
    0.689997    -0.200721    -0.127119
    0.682259    -0.135810    -0.120978
    0.673851    -0.082718    -0.120978
    0.611565     0.163382    -0.047938
    0.568742     0.247427    -0.047938
    0.565926     0.253979    -0.045231
    0.560665     0.260598    -0.046684
    0.529471     0.285445    -0.071953
    0.443455     0.371461    -0.071953
    0.417285     0.389577    -0.087560
    0.326338     0.409183    -0.225802
    0.070673     0.539451    -0.225802
    0.059486     0.547631    -0.212979
    0.052037     0.551270    -0.208333
   -0.039724     0.598761    -0.128767
   -0.214234     0.626401    -0.128767
   -0.266468     0.644918    -0.064090
   -0.346100     0.666162     0.017649
   -0.347181     0.667848     0.029373
   -0.385225     0.659966     0.017649
   -0.386271     0.659424     0.016742
   -0.391326     0.655294     0.008703
   -0.406862     0.647378     0.008703
   -0.425601     0.630945    -0.007614
   -0.466858     0.577449    -0.056341
   -0.467967     0.576341    -0.056341
   -0.429250     0.624664    -0.018093
   -0.499888     0.530228    -0.083841
   -0.504870     0.507119    -0.118967
   -0.532465     0.442890    -0.145500
   -0.555840     0.397014    -0.145500
   -0.574815     0.346643    -0.161356
   -0.573620     0.323923    -0.191623
   -0.574309     0.318902    -0.192288
   -0.604803     0.126375    -0.192288
   -0.609171     0.089726    -0.195755
   -0.607046     0.081760    -0.203932
   -0.600358     0.025647    -0.198623
   -0.563442    -0.207426    -0.198623
   -0.558060    -0.217826    -0.207641
   -0.550539    -0.233220    -0.217242
   -0.531099    -0.284827    -0.200998
   -0.460266    -0.423845    -0.200998
   -0.443957    -0.461804    -0.185317
   -0.432535    -0.476172    -0.188471
   -0.410657    -0.507776    -0.169624
   -0.355268    -0.563165    -0.169624
   -0.349918    -0.569882    -0.164182
   -0.333130    -0.583228    -0.160496
   -0.322652    -0.587729    -0.164825
   -0.274205    -0.612414    -0.164825
   -0.258519    -0.618323    -0.169762
   -0.238635    -0.617277    -0.196251
   -0.190434    -0.623900    -0.202636
   -0.158163    -0.629012    -0.202636
   -0.126686    -0.632764    -0.205613
   -0.082545    -0.620987    -0.250922
   -0.038652    -0.612204    -0.273748
   -0.016277    -0.606580    -0.286876
    0.115439    -0.585719    -0.286876
    0.147690    -0.581287    -0.282604
    0.173267    -0.568792    -0.298557
    0.213289    -0.553716    -0.285959
    0.441347    -0.437514    -0.285959
    0.482462    -0.419849    -0.268974
    0.509730    -0.413971    -0.227526
    0.511881    -0.416406    -0.209267
    0.622914    -0.357170    -0.003042
    0.626977    -0.296724    -0.227526
    0.655716    -0.280028    -0.179581
    0.661393    -0.285043    -0.137004
    0.673211    -0.275576    -0.100841
    0.667296    -0.257299    -0.179581
    0.679635    -0.242197    -0.155568
    0.681574    -0.243552    -0.141972
    0.686484    -0.239432    -0.115086
    0.682208    -0.225948    -0.155568
    0.686484    -0.213886    -0.140632
    0.658182    -0.225948    -0.213573
    0.654482    -0.192574    -0.209743
    0.609544     0.033349    -0.209743
    0.584418     0.061611    -0.235161
    0.583285     0.063156    -0.235980
    0.486506     0.130475    -0.325682
    0.351597     0.332381    -0.325682
    0.332869     0.344567    -0.338359
    0.319063     0.396887    -0.263726
    0.211738     0.339309    -0.487631
    0.195883     0.345384    -0.495457
    0.115059     0.399388    -0.495457
    0.108314     0.413520    -0.478789
    0.104777     0.416665    -0.475608
    0.052345     0.427094    -0.475608
    0.051027     0.428047    -0.474120
   -0.073891     0.529068    -0.310084
   -0.212389     0.609052    -0.169946
   -0.214234     0.614789    -0.156800
   -0.390823     0.645922    -0.014115
   -0.325086     0.586635    -0.169946
   -0.386242     0.610426    -0.092516
   -0.395998     0.627288    -0.052026
   -0.473550     0.552089    -0.092516
   -0.502384     0.507775    -0.122513
   -0.500916     0.429995    -0.215057
   -0.537845     0.374728    -0.215057
   -0.499202     0.434469    -0.212849
   -0.553561     0.329494    -0.232431
   -0.497415     0.181426    -0.416764
   -0.498369     0.173566    -0.418076
   -0.517585     0.076963    -0.418076
   -0.532500     0.081760    -0.383901
   -0.500916     0.194168    -0.403766
   -0.508776     0.061710    -0.433509
   -0.485190    -0.251371    -0.350194
   -0.496865     0.046982    -0.452850
   -0.466701    -0.104663    -0.452850
   -0.457526    -0.180260    -0.440227
   -0.470553    -0.293497    -0.334013
   -0.383650    -0.489071    -0.258203
   -0.415456    -0.375956    -0.334013
   -0.382476    -0.462029    -0.291528
   -0.368796    -0.511900    -0.242750
   -0.252092    -0.593298    -0.236829
   -0.256536    -0.586909    -0.242750
   -0.243557    -0.599556    -0.232306
   -0.138643    -0.614769    -0.244483
   -0.170631    -0.608407    -0.244483
    0.016371    -0.587726    -0.319911
    0.042252    -0.578486    -0.332322
    0.061999    -0.576297    -0.330056
    0.142989    -0.560187    -0.330056
    0.176796    -0.556084    -0.324411
    0.218355    -0.525615    -0.346435
    0.370320    -0.443120    -0.358439
    0.393255    -0.424596    -0.363980
    0.491060    -0.359245    -0.363980
    0.499286    -0.356093    -0.359919
    0.519371    -0.336008    -0.359919
    0.552311    -0.314575    -0.337622
    0.624813    -0.295443    -0.234202
    0.560310    -0.302603    -0.337622
    0.575404    -0.292104    -0.323632
    0.627020    -0.267468    -0.262750
    0.627287    -0.267168    -0.262480
    0.663546    -0.257097    -0.188713
    0.658084    -0.226118    -0.213745
    0.628070    -0.263231    -0.262480
    0.567302    -0.263231    -0.341675
    0.558822    -0.260768    -0.352087
    0.531548    -0.229323    -0.379481
    0.513330    -0.191728    -0.393477
    0.411482    -0.036871    -0.462233
    0.362730     0.145073    -0.462233
    0.297123     0.192547    -0.502814
    0.211738     0.283830    -0.532026
    0.198999     0.288174    -0.538742
    0.186043     0.296130    -0.542744
    0.136789     0.345384    -0.542744
    0.122896     0.349816    -0.548553
    0.118665     0.353774    -0.547199
    0.117486     0.355404    -0.546191
    0.113338     0.390575    -0.507390
    0.101652     0.359646    -0.546191
    0.084939     0.382606    -0.525137
    0.058645     0.405413    -0.502231
   -0.314126     0.530511    -0.245929
   -0.150099     0.349480    -0.502231
   -0.234936     0.341255    -0.485704
   -0.279585     0.367504    -0.442172
   -0.325452     0.434469    -0.351883
   -0.478570     0.168518    -0.442172
   -0.444997     0.111411    -0.497852
   -0.445805     0.103075    -0.499475
   -0.460980     0.046439    -0.499475
   -0.462849     0.046982    -0.497181
   -0.455908     0.040591    -0.504570
   -0.448031    -0.038129    -0.494429
   -0.449267    -0.181234    -0.449338
   -0.448012    -0.038202    -0.494429
   -0.436286    -0.159153    -0.470867
   -0.415456    -0.287209    -0.405028
   -0.331256    -0.462029    -0.332514
   -0.378164    -0.324501    -0.405028
   -0.263635    -0.526720    -0.309152
   -0.266856    -0.522268    -0.311906
   -0.067148    -0.579369    -0.309152
    0.066613    -0.557356    -0.353545
    0.115474    -0.552466    -0.347250
    0.214171    -0.526021    -0.347250
    0.427888    -0.392200    -0.375063
    0.451897    -0.372934    -0.378924
    0.464628    -0.365394    -0.377767
    0.483900    -0.359245    -0.369709
    0.505506    -0.337639    -0.369709
    0.519371    -0.332910    -0.362398
    0.544335    -0.306221    -0.353858
    0.547198    -0.304150    -0.352087
    0.407377    -0.033028    -0.464593
    0.298831     0.104913    -0.519522
    0.280344     0.139757    -0.526543
    0.239155     0.191230    -0.538742
    0.165706     0.305313    -0.549592
    0.122896     0.348123    -0.549592
    0.120831     0.348290    -0.550015
    0.112398     0.351783    -0.550015
    0.101652     0.352818    -0.551430
   -0.001384     0.302213    -0.569077
    0.089625     0.339972    -0.558815
    0.022860     0.304549    -0.572268
   -0.164553     0.234626    -0.569077
   -0.234936     0.228961    -0.554654
   -0.319811     0.144087    -0.554654
   -0.392168     0.111411    -0.530289
   -0.418226     0.064972    -0.526100
   -0.431687     0.058657    -0.519441
   -0.407897     0.073439    -0.530289
   -0.450984     0.040591    -0.508348
   -0.444466    -0.027046    -0.499443
   -0.443504    -0.029368    -0.499443
   -0.433058    -0.159153    -0.472849
   -0.378164    -0.275631    -0.435035
   -0.428875    -0.163336    -0.472849
   -0.004335    -0.438829    -0.429906
   -0.009199    -0.428461    -0.435035
    0.066613    -0.514612    -0.386343
    0.152295    -0.506355    -0.375063
    0.495624    -0.337639    -0.375777
    0.489713    -0.340309    -0.377767
    0.528836    -0.257457    -0.375777
    0.157770     0.267069    -0.559441
    0.156972     0.272716    -0.558803
    0.089732     0.339956    -0.558803
   -0.048390     0.246892    -0.583926
   -0.154422     0.231911    -0.571939
   -0.012066     0.267069    -0.581801
   -0.319316     0.142241    -0.555176
   -0.218039     0.168295    -0.571939
   -0.377132     0.088366    -0.540471
   -0.189556    -0.099210    -0.540471
   -0.009199    -0.249384    -0.509211
   -0.126987    -0.108050    -0.547545
   -0.024314    -0.218232    -0.519522
   -0.126987     0.168295    -0.583926
     1      2      3
     1      3      4
     1      4      5
     1      5      6
     7      8      9
     7      9     10
     7     10     11
     7     11     12
     7     12      2
     7      2      1
    11     13     14
    11     14     15
    11     15     12
     3      2     12
     3     12     15
     3     15     16
    17     18     19
    17     19     20
    17     20     21
     6      5     22
     6     22     20
     6     20     19
     6     19     23
    24     25     26
    24     26      7
    24      7      1
    24      1      6
    24      6     23
    24     23     27
    28     29     30
    28     30     31
    28     31     32
    28     32     26
    28     26     25
    28     25     33
    26     32     34
    26     34     35
    26     35      8
    26      8      7
    31     36     34
    31     34     32
    10     37     13
    10     13     11
    14     13     37
    14     37     38
    14     38     39
    14     39     40
    14     40     41
    40     39     42
    40     42     43
    16     15     14
    16     14     41
    16     41     44
    16     44     45
    46      4      3
    46      3     16
    46     16     45
    46     45     47
    48     22      5
    48      5      4
    48      4     46
    49     18     17
    49     17     50
    27     23     19
    27     19     18
    27     18     49
    51     52     53
    54     33     25
    54     25     24
    54     24     52
    54     52     51
    54     51     55
    56     57     58
    56     58     59
    56     59     28
    56     28     33
    56     33     54
    58     60     61
    58     61     62
    58     62     63
    58     63     59
    59     63     64
    59     64     65
    59     65     66
    59     66     67
    59     67     29
    59     29     28
    64     68     69
    64     69     65
    67     70     30
    67     30     29
    66     71     70
    66     70     67
    35     72     73
    35     73      9
    35      9      8
     9     73     74
     9     74     75
     9     75     38
     9     38     37
     9     37     10
    76     42     39
    76     39     38
    76     38     75
    76     75     77
    43     42     76
    43     76     78
    79     78     76
    79     76     77
    79     77     80
    44     41     40
    44     40     43
    44     43     78
    44     78     79
    44     79     81
    47     45     44
    47     44     81
    47     81     82
    83     84     48
    83     48     46
    83     46     47
    83     47     82
    83     82     85
    83     85     86
    21     20     22
    21     22     48
    21     48     84
    87     50     17
    87     17     21
    87     21     84
    87     84     83
    87     83     88
    89     90     87
    89     87     88
    89     88     91
    89     91     92
    93     53     52
    93     52     24
    93     24     27
    93     27     49
    93     49     50
    93     50     87
    93     87     90
    94     95     96
    94     96     97
    94     97     93
    94     93     90
    94     90     89
    97     55     51
    97     51     53
    97     53     93
    96     98     99
    96     99     56
    96     56     54
    96     54     55
    96     55     97
    99    100    101
    99    101     57
    99     57     56
   101    102    103
   101    103    104
   101    104     60
   101     60     58
   101     58     57
   103    105    106
   103    106    107
   103    107    104
   104    107    108
   104    108     61
   104     61     60
    61    108    109
    61    109    110
    61    110    111
    61    111     62
    62    111    112
    62    112     68
    62     68     64
    62     64     63
   112    113    114
   112    114     69
   112     69     68
    65     69    114
    65    114    115
    65    115     71
    65     71     66
   114    113    116
   114    116    117
   114    117    118
   114    118    115
    30     70     71
    30     71    115
    30    115    118
    30    118    119
    30    119    120
    30    120    121
    30    121    122
    30    122    123
    30    123    124
    30    124     36
    30     36     31
    34     36    124
    34    124    125
    34    125     72
    34     72     35
    74     73     72
    74     72    125
    74    125    126
    74    126    127
    74    127    128
    74    128    129
    74    129    130
    74    130    131
    80     77     75
    80     75     74
    80     74    131
    80    131    132
    80    132    133
   134    129    128
   134    128    135
   134    135    136
   131    130    137
   131    137    132
   138    137    130
   138    130    129
   138    129    134
   133    132    137
   133    137    138
   133    138    139
    82     81     79
    82     79     80
    82     80    133
    82    133    139
    82    139    140
    82    140    141
    82    141     85
   142    141    140
   142    140    143
   142    143    144
   142    144    145
    86     85    141
    86    141    142
    86    142    146
   147    146    142
   147    142    145
   147    145    148
   147    148    149
   147    149    150
    91     88     83
    91     83     86
    91     86    146
    91    146    147
   151     92     91
   151     91    147
   151    147    150
   151    150    152
   151    152    153
   151    153    154
   151    154    155
   151    155    156
   151    156    157
   151    157    158
   151    158    159
   151    159    160
   160    161    162
   160    162    163
   160    163     94
   160     94     89
   160     89     92
   160     92    151
   162    164    165
   162    165    166
   162    166    167
   162    167    163
   163    167    168
   163    168     95
   163     95     94
   166    169    170
   166    170    171
   166    171    168
   166    168    167
   168    171    172
   168    172     98
   168     98     96
   168     96     95
   172    173    174
   172    174    100
   172    100     99
   172     99     98
   174    175    176
   174    176    102
   174    102    101
   174    101    100
   176    177    178
   176    178    179
   176    179    105
   176    105    103
   176    103    102
   178    180    181
   178    181    182
   178    182    179
   179    182    183
   179    183    106
   179    106    105
   181    184    185
   181    185    186
   181    186    187
   181    187    183
   181    183    182
   106    183    187
   106    187    109
   106    109    108
   106    108    107
   109    187    186
   109    186    188
   109    188    189
   109    189    190
   109    190    110
   110    190    116
   110    116    113
   110    113    112
   110    112    111
   189    191    117
   189    117    116
   189    116    190
   118    117    191
   118    191    192
   118    192    119
   119    192    193
   119    193    194
   119    194    195
   119    195    120
   120    195    196
   120    196    197
   120    197    198
   120    198    199
   120    199    121
   121    199    200
   121    200    122
   122    200    201
   122    201    202
   122    202    203
   122    203    204
   122    204    123
   123    204    205
   123    205    206
   123    206    207
   123    207    208
   123    208    126
   123    126    125
   123    125    124
   206    209    210
   206    210    211
   206    211    212
   206    212    207
   126    208    213
   126    213    214
   126    214    127
   213    208    207
   213    207    212
   213    212    215
   128    127    214
   128    214    216
   128    216    217
   128    217    135
   216    214    213
   216    213    215
   216    215    218
   216    218    219
   216    219    220
   221    217    216
   221    216    220
   221    220    222
   221    222    223
   140    139    138
   140    138    134
   140    134    136
   140    136    221
   140    221    223
   140    223    224
   140    224    143
   143    224    225
   143    225    226
   143    226    227
   143    227    144
   145    144    227
   145    227    228
   145    228    148
   228    227    226
   228    226    229
   228    229    230
   228    230    231
   228    231    232
   149    148    228
   149    228    232
   149    232    233
   233    232    231
   233    231    234
   152    150    149
   152    149    233
   152    233    234
   152    234    235
   152    235    153
   153    235    236
   153    236    237
   153    237    238
   153    238    239
   153    239    154
   156    240    241
   156    241    242
   156    242    157
   157    242    243
   157    243    244
   157    244    245
   157    245    158
   159    246    247
   159    247    248
   159    248    161
   159    161    160
   161    248    249
   161    249    164
   161    164    162
   249    250    251
   249    251    252
   249    252    165
   249    165    164
   165    252    253
   165    253    169
   165    169    166
   253    254    170
   253    170    169
   170    254    255
   170    255    256
   170    256    257
   170    257    173
   170    173    172
   170    172    171
   257    258    175
   257    175    174
   257    174    173
   259    260    261
   259    261    177
   259    177    176
   259    176    175
   259    175    258
   261    262    263
   261    263    180
   261    180    178
   261    178    177
   264    265    266
   264    266    263
   264    263    262
   263    266    267
   263    267    184
   263    184    181
   263    181    180
   268    269    267
   268    267    266
   268    266    265
   267    269    270
   267    270    185
   267    185    184
   271    272    273
   271    273    270
   271    270    269
   271    269    268
   271    268    274
   271    274    275
   271    275    276
   186    185    270
   186    270    273
   186    273    277
   186    277    188
   273    272    278
   273    278    279
   273    279    280
   273    280    277
   188    277    280
   188    280    281
   188    281    193
   188    193    192
   188    192    191
   188    191    189
   193    281    282
   193    282    283
   193    283    284
   193    284    285
   193    285    286
   193    286    194
   194    286    196
   194    196    195
   196    286    285
   196    285    287
   196    287    288
   196    288    197
   197    288    289
   197    289    290
   197    290    198
   198    290    291
   198    291    292
   198    292    201
   198    201    200
   198    200    199
   201    292    293
   201    293    294
   201    294    202
   202    294    295
   202    295    296
   202    296    297
   202    297    203
   203    297    298
   203    298    299
   203    299    205
   203    205    204
   205    299    300
   205    300    301
   205    301    209
   205    209    206
   301    302    303
   301    303    304
   301    304    210
   301    210    209
   211    210    304
   211    304    305
   305    304    303
   305    303    306
   305    306    307
   305    307    308
   215    212    211
   215    211    305
   215    305    308
   215    308    309
   215    309    218
   309    308    307
   309    307    310
   309    310    311
   309    311    312
   219    218    309
   219    309    312
   219    312    313
   219    313    314
   219    314    315
   219    315    316
   222    220    219
   222    219    316
   222    316    317
   318    225    224
   318    224    223
   318    223    222
   318    222    317
   318    317    319
   318    319    320
   226    225    318
   226    318    321
   226    321    229
   230    229    321
   230    321    322
   230    322    323
   234    231    230
   234    230    323
   234    323    236
   234    236    235
   236    323    322
   236    322    324
   236    324    325
   236    325    237
   237    325    326
   237    326    238
   238    326    327
   238    327    239
   154    239    327
   154    327    328
   154    328    329
   154    329    155
   155    329    330
   155    330    331
   155    331    240
   155    240    156
   331    332    333
   331    333    241
   331    241    240
   241    333    334
   241    334    243
   241    243    242
   158    245    335
   158    335    246
   158    246    159
   335    336    337
   335    337    247
   335    247    246
   247    337    338
   247    338    250
   247    250    249
   247    249    248
   338    339    340
   338    340    251
   338    251    250
   251    340    341
   251    341    255
   251    255    254
   251    254    253
   251    253    252
   341    342    343
   341    343    344
   341    344    256
   341    256    255
   256    344    345
   256    345    346
   256    346    259
   256    259    258
   256    258    257
   346    347    348
   346    348    260
   346    260    259
   348    349    350
   348    350    264
   348    264    262
   348    262    261
   348    261    260
   350    274    268
   350    268    265
   350    265    264
   351    275    274
   351    274    350
   351    350    349
   352    276    275
   352    275    351
   353    354    271
   353    271    276
   353    276    352
   355    278    272
   355    272    271
   355    271    354
   356    357    279
   356    279    278
   356    278    355
   356    355    358
   280    279    357
   280    357    359
   280    359    282
   280    282    281
   282    359    360
   282    360    361
   282    361    362
   282    362    283
   283    362    363
   283    363    284
   284    363    364
   284    364    365
   284    365    366
   284    366    287
   284    287    285
   287    366    367
   287    367    289
   287    289    288
   289    367    368
   289    368    369
   289    369    291
   289    291    290
   291    369    370
   291    370    293
   291    293    292
   293    370    371
   293    371    372
   293    372    373
   293    373    295
   293    295    294
   295    373    374
   295    374    375
   295    375    296
   296    375    376
   296    376    377
   296    377    298
   296    298    297
   298    377    378
   298    378    379
   298    379    300
   298    300    299
   300    379    380
   300    380    302
   300    302    301
   303    302    380
   303    380    381
   303    381    382
   303    382    306
   307    306    382
   307    382    383
   307    383    310
   310    383    384
   310    384    385
   310    385    386
   310    386    311
   312    311    386
   312    386    387
   312    387    313
   313    387    388
   313    388    389
   313    389    314
   315    314    389
   315    389    390
   315    390    391
   315    391    392
   317    316    315
   317    315    392
   317    392    393
   317    393    394
   317    394    319
   320    319    394
   320    394    395
   320    395    396
   320    396    397
   320    397    398
   322    321    318
   322    318    320
   322    320    398
   322    398    399
   322    399    324
   399    398    397
   399    397    400
   399    400    401
   399    401    402
   327    326    325
   327    325    324
   327    324    399
   327    399    402
   327    402    403
   327    403    328
   402    401    404
   402    404    405
   402    405    406
   402    406    403
   328    403    406
   328    406    407
   328    407    330
   328    330    329
   406    405    408
   406    408    409
   406    409    407
   330    407    409
   330    409    332
   330    332    331
   409    408    410
   409    410    411
   409    411    334
   409    334    333
   409    333    332
   243    334    411
   243    411    412
   243    412    244
   244    412    413
   244    413    414
   244    414    336
   244    336    335
   244    335    245
   414    415    416
   414    416    339
   414    339    338
   414    338    337
   414    337    336
   416    417    418
   416    418    342
   416    342    341
   416    341    340
   416    340    339
   419    420    421
   419    421    422
   419    422    418
   419    418    417
   418    422    423
   418    423    343
   418    343    342
   343    423    424
   343    424    425
   343    425    426
   343    426    345
   343    345    344
   345    426    427
   345    427    428
   345    428    347
   345    347    346
   428    429    353
   428    353    352
   428    352    351
   428    351    349
   428    349    348
   428    348    347
   427    430    431
   427    431    432
   427    432    429
   427    429    428
   432    358    355
   432    355    354
   432    354    353
   432    353    429
   431    433    356
   431    356    358
   431    358    432
   434    360    359
   434    359    357
   434    357    356
   434    356    433
   435    436    361
   435    361    360
   435    360    434
   435    434    437
   364    363    362
   364    362    361
   364    361    436
   364    436    438
   439    440    441
   439    441    442
   439    442    365
   439    365    364
   439    364    438
   439    438    443
   442    368    367
   442    367    366
   442    366    365
   441    444    371
   441    371    370
   441    370    369
   441    369    368
   441    368    442
   445    372    371
   445    371    444
   445    444    446
   445    446    447
   445    447    448
   449    374    373
   449    373    372
   449    372    445
   450    376    375
   450    375    374
   450    374    449
   450    449    451
   450    451    452
   453    378    377
   453    377    376
   453    376    450
   454    381    380
   454    380    379
   454    379    378
   454    378    453
   454    453    455
   382    381    454
   382    454    456
   382    456    384
   382    384    383
   457    385    384
   457    384    456
   457    456    458
   386    385    457
   386    457    388
   386    388    387
   390    459    460
   390    460    461
   390    461    391
   392    391    461
   392    461    462
   392    462    463
   392    463    393
   394    393    463
   394    463    464
   394    464    465
   394    465    395
   395    465    466
   395    466    467
   395    467    468
   395    468    396
   397    396    468
   397    468    469
   397    469    470
   397    470    471
   397    471    400
   470    472    473
   470    473    474
   470    474    471
   400    471    474
   400    474    475
   400    475    476
   400    476    404
   400    404    401
   477    476    475
   477    475    478
   404    476    477
   404    477    410
   404    410    408
   404    408    405
   411    410    477
   411    477    478
   411    478    479
   411    479    480
   411    480    481
   411    481    482
   411    482    413
   411    413    412
   413    482    483
   413    483    484
   413    484    415
   413    415    414
   484    485    486
   484    486    419
   484    419    417
   484    417    416
   484    416    415
   486    487    488
   486    488    489
   486    489    420
   486    420    419
   489    490    491
   489    491    492
   489    492    493
   489    493    421
   489    421    420
   492    494    495
   492    495    493
   421    493    495
   421    495    496
   421    496    424
   421    424    423
   421    423    422
   425    497    430
   425    430    427
   425    427    426
   424    496    498
   424    498    499
   424    499    500
   424    500    501
   424    501    497
   424    497    425
   501    437    434
   501    434    433
   501    433    431
   501    431    430
   501    430    497
   500    502    439
   500    439    443
   500    443    435
   500    435    437
   500    437    501
   443    438    436
   443    436    435
   503    504    505
   503    505    506
   503    506    440
   503    440    439
   503    439    502
   506    446    444
   506    444    441
   506    441    440
   447    446    506
   447    506    505
   447    505    507
   447    507    508
   509    448    447
   509    447    508
   509    508    510
   509    510    511
   512    451    449
   512    449    445
   512    445    448
   512    448    509
   513    452    451
   513    451    512
   513    512    514
   515    455    453
   515    453    450
   515    450    452
   515    452    513
   515    513    516
   458    456    454
   458    454    455
   458    455    515
   458    515    517
   389    388    457
   389    457    458
   389    458    517
   389    517    459
   389    459    390
   461    460    518
   461    518    519
   461    519    462
   463    462    519
   463    519    520
   463    520    464
   466    521    522
   466    522    523
   466    523    524
   466    524    467
   468    467    524
   468    524    525
   468    525    526
   468    526    469
   469    526    527
   469    527    528
   469    528    472
   469    472    470
   479    473    472
   479    472    528
   479    528    480
   478    475    474
   478    474    473
   478    473    479
   483    529    530
   483    530    531
   483    531    485
   483    485    484
   531    532    487
   531    487    486
   531    486    485
   488    533    534
   488    534    490
   488    490    489
   534    535    536
   534    536    491
   534    491    490
   491    536    537
   491    537    494
   491    494    492
   538    498    496
   538    496    495
   538    495    494
   538    494    537
   538    537    539
   538    539    540
   541    542    499
   541    499    498
   541    498    538
   499    542    543
   499    543    544
   499    544    503
   499    503    502
   499    502    500
   545    546    504
   545    504    503
   545    503    544
   545    544    547
   548    507    505
   548    505    504
   548    504    546
   508    507    548
   508    548    549
   508    549    510
   511    510    549
   511    549    550
   511    550    551
   552    514    512
   552    512    509
   552    509    511
   552    511    551
   552    551    553
   554    516    513
   554    513    514
   554    514    552
   554    552    555
   556    518    460
   556    460    459
   556    459    517
   556    517    515
   556    515    516
   556    516    554
   519    518    556
   519    556    557
   519    557    520
   464    520    557
   464    557    521
   464    521    466
   464    466    465
   558    525    524
   558    524    523
   558    523    559
   527    526    525
   527    525    558
   527    558    560
   480    528    527
   480    527    560
   480    560    481
   561    562    533
   561    533    488
   561    488    487
   561    487    532
   563    535    534
   563    534    533
   563    533    562
   539    537    536
   539    536    535
   539    535    563
   564    565    541
   564    541    538
   564    538    540
   564    540    566
   567    543    542
   567    542    541
   567    541    565
   567    565    568
   569    547    544
   569    544    543
   569    543    567
   550    549    548
   550    548    546
   550    546    545
   553    551    550
   553    550    545
   553    545    547
   553    547    569
   553    569    570
   571    555    552
   571    552    553
   571    553    570
   571    570    572
   571    572    573
   522    521    557
   522    557    556
   522    556    554
   522    554    555
   522    555    571
   559    523    522
   559    522    571
   559    571    573
   559    573    530
   559    530    529
   481    560    558
   481    558    559
   481    559    529
   481    529    483
   481    483    482
   566    540    539
   566    539    563
   566    563    562
   566    562    561
   574    568    565
   574    565    564
   572    570    569
   572    569    567
   572    567    568
   572    568    574
   530    573    572
   530    572    574
   530    574    564
   530    564    566
   530    566    561
   530    561    532
   530    532    531
   136    135    217
   136    217    221
