1022 2040
    0.394796     0.015659     0.407395
    0.096788     0.313667     0.407395
    0.033179     0.322100     0.412830
    0.033179     0.007775     0.443788
    0.393601     0.007775     0.408289
    0.395769     0.008319     0.408022
    0.024724     0.331350     0.411086
   -0.066561     0.319248     0.403287
   -0.399466    -0.013657     0.403287
   -0.394791    -0.014830     0.403863
    0.010574    -0.014830     0.443788
   -0.113031    -0.296590     0.403863
   -0.018454    -0.309129     0.411943
    0.010574    -0.277367     0.417930
    0.123420    -0.262406     0.408289
    0.512615     0.044843     0.367988
    0.447085     0.203047     0.367988
    0.413736    -0.000287     0.403653
    0.516045    -0.000287     0.372618
    0.446360     0.216144     0.365954
    0.293849     0.368655     0.365954
    0.288241     0.382493     0.362461
    0.038335     0.486007     0.362461
    0.024724     0.487041     0.363858
    0.001306     0.514280     0.352652
   -0.073990     0.508557     0.344927
   -0.344072     0.396685     0.344927
   -0.379220     0.394740     0.339468
   -0.506121     0.267838     0.339468
   -0.430145    -0.004440     0.396727
   -0.410900    -0.013657     0.401407
   -0.510561     0.266039     0.338348
   -0.582428     0.092535     0.338348
   -0.586942     0.033155     0.344440
   -0.582543     0.025278     0.346764
   -0.547978    -0.004440     0.360983
   -0.543149    -0.067964     0.354466
   -0.473185    -0.236872     0.354466
   -0.471682    -0.264030     0.350248
   -0.465764    -0.274343     0.349525
   -0.385973    -0.354134     0.349525
   -0.330295    -0.357215     0.358173
   -0.179035    -0.419870     0.358173
   -0.036414    -0.430711     0.372805
   -0.018454    -0.409822     0.381398
    0.155399    -0.396607     0.363562
    0.336107    -0.321755     0.363562
    0.422921    -0.316950     0.350078
    0.474628    -0.265242     0.350078
    0.476787    -0.226243     0.356136
    0.524466    -0.111135     0.356136
    0.531859    -0.013882     0.366113
    0.547792     0.035925     0.350463
    0.531286     0.097524     0.350463
    0.551276    -0.013882     0.355734
    0.529004     0.138727     0.344064
    0.449741     0.216259     0.364470
    0.443149     0.245386     0.354906
    0.303746     0.384789     0.354906
    0.288438     0.388253     0.359933
    0.169020     0.510337     0.328503
    0.145136     0.523860     0.326932
    0.137456     0.529356     0.325094
    0.001306     0.565837     0.325094
   -0.022845     0.591731     0.307795
   -0.076196     0.587999     0.302149
   -0.202583     0.554133     0.302149
    0.001260     0.565916     0.325046
   -0.252442     0.551372     0.294406
   -0.380111     0.420853     0.328007
   -0.407781     0.414590     0.318921
   -0.547315     0.275056     0.318921
   -0.549059     0.267353     0.321450
   -0.605180     0.212458     0.307002
   -0.607849     0.164260     0.314487
   -0.617491     0.128277     0.314487
   -0.620959     0.078712     0.319733
   -0.608427     0.053217     0.330082
   -0.578423    -0.033601     0.340533
   -0.557994    -0.109846     0.340533
   -0.555554    -0.153883     0.333694
   -0.519889    -0.216877     0.337837
   -0.454739    -0.323053     0.333530
   -0.387217    -0.390576     0.333530
   -0.385588    -0.397177     0.330966
   -0.345660    -0.437995     0.320457
   -0.245783    -0.443527     0.335968
   -0.179214    -0.461365     0.335968
   -0.039402    -0.471146     0.350764
   -0.036414    -0.467947     0.352902
    0.145114    -0.455246     0.333691
    0.245190    -0.428431     0.333691
    0.394386    -0.420167     0.310521
    0.422395    -0.391533     0.317893
    0.425094    -0.380600     0.322141
    0.510324    -0.270905     0.332525
    0.508424    -0.266396     0.335245
    0.503167    -0.302526     0.322141
    0.518735    -0.259243     0.332064
    0.533583    -0.244720     0.328242
    0.538749    -0.151435     0.342729
    0.548778    -0.114007     0.342729
    0.555507    -0.017832     0.352907
    0.580844    -0.001632     0.329469
    0.564287     0.081607     0.329469
    0.575658    -0.017832     0.336370
    0.581562    -0.011238     0.330447
    0.544996     0.137897     0.332543
    0.544598     0.138076     0.332799
    0.561577     0.119868     0.323958
    0.453973     0.273704     0.332799
    0.445857     0.277296     0.337047
    0.335656     0.387497     0.337047
    0.327689     0.405501     0.327624
    0.171703     0.509727     0.327624
    0.070514     0.590923     0.293218
    0.069717     0.591926     0.292525
   -0.022845     0.610338     0.292525
   -0.045176     0.630381     0.272431
   -0.082478     0.627591     0.268631
   -0.149127     0.614334     0.268631
   -0.022968     0.610495     0.292376
   -0.187257     0.611634     0.263139
   -0.252429     0.551695     0.294172
   -0.276682     0.546183     0.286225
   -0.450442     0.430080     0.286225
   -0.455504     0.418641     0.292213
   -0.549329     0.324816     0.292213
   -0.550966     0.318057     0.294855
   -0.608766     0.231553     0.294855
   -0.613181     0.212124     0.301222
   -0.625558     0.198667     0.294814
   -0.628402     0.158494     0.300600
   -0.634330     0.128692     0.300600
   -0.636749     0.096346     0.303895
   -0.605866     0.018967     0.326593
   -0.589376    -0.063932     0.326593
   -0.585296    -0.121545     0.318295
   -0.510553    -0.257955     0.324377
   -0.456128    -0.339408     0.324377
   -0.448002    -0.372966     0.311257
   -0.420803    -0.400166     0.311257
   -0.418643    -0.405047     0.308702
   -0.351928    -0.449625     0.308702
   -0.345110    -0.451174     0.310936
   -0.325885    -0.468855     0.301782
   -0.220605    -0.476311     0.316945
   -0.150125    -0.490330     0.316945
   -0.039402    -0.498610     0.328225
   -0.024050    -0.512356     0.314437
    0.130206    -0.500821     0.298723
    0.221202    -0.482721     0.298723
    0.392280    -0.470606     0.274082
    0.494431    -0.397648     0.277578
    0.395571    -0.472963     0.270697
    0.396518    -0.472747     0.270387
    0.496908    -0.405669     0.270387
    0.506878    -0.346241     0.297676
    0.548425    -0.244101     0.317519
    0.534661    -0.304660     0.297676
    0.552439    -0.239736     0.315441
    0.559282    -0.143097     0.329360
    0.570512    -0.086639     0.329360
    0.636027     0.008519     0.260268
    0.619272     0.114309     0.260268
    0.618565     0.114207     0.261149
    0.622723    -0.011238     0.280293
    0.623169     0.121609     0.251426
    0.561271     0.243091     0.251426
    0.554755     0.247671     0.256281
    0.545220     0.258297     0.258515
    0.522046     0.269260     0.273059
    0.350235     0.441070     0.273059
    0.324622     0.452480     0.286395
    0.257758     0.512477     0.272337
    0.244013     0.516156     0.277389
    0.082159     0.598625     0.277389
    0.068718     0.601984     0.281439
    0.033217     0.628791     0.259239
    0.032435     0.629511     0.258512
   -0.045176     0.641803     0.258512
   -0.046114     0.642633     0.257320
   -0.065740     0.655849     0.237429
   -0.091383     0.653753     0.235033
   -0.139443     0.646141     0.235033
   -0.176474     0.642974     0.230313
   -0.184766     0.636713     0.235498
   -0.216320     0.628826     0.225989
   -0.363388     0.553891     0.225989
   -0.383785     0.548433     0.218492
   -0.439011     0.498878     0.230103
   -0.447061     0.481861     0.240783
   -0.578887     0.350035     0.240783
   -0.591343     0.322073     0.255341
   -0.604521     0.307386     0.252253
   -0.612768     0.276572     0.263580
   -0.643844     0.215583     0.263580
   -0.647443     0.201182     0.267919
   -0.645066     0.196729     0.273313
   -0.647441     0.168955     0.276854
   -0.656154     0.113949     0.276854
   -0.656815     0.105857     0.277610
   -0.650411     0.096346     0.287249
   -0.649150     0.080922     0.285808
   -0.628385    -0.050186     0.285808
   -0.624019    -0.101229     0.279301
   -0.610574    -0.119033     0.290435
   -0.603255    -0.148316     0.281611
   -0.516025    -0.319515     0.281611
   -0.505641    -0.358318     0.267348
   -0.495275    -0.369870     0.269777
   -0.495252    -0.369881     0.269791
   -0.415748    -0.449385     0.269791
   -0.414828    -0.451329     0.268572
   -0.403924    -0.454247     0.272580
   -0.330262    -0.491780     0.272580
   -0.323438    -0.493485     0.274636
   -0.307531    -0.505497     0.264688
   -0.219756    -0.513004     0.275878
   -0.076555    -0.535685     0.275878
   -0.024050    -0.539976     0.280783
    0.019940    -0.569599     0.236197
    0.128139    -0.560757     0.226090
    0.253359    -0.540924     0.226090
    0.389980    -0.529239     0.208673
    0.407312    -0.538490     0.187681
    0.495995    -0.493304     0.187681
    0.496510    -0.483029     0.199304
    0.495566    -0.481553     0.201577
    0.500300    -0.409060     0.265195
    0.538495    -0.441045     0.199304
    0.528892    -0.407193     0.240103
    0.540065    -0.365444     0.255448
    0.591999    -0.235806     0.271840
    0.580600    -0.285890     0.255448
    0.592761    -0.237234     0.270111
    0.597634    -0.169928     0.280239
    0.622676    -0.011818     0.280239
    0.704516     0.024775     0.129633
    0.691304     0.125129     0.129633
    0.677904     0.124180     0.154936
    0.649209     0.011567     0.236358
    0.698793     0.011567     0.143594
    0.642218     0.130438     0.215647
    0.693790     0.133793     0.118490
    0.656639     0.223483     0.118490
    0.652515     0.227866     0.122725
    0.646529     0.225170     0.135756
    0.649784     0.233606     0.120018
    0.541555     0.374652     0.120018
    0.530569     0.382627     0.127891
    0.504730     0.408467     0.127891
    0.468751     0.427104     0.148544
    0.301187     0.555680     0.148544
    0.242842     0.583439     0.176061
    0.240863     0.584910     0.175359
    0.179467     0.603053     0.195325
    0.078068     0.645053     0.195325
    0.032669     0.657336     0.207290
    0.027800     0.655939     0.213551
    0.012057     0.657455     0.215262
   -0.056978     0.666544     0.215262
   -0.065740     0.667313     0.215981
   -0.081694     0.674226     0.199119
   -0.108917     0.671836     0.196884
   -0.144148     0.667198     0.196884
   -0.172708     0.664448     0.193781
   -0.197224     0.671482     0.162249
   -0.249243     0.657408     0.148539
   -0.308158     0.633005     0.148539
   -0.366743     0.615693     0.129487
   -0.370184     0.613135     0.130709
   -0.389105     0.604133     0.121785
   -0.525938     0.499138     0.121785
   -0.534275     0.487652     0.130016
   -0.542683     0.479245     0.130016
   -0.569838     0.426823     0.160107
   -0.622680     0.357959     0.160107
   -0.642085     0.317172     0.179344
   -0.640438     0.299837     0.203525
   -0.646712     0.278607     0.210428
   -0.670497     0.221183     0.210428
   -0.676718     0.198192     0.216488
   -0.676132     0.196151     0.219112
   -0.676398     0.193396     0.219412
   -0.687922     0.105857     0.219412
   -0.690254     0.101550     0.213988
   -0.702383     0.073557     0.184402
   -0.699278     0.038177     0.181497
   -0.685912    -0.063349     0.181497
   -0.683265    -0.090839     0.178510
   -0.689247    -0.111692     0.151690
   -0.682404    -0.136985     0.145024
   -0.610625    -0.310275     0.145024
   -0.609189    -0.315134     0.143444
   -0.598462    -0.329568     0.148569
   -0.582496    -0.342163     0.163077
   -0.513674    -0.431853     0.163077
   -0.498791    -0.442657     0.173743
   -0.486494    -0.444385     0.191490
   -0.482195    -0.446612     0.193958
   -0.417152    -0.454277     0.262294
   -0.408520    -0.495341     0.206581
   -0.424423    -0.490942     0.193958
   -0.413574    -0.496104     0.199075
   -0.408653    -0.495636     0.205938
   -0.301475    -0.540031     0.205938
   -0.296412    -0.544418     0.199664
   -0.251245    -0.569860     0.167664
   -0.221801    -0.572695     0.170863
    0.019940    -0.604521     0.170863
    0.020121    -0.604619     0.170636
    0.084322    -0.632436     0.102779
    0.156848    -0.626071     0.096824
    0.306925    -0.606313     0.096824
    0.396123    -0.597723     0.087134
    0.399627    -0.595750     0.089616
    0.409021    -0.542178     0.180755
    0.498302    -0.546240     0.105460
    0.404460    -0.594443     0.088342
    0.495112    -0.556893     0.088342
    0.499169    -0.548165     0.101272
    0.506601    -0.506761     0.159023
    0.531176    -0.503865     0.133204
    0.530612    -0.524037     0.101272
    0.531004    -0.523497     0.101658
    0.533444    -0.506133     0.126719
    0.538572    -0.441105     0.199141
    0.580046    -0.432387     0.142872
    0.573832    -0.453499     0.126719
    0.580683    -0.439098     0.133511
    0.586303    -0.411213     0.149757
    0.654459    -0.246671     0.149757
    0.660212    -0.225406     0.155362
    0.670748    -0.206701     0.142109
    0.671183    -0.202184     0.142600
    0.697731    -0.000532     0.142600
    0.722110     0.107939     0.040843
    0.718616     0.117041     0.048979
    0.704974     0.024907     0.128173
    0.731465     0.024907     0.040843
    0.714931     0.127028     0.056264
    0.693983     0.133881     0.117861
    0.711139     0.140401     0.053313
    0.690975     0.198028     0.053313
    0.688458     0.206027     0.051132
    0.685711     0.210821     0.053218
    0.669108     0.244089     0.039922
    0.635568     0.297467     0.039922
    0.619038     0.327303     0.025272
    0.596296     0.354511     0.029564
    0.579215     0.376971     0.015500
    0.479703     0.476483     0.015500
    0.478440     0.477963     0.014326
    0.440103     0.510006     0.008278
    0.395598     0.534664     0.030131
    0.307359     0.590109     0.030131
    0.251275     0.618097     0.052547
    0.224488     0.622505     0.090950
    0.165921     0.640934     0.106924
    0.118483     0.657533     0.106924
    0.061117     0.673795     0.119579
    0.027603     0.672818     0.161766
    0.002672     0.675376     0.163990
   -0.056000     0.681987     0.163990
   -0.081694     0.684342     0.165768
   -0.088376     0.685679     0.158881
   -0.124260     0.682389     0.156397
   -0.156020     0.678811     0.156397
   -0.196174     0.674690     0.152814
   -0.233744     0.675786     0.105522
   -0.290884     0.659587     0.092917
   -0.304519     0.654816     0.092917
   -0.356878     0.638341     0.078637
   -0.377382     0.634968     0.049242
   -0.417062     0.615165     0.033382
   -0.459590     0.588443     0.033382
   -0.485424     0.574130     0.020697
   -0.496049     0.565248     0.022373
   -0.505825     0.553801     0.031460
   -0.555899     0.503727     0.031460
   -0.577777     0.474958     0.049473
   -0.581649     0.464907     0.065628
   -0.610440     0.412944     0.091144
   -0.629407     0.382758     0.091144
   -0.654963     0.331549     0.111611
   -0.658505     0.310019     0.142477
   -0.667702     0.280790     0.150449
   -0.688062     0.222607     0.150449
   -0.696850     0.191605     0.157288
   -0.701226     0.179748     0.148639
   -0.701474     0.177325     0.148855
   -0.713166     0.073557     0.148855
   -0.713416     0.072543     0.147656
   -0.724961     0.014818     0.088154
   -0.720525    -0.033574     0.084804
   -0.715935    -0.074315     0.084804
   -0.712893    -0.103955     0.082159
   -0.713789    -0.134673     0.043493
   -0.702923    -0.173001     0.035037
   -0.677279    -0.246289     0.035037
   -0.672651    -0.260997     0.031026
   -0.657396    -0.287613     0.042614
   -0.649691    -0.297492     0.052510
   -0.610505    -0.359857     0.052510
   -0.585565    -0.387508     0.075900
   -0.580318    -0.393785     0.076890
   -0.552444    -0.417588     0.099015
   -0.519161    -0.450871     0.099015
   -0.490351    -0.472780     0.117054
   -0.487270    -0.473967     0.122006
   -0.478265    -0.478957     0.126428
   -0.402037    -0.526854     0.126428
   -0.399664    -0.528038     0.127376
   -0.377739    -0.540605     0.117830
   -0.361533    -0.550517     0.103746
   -0.244133    -0.591597     0.103746
   -0.220251    -0.603389     0.077170
   -0.149044    -0.629667     0.025230
   -0.137703    -0.634019     0.015093
    0.077436    -0.658260     0.015093
    0.084322    -0.658891     0.015570
    0.125038    -0.667035    -0.026400
    0.170005    -0.662913    -0.029513
    0.303829    -0.647834    -0.029513
    0.334580    -0.644679    -0.032256
    0.374784    -0.629842    -0.002931
    0.387702    -0.623464     0.011444
    0.447368    -0.602585     0.011444
    0.465350    -0.591587     0.027071
    0.473721    -0.586790     0.030716
    0.486453    -0.576860     0.043470
    0.495135    -0.556927     0.088223
    0.508127    -0.563242     0.043470
    0.519184    -0.553268     0.052823
    0.520521    -0.551276     0.056384
    0.520642    -0.551134     0.056497
    0.555446    -0.516330     0.056497
    0.557374    -0.513795     0.058085
    0.561512    -0.508844     0.057304
    0.570795    -0.498553     0.048598
    0.618504    -0.422624     0.048598
    0.626371    -0.412537     0.038494
    0.648490    -0.373943     0.021691
    0.651788    -0.368552     0.017006
    0.706757    -0.211459     0.017006
    0.711925    -0.193229     0.021027
    0.718194    -0.176241     0.008636
    0.720468    -0.154086     0.010612
    0.731560     0.024523     0.040388
    0.732076    -0.051061     0.010612
    0.736665    -0.001001     0.014078
    0.738889    -0.001001    -0.008504
    0.734807     0.040443    -0.008504
    0.731560     0.071340    -0.006429
    0.731378     0.072955    -0.006429
    0.724148     0.106019     0.024671
    0.710344     0.151525     0.024671
    0.706783     0.162567     0.027015
    0.693430     0.200729     0.027015
    0.687782     0.213024     0.016606
    0.662871     0.259628     0.016606
    0.646905     0.287679     0.005640
    0.625544     0.321674     0.005640
    0.600534     0.355202    -0.020427
    0.568221     0.394576    -0.020427
    0.536847     0.430139    -0.043194
    0.506625     0.460361    -0.043194
    0.487491     0.477241    -0.055442
    0.421832     0.531126    -0.055442
    0.417856     0.534092    -0.058534
    0.387739     0.553015    -0.058534
    0.358951     0.569402    -0.047279
    0.303306     0.599144    -0.047279
    0.252469     0.622498    -0.004237
    0.241823     0.626967     0.009528
    0.191586     0.643166     0.020194
    0.134930     0.660353     0.020194
    0.061247     0.676464     0.089500
    0.057970     0.677137     0.093061
    0.011831     0.681987     0.096159
   -0.078605     0.690894     0.096159
   -0.088376     0.690894     0.105931
   -0.174726     0.682389     0.105931
   -0.208527     0.678837     0.103661
   -0.233523     0.676020     0.103661
   -0.294278     0.662736     0.046515
   -0.329996     0.651901     0.046515
   -0.374697     0.637487     0.037024
   -0.424484     0.614784    -0.007022
   -0.443991     0.604357    -0.007022
   -0.378940     0.635706     0.031538
   -0.472459     0.588152    -0.018152
   -0.474284     0.587006    -0.018152
   -0.485142     0.578906    -0.026594
   -0.519188     0.550966    -0.026594
   -0.519840     0.550391    -0.026177
   -0.524764     0.545466    -0.026177
   -0.542114     0.525800    -0.013587
   -0.561604     0.502052    -0.013587
   -0.586525     0.468643     0.012387
   -0.588535     0.465652     0.017017
   -0.614314     0.420361     0.034723
   -0.635842     0.380086     0.034723
   -0.661185     0.324918     0.081431
   -0.668772     0.303236     0.081431
   -0.677591     0.275886     0.087238
   -0.708965     0.172460     0.087238
   -0.709733     0.168949     0.083936
   -0.713416     0.136263     0.083936
   -0.716556     0.106386     0.081929
   -0.725574     0.014818     0.081929
   -0.725574    -0.041537     0.025575
   -0.720525    -0.092803     0.025575
   -0.717146    -0.124949     0.023416
   -0.716319    -0.132290     0.023416
   -0.709287    -0.164450    -0.006834
   -0.695988    -0.208294    -0.006834
   -0.692825    -0.218100    -0.008916
   -0.683657    -0.244302    -0.008916
   -0.679188    -0.254031    -0.000679
   -0.659045    -0.291715    -0.000679
   -0.647868    -0.311351     0.006998
   -0.638916    -0.325597     0.006998
   -0.618557    -0.352891     0.028218
   -0.595669    -0.380781     0.028218
   -0.570919    -0.408834     0.046177
   -0.555785    -0.423969     0.046177
   -0.540146    -0.437765     0.056188
   -0.477387    -0.489270     0.056188
   -0.473717    -0.492008     0.059042
   -0.446948    -0.508828     0.059042
   -0.415916    -0.526491     0.046910
   -0.349045    -0.562235     0.046910
   -0.288770    -0.589924    -0.004122
   -0.283304    -0.592218    -0.011190
   -0.211349    -0.615421    -0.026467
   -0.132771    -0.639258    -0.026467
   -0.049536    -0.657457    -0.104758
   -0.042414    -0.658260    -0.104758
    0.010771    -0.663850    -0.108329
    0.125038    -0.675104    -0.108329
    0.129526    -0.675104    -0.112817
    0.214172    -0.666767    -0.112817
    0.250846    -0.662913    -0.110354
    0.271294    -0.660609    -0.110354
    0.271462    -0.660579    -0.110258
    0.332091    -0.647322    -0.053230
    0.360539    -0.638693    -0.053230
    0.396262    -0.627173    -0.045646
    0.403212    -0.624256    -0.036658
    0.444475    -0.605300    -0.001723
    0.460449    -0.596762    -0.001723
    0.488128    -0.581007     0.009098
    0.488193    -0.580966     0.009098
    0.501162    -0.571292     0.019181
    0.534124    -0.544241     0.019181
    0.535300    -0.543203     0.019934
    0.544257    -0.534246     0.019934
    0.559641    -0.516808     0.008771
    0.583995    -0.487133     0.008771
    0.609761    -0.452592    -0.018083
    0.611236    -0.450244    -0.018083
    0.636725    -0.405464    -0.035590
    0.662632    -0.356997    -0.035590
    0.683281    -0.312045    -0.073648
    0.691741    -0.287870    -0.073648
    0.696105    -0.274336    -0.076522
    0.724664    -0.180190    -0.076522
    0.727429    -0.167545    -0.064628
    0.728517    -0.157885    -0.064628
    0.732076    -0.124027    -0.062354
    0.738889    -0.054851    -0.062354
    0.738612    -0.054851    -0.065168
    0.734807    -0.013347    -0.062295
    0.730781     0.022381    -0.062295
    0.728514     0.044480    -0.060323
    0.729398     0.074819    -0.022133
    0.716425     0.120583    -0.012038
    0.690818     0.193762    -0.012038
    0.683232     0.217872    -0.005462
    0.655508     0.266244    -0.026522
    0.647575     0.276416    -0.036711
    0.595137     0.359871    -0.036711
    0.570905     0.386737    -0.059436
    0.543405     0.419637    -0.064626
    0.511333     0.447025    -0.090083
    0.470517     0.487841    -0.090083
    0.439785     0.511213    -0.109326
    0.432071     0.517660    -0.108110
    0.420601     0.524016    -0.113742
    0.350944     0.567784    -0.113742
    0.349931     0.568289    -0.114147
    0.329411     0.580050    -0.105213
    0.312878     0.590162    -0.090845
    0.226141     0.620513    -0.090845
    0.202058     0.632405    -0.064044
    0.149646     0.651746    -0.025814
    0.139292     0.655720    -0.016559
   -0.044812     0.676464    -0.016559
   -0.044894     0.676471    -0.016565
   -0.078605     0.683214     0.018184
   -0.126357     0.678837     0.021490
   -0.265048     0.663210     0.021490
   -0.296911     0.659940     0.024332
   -0.343948     0.642582    -0.009977
   -0.355748     0.636755    -0.023109
   -0.428018     0.611467    -0.023109
   -0.444833     0.601183    -0.037722
   -0.456136     0.594704    -0.042644
   -0.467931     0.585506    -0.054458
   -0.493132     0.569671    -0.054458
   -0.501900     0.561763    -0.061875
   -0.536562     0.526576    -0.064727
   -0.502990     0.560138    -0.064778
   -0.536533     0.526595    -0.064778
   -0.548303     0.513558    -0.053715
   -0.600611     0.433547    -0.040271
   -0.590144     0.446969    -0.053715
   -0.619224     0.401073    -0.026133
   -0.624982     0.391659    -0.017951
   -0.685234     0.219468    -0.017951
   -0.699177     0.178889     0.000190
   -0.688653     0.207407    -0.020612
   -0.716556     0.022221    -0.002236
   -0.701967     0.151700    -0.002236
   -0.722401    -0.041537    -0.006649
   -0.717701    -0.065034    -0.030870
   -0.717146    -0.071082    -0.030451
   -0.706311    -0.167253    -0.030451
   -0.703484    -0.174618    -0.037034
   -0.700904    -0.181610    -0.042134
   -0.697947    -0.192040    -0.039833
   -0.678086    -0.248800    -0.039833
   -0.677799    -0.250545    -0.037331
   -0.666410    -0.273365    -0.028211
   -0.636574    -0.320849    -0.028211
   -0.629365    -0.333861    -0.021821
   -0.619838    -0.345259    -0.023619
   -0.608734    -0.359860    -0.014477
   -0.526063    -0.442530    -0.014477
   -0.520031    -0.447118    -0.018255
   -0.497724    -0.465763    -0.014736
   -0.447623    -0.493522    -0.039337
   -0.358435    -0.549563    -0.039337
   -0.295054    -0.581192    -0.064669
   -0.269974    -0.585319    -0.100626
   -0.188330    -0.611009    -0.122893
   -0.130073    -0.631394    -0.122893
   -0.053688    -0.653048    -0.139744
   -0.024445    -0.652195    -0.176554
    0.012537    -0.655990    -0.179853
    0.082294    -0.663850    -0.179853
    0.114563    -0.666808    -0.182087
    0.129526    -0.669801    -0.166664
    0.162616    -0.666767    -0.164373
    0.191906    -0.663467    -0.164373
    0.231163    -0.659439    -0.160871
    0.321838    -0.646298    -0.099145
    0.398328    -0.625235    -0.055049
    0.333880    -0.642085    -0.099145
    0.375485    -0.628993    -0.087798
    0.434560    -0.607153    -0.040568
    0.499063    -0.568401    -0.028813
    0.475123    -0.581666    -0.040568
    0.509778    -0.559445    -0.030503
    0.517943    -0.549884    -0.038092
    0.573982    -0.493845    -0.038092
    0.596881    -0.463735    -0.056946
    0.599656    -0.456531    -0.068525
    0.626983    -0.407209    -0.092744
    0.652014    -0.367372    -0.092744
    0.675471    -0.320368    -0.111530
    0.678133    -0.304193    -0.134719
    0.683100    -0.288407    -0.139025
    0.706458    -0.221653    -0.139025
    0.710874    -0.206077    -0.142461
    0.714853    -0.195293    -0.134595
    0.718379    -0.186108    -0.126385
    0.726605    -0.113099    -0.126385
    0.728517    -0.105321    -0.117192
    0.717405    -0.113099    -0.156713
    0.714917    -0.084757    -0.154386
    0.701899     0.014125    -0.154386
    0.700224     0.031519    -0.152496
    0.706052     0.051829    -0.126373
    0.695676     0.090181    -0.116266
    0.617597     0.278680    -0.116266
    0.613936     0.291068    -0.112237
    0.582907     0.332818    -0.127061
    0.567287     0.345141    -0.141255
    0.480365     0.458420    -0.141255
    0.453858     0.477660    -0.160250
    0.451124     0.480395    -0.160250
    0.436155     0.488149    -0.168843
    0.376668     0.533795    -0.168843
    0.361894     0.540824    -0.175811
    0.361318     0.540769    -0.176614
    0.268414     0.579252    -0.176614
    0.263950     0.583120    -0.171083
    0.232597     0.600780    -0.148870
    0.202233     0.603704    -0.152169
    0.002645     0.629980    -0.152169
   -0.005304     0.630678    -0.152822
   -0.044894     0.647832    -0.110977
   -0.117911     0.641423    -0.104982
   -0.278414     0.620293    -0.104982
   -0.363826     0.612068    -0.095702
   -0.376672     0.604832    -0.104804
   -0.378699     0.604284    -0.104269
   -0.476489     0.563778    -0.104269
   -0.477045     0.564582    -0.101436
   -0.502174     0.558988    -0.069919
   -0.509331     0.533920    -0.114993
   -0.510841     0.535431    -0.108845
   -0.479854     0.556538    -0.114993
   -0.535960     0.526189    -0.067339
   -0.548549     0.469635    -0.138269
   -0.511597     0.517792    -0.138269
   -0.551279     0.463897    -0.140976
   -0.555393     0.434180    -0.163424
   -0.625622     0.264634    -0.163424
   -0.550144     0.451946    -0.157647
   -0.643426     0.222204    -0.153601
   -0.631254     0.243814    -0.168911
   -0.675540    -0.026778    -0.155647
   -0.645240     0.203374    -0.155647
   -0.676917    -0.042470    -0.156936
   -0.686613    -0.064848    -0.133284
   -0.687258    -0.065034    -0.131227
   -0.676929    -0.186868    -0.113678
   -0.680227    -0.188374    -0.102933
   -0.672556    -0.171624    -0.133284
   -0.677403    -0.248599    -0.042333
   -0.650000    -0.260535    -0.103858
   -0.647213    -0.258608    -0.113678
   -0.564603    -0.365583    -0.114890
   -0.646395    -0.258988    -0.114890
   -0.544721    -0.380015    -0.129137
   -0.354484    -0.514255    -0.156155
   -0.544368    -0.380064    -0.129646
   -0.498189    -0.403986    -0.156155
   -0.286927    -0.546396    -0.188017
   -0.096662    -0.615307    -0.215134
   -0.286186    -0.546325    -0.189051
   -0.205978    -0.570027    -0.215134
   -0.031495    -0.632938    -0.232309
   -0.030576    -0.633456    -0.231658
   -0.003110    -0.636100    -0.234642
    0.076278    -0.646552    -0.234642
    0.090372    -0.647789    -0.235799
    0.114563    -0.658271    -0.210231
    0.141088    -0.655943    -0.208053
    0.176221    -0.651317    -0.208053
    0.203438    -0.648696    -0.205097
    0.231997    -0.656890    -0.168364
    0.276834    -0.644760    -0.156547
    0.385639    -0.605683    -0.140134
    0.335475    -0.620470    -0.156547
    0.385545    -0.605674    -0.140264
    0.401824    -0.597982    -0.132500
    0.538965    -0.492750    -0.132500
    0.547436    -0.481080    -0.140863
    0.555878    -0.472638    -0.140863
    0.579770    -0.426517    -0.167338
    0.640222    -0.347734    -0.167338
    0.656442    -0.313641    -0.183418
    0.655225    -0.300827    -0.201291
    0.657274    -0.293894    -0.203546
    0.686107    -0.224286    -0.203546
    0.687868    -0.217774    -0.205262
    0.691188    -0.212518    -0.200346
    0.699180    -0.151817    -0.200346
    0.706432    -0.138423    -0.183478
    0.668000    -0.151817    -0.258679
    0.664685    -0.151050    -0.264692
    0.663991    -0.150019    -0.265738
    0.663039    -0.138380    -0.264650
    0.641848    -0.004585    -0.264650
    0.637824     0.042462    -0.258653
    0.620861     0.064927    -0.272702
    0.609871     0.108897    -0.259451
    0.506317     0.312132    -0.259451
    0.493323     0.360688    -0.241604
    0.467231     0.389767    -0.247717
    0.463132     0.398968    -0.242927
    0.374936     0.487164    -0.242927
    0.370828     0.495847    -0.237477
    0.370390     0.496240    -0.237385
    0.361122     0.540334    -0.177562
    0.363290     0.498140    -0.239995
    0.287092     0.536965    -0.239995
    0.282278     0.538168    -0.241446
    0.274601     0.543965    -0.236645
    0.191663     0.551059    -0.247218
    0.070771     0.570206    -0.247218
    0.010728     0.575113    -0.252827
   -0.005304     0.585908    -0.236579
   -0.109919     0.577359    -0.226806
   -0.385657     0.548359    -0.201132
   -0.386323     0.549796    -0.198433
   -0.246460     0.555733    -0.226806
   -0.378340     0.544453    -0.209994
   -0.478710     0.554000    -0.120519
   -0.475865     0.502396    -0.201132
   -0.486675     0.516111    -0.171923
   -0.507466     0.513661    -0.150080
   -0.476344     0.492840    -0.211942
   -0.511472     0.457712    -0.211942
   -0.513839     0.459577    -0.206902
   -0.513250     0.377951    -0.270992
   -0.549589     0.306630    -0.270992
   -0.501403     0.422217    -0.254722
   -0.562266     0.255911    -0.286276
   -0.593897     0.001879    -0.301332
   -0.560660     0.252902    -0.289921
   -0.568316     0.163387    -0.301332
   -0.613895    -0.039532    -0.274118
   -0.626604    -0.042470    -0.251064
   -0.594986    -0.011452    -0.302577
   -0.659274    -0.170683    -0.158364
   -0.605808    -0.165109    -0.253466
   -0.629209    -0.175955    -0.209511
   -0.597102    -0.145556    -0.274118
   -0.596863    -0.148352    -0.273762
   -0.632707    -0.252822    -0.144686
   -0.557500    -0.268631    -0.246721
   -0.554333    -0.266135    -0.253466
   -0.383820    -0.417463    -0.276313
   -0.546414    -0.266532    -0.262424
   -0.524282    -0.277001    -0.276313
   -0.351146    -0.432019    -0.293325
   -0.300698    -0.477285    -0.282719
   -0.111947    -0.565748    -0.294435
   -0.268823    -0.485816    -0.294435
   -0.079002    -0.573982    -0.304363
   -0.036161    -0.606332    -0.277572
    0.057623    -0.620625    -0.278553
   -0.028460    -0.606991    -0.278553
    0.063739    -0.621125    -0.279124
    0.090372    -0.639059    -0.252131
    0.118950    -0.636724    -0.249462
    0.165656    -0.629327    -0.249462
    0.207461    -0.625751    -0.244132
    0.211566    -0.622652    -0.246699
    0.238036    -0.616036    -0.238722
    0.381597    -0.542888    -0.238722
    0.399765    -0.538025    -0.232044
    0.450497    -0.492504    -0.242711
    0.456676    -0.479442    -0.250908
    0.589143    -0.346975    -0.250908
    0.597528    -0.328151    -0.260709
    0.614333    -0.309423    -0.256771
    0.618281    -0.294672    -0.262193
    0.654110    -0.224353    -0.262193
    0.654483    -0.222861    -0.262643
    0.684750    -0.217553    -0.211150
    0.654132    -0.222203    -0.263439
    0.654972    -0.212373    -0.264692
    0.640412    -0.150019    -0.294468
    0.622187    -0.129666    -0.312747
    0.618449    -0.122062    -0.315834
    0.615675    -0.084961    -0.312055
    0.597284     0.007496    -0.312055
    0.593021     0.067692    -0.303385
    0.555472     0.108520    -0.322826
    0.512961     0.183603    -0.327764
    0.499972     0.240756    -0.309037
    0.430701     0.344427    -0.309037
    0.418960     0.392918    -0.290079
    0.383374     0.428505    -0.290079
    0.377968     0.440722    -0.283684
    0.300416     0.492540    -0.283684
    0.300412     0.492550    -0.283678
    0.285442     0.506318    -0.276549
    0.185210     0.513416    -0.290986
    0.117453     0.526893    -0.290986
    0.010728     0.534874    -0.301858
   -0.133628     0.518991    -0.293352
    0.004528     0.529322    -0.307427
   -0.383966     0.487819    -0.272413
   -0.238587     0.498113    -0.293352
   -0.388833     0.483343    -0.274731
   -0.475180     0.491019    -0.214744
   -0.389760     0.481274    -0.276061
   -0.478151     0.422213    -0.276061
   -0.479580     0.423642    -0.273874
   -0.487392     0.356528    -0.307855
   -0.508532     0.324889    -0.307855
   -0.474416     0.410120    -0.286903
   -0.526345     0.256312    -0.327741
   -0.523388     0.259527    -0.329272
   -0.544315     0.089680    -0.344803
   -0.534734     0.137848    -0.344803
   -0.560774    -0.011452    -0.344266
   -0.551067    -0.000612    -0.354001
   -0.559403    -0.029785    -0.342398
   -0.541336    -0.153869    -0.334960
   -0.544994    -0.102225    -0.342398
   -0.536834    -0.158765    -0.337291
   -0.452567    -0.281684    -0.339250
   -0.533786    -0.160130    -0.339250
   -0.354600    -0.379116    -0.339752
   -0.446473    -0.284381    -0.342440
   -0.356873    -0.373981    -0.342440
   -0.203592    -0.480017    -0.339752
   -0.143798    -0.509845    -0.340493
   -0.079499    -0.568981    -0.309875
   -0.191345    -0.482800    -0.343765
   -0.144631    -0.509248    -0.340692
    0.027557    -0.588750    -0.311591
   -0.067586    -0.569824    -0.311591
    0.063739    -0.613584    -0.288313
    0.036775    -0.589439    -0.312530
    0.107307    -0.610326    -0.283874
    0.167966    -0.598260    -0.283874
    0.214315    -0.594978    -0.277199
    0.271067    -0.542784    -0.304223
    0.273546    -0.541380    -0.304386
    0.299158    -0.535559    -0.295994
    0.460030    -0.428068    -0.295994
    0.462171    -0.423229    -0.298526
    0.552076    -0.333324    -0.298526
    0.557924    -0.330737    -0.295465
    0.614023    -0.246779    -0.295465
    0.615399    -0.240724    -0.297449
    0.630251    -0.224576    -0.289760
    0.631847    -0.202035    -0.293006
    0.639340    -0.164366    -0.293006
    0.587210    -0.092892    -0.336710
    0.582961    -0.032169    -0.330284
    0.558132     0.060494    -0.330284
    0.451869     0.243362    -0.343492
    0.444653     0.255935    -0.342611
    0.429044     0.324902    -0.319964
    0.347958     0.405989    -0.319964
    0.343242     0.425098    -0.312539
    0.301448     0.467825    -0.301539
    0.208649     0.472965    -0.315951
    0.130889     0.493801    -0.315951
    0.004528     0.502641    -0.329323
   -0.164830     0.471480    -0.327250
   -0.014765     0.481979    -0.343130
   -0.275180     0.441912    -0.327250
   -0.391673     0.435460    -0.309158
   -0.420903     0.405577    -0.316851
   -0.426653     0.382279    -0.325904
   -0.484654     0.324277    -0.325904
   -0.512670     0.259975    -0.337014
   -0.495380     0.276888    -0.341466
   -0.527140     0.116818    -0.354468
   -0.518895     0.147586    -0.354468
   -0.535356    -0.000612    -0.366895
   -0.530146    -0.061106    -0.361296
   -0.534310    -0.001589    -0.367594
   -0.516364    -0.112540    -0.361296
   -0.513681    -0.160970    -0.353775
   -0.443494    -0.249290    -0.362079
   -0.449210    -0.224033    -0.370372
   -0.321782    -0.371002    -0.362079
   -0.294708    -0.377130    -0.370969
   -0.004699    -0.547116    -0.340493
    0.036775    -0.579121    -0.320997
    0.007700    -0.547984    -0.341805
    0.102272    -0.574539    -0.314066
    0.207682    -0.546294    -0.314066
    0.384179    -0.428277    -0.333503
    0.421671    -0.419792    -0.321192
    0.542934    -0.298528    -0.321192
    0.548996    -0.297032    -0.318837
    0.606167    -0.241109    -0.304118
    0.607802    -0.211587    -0.308703
    0.619514    -0.167880    -0.308703
    0.582920    -0.092892    -0.339003
    0.543723    -0.059191    -0.355127
    0.538777     0.005882    -0.348451
    0.453637     0.211429    -0.348451
    0.346196     0.354392    -0.342611
    0.310173     0.356386    -0.348206
    0.111690     0.438600    -0.348206
   -0.014765     0.448212    -0.361179
   -0.040950     0.417757    -0.373708
   -0.177699     0.407362    -0.359678
   -0.375975     0.325234    -0.359678
   -0.424614     0.322542    -0.352124
   -0.471097     0.276059    -0.352124
   -0.509294     0.120496    -0.363480
   -0.475143     0.202943    -0.363480
   -0.518574    -0.001589    -0.376005
   -0.500638    -0.068171    -0.376056
   -0.504799    -0.013432    -0.381672
   -0.443708    -0.205612    -0.376056
   -0.442701    -0.223811    -0.373230
   -0.294589    -0.373637    -0.372502
   -0.295757    -0.370754    -0.373230
   -0.049013    -0.475358    -0.372502
    0.007700    -0.515644    -0.359091
   -0.025392    -0.477154    -0.374925
    0.101159    -0.508540    -0.349503
    0.322873    -0.416703    -0.349503
    0.383669    -0.413338    -0.340060
    0.491271    -0.305736    -0.340060
    0.511689    -0.297462    -0.334906
    0.579885    -0.132820    -0.334906
    0.422475    -0.059191    -0.391908
    0.383351    -0.040453    -0.401421
    0.374980    -0.040453    -0.402798
    0.366087    -0.038223    -0.403893
    0.045369     0.282495    -0.403893
   -0.040950     0.293939    -0.411268
   -0.062065     0.270835    -0.415623
   -0.142711     0.260144    -0.408733
   -0.415098    -0.012244    -0.408733
   -0.415255    -0.013432    -0.408835
   -0.396730    -0.037257    -0.411461
   -0.397770    -0.029413    -0.412131
   -0.113962    -0.320025    -0.411461
   -0.025392    -0.358560    -0.410900
   -0.053255    -0.328074    -0.416647
    0.069446    -0.345987    -0.402798
   -0.053255    -0.038223    -0.445195
   -0.062065    -0.029413    -0.445195
     1      2      3
     1      3      4
     1      4      5
     1      5      6
     3      7      8
     3      8      9
     3      9     10
     3     10     11
     3     11      4
    10     12     13
    10     13     14
    10     14     11
     4     11     14
     4     14     15
     4     15      5
    16     17      1
    16      1      6
    16      6     18
    16     18     19
    20     21      2
    20      2      1
    20      1     17
    22     23     24
    22     24      7
    22      7      3
    22      3      2
    22      2     21
    24     25     26
    24     26     27
    24     27      8
    24      8      7
     8     27     28
     8     28     29
     8     29     30
     8     30     31
     8     31      9
    29     32     33
    29     33     34
    29     34     35
    29     35     36
    29     36     30
    30     36     37
    30     37     38
    30     38     31
     9     31     38
     9     38     39
     9     39     40
     9     40     41
     9     41     42
     9     42     12
     9     12     10
    13     12     42
    13     42     43
    13     43     44
    13     44     45
    15     14     13
    15     13     45
    15     45     46
    15     46     47
     6      5     15
     6     15     47
     6     47     48
     6     48     49
     6     49     50
     6     50     18
    19     18     50
    19     50     51
    19     51     52
    53     54     16
    53     16     19
    53     19     52
    53     52     55
    56     57     20
    56     20     17
    56     17     16
    56     16     54
    58     59     60
    58     60     22
    58     22     21
    58     21     20
    58     20     57
    61     62     23
    61     23     22
    61     22     60
    63     64     25
    63     25     24
    63     24     23
    63     23     62
    65     66     67
    65     67     26
    65     26     25
    65     25     64
    65     64     68
    26     67     69
    26     69     70
    26     70     28
    26     28     27
    28     70     71
    28     71     72
    28     72     73
    28     73     32
    28     32     29
    73     74     75
    73     75     33
    73     33     32
    33     75     76
    33     76     77
    33     77     78
    33     78     34
    35     79     80
    35     80     37
    35     37     36
    38     37     80
    38     80     81
    38     81     82
    38     82     39
    40     83     84
    40     84     41
    41     84     85
    41     85     86
    41     86     87
    41     87     43
    41     43     42
    44     43     87
    44     87     88
    44     88     89
    44     89     90
    46     45     44
    46     44     90
    46     90     91
    46     91     92
    48     47     46
    48     46     92
    48     92     93
    48     93     94
    48     94     95
    96     97     49
    96     49     48
    96     48     95
    96     95     98
    51     50     49
    51     49     97
    51     97     99
    51     99    100
    51    100    101
    55     52     51
    55     51    101
    55    101    102
    55    102    103
   104    105     53
   104     53     55
   104     55    103
   104    103    106
   104    106    107
   108    109     56
   108     56     54
   108     54     53
   108     53    105
   108    105    110
   111    112     58
   111     58     57
   111     57     56
   111     56    109
   113     59     58
   113     58    112
   114    115     61
   114     61     60
   114     60     59
   114     59    113
   116     68     64
   116     64     63
   117    118     65
   117     65     68
   117     68    116
   119    120    121
   119    121     66
   119     66     65
   119     65    118
   119    118    122
   121    123    124
   121    124     69
   121     69     67
   121     67     66
    69    124    125
    69    125    126
    69    126    127
    69    127     71
    69     71     70
    71    127    128
    71    128    129
    71    129     72
    72    129    130
    72    130    131
    72    131     74
    72     74     73
   131    132    133
   131    133     76
   131     76     75
   131     75     74
    76    133    134
    76    134    135
    76    135     77
    34     78    136
    34    136    137
    34    137     79
    34     79     35
    80     79    137
    80    137    138
    80    138     81
    39     82    139
    39    139    140
    39    140     83
    39     83     40
   140    141    142
   140    142     85
   140     85     84
   140     84     83
    85    142    143
    85    143    144
    85    144    145
    85    145     86
    87     86    145
    87    145    146
    87    146    147
    87    147     88
    89     88    147
    89    147    148
    89    148    149
    91     90     89
    91     89    149
    91    149    150
    91    150    151
    91    151    152
    93     92     91
    93     91    152
    93    152    153
   154     94     93
   154     93    153
   154    153    155
   154    155    156
   154    156    157
    98     95     94
    98     94    154
    98    154    158
   159    100     99
   159     99     96
   159     96     98
   159     98    158
   159    158    160
   102    101    100
   102    100    159
   102    159    161
   102    161    162
   106    103    102
   106    102    162
   106    162    163
   164    165    166
   164    166    104
   164    104    107
   164    107    167
   166    110    105
   166    105    104
   168    169    170
   168    170    108
   168    108    110
   168    110    166
   168    166    165
   171    172    111
   171    111    109
   171    109    108
   171    108    170
   173    174    114
   173    114    113
   173    113    112
   173    112    111
   173    111    172
   175    176    115
   175    115    114
   175    114    174
   177    178    117
   177    117    116
   177    116     63
   177     63     62
   177     62     61
   177     61    115
   177    115    176
   179    122    118
   179    118    117
   179    117    178
   180    181    119
   180    119    122
   180    122    179
   182    183    184
   182    184    185
   182    185    120
   182    120    119
   182    119    181
   185    186    187
   185    187    123
   185    123    121
   185    121    120
   187    188    189
   187    189    125
   187    125    124
   187    124    123
   125    189    190
   125    190    191
   125    191    192
   125    192    126
   126    192    193
   126    193    194
   126    194    128
   126    128    127
   128    194    195
   128    195    196
   128    196    130
   128    130    129
   130    196    197
   130    197    198
   130    198    199
   130    199    132
   130    132    131
   199    200    134
   199    134    133
   199    133    132
   134    200    201
   134    201    202
   134    202    203
   134    203    135
    77    135    203
    77    203    204
    77    204    205
    77    205    136
    77    136     78
   136    205    206
   136    206    207
   136    207    138
   136    138    137
    81    138    207
    81    207    208
    81    208    209
    81    209    139
    81    139     82
   139    209    210
   139    210    211
   139    211    212
   139    212    141
   139    141    140
   212    213    143
   212    143    142
   212    142    141
   143    213    214
   143    214    215
   143    215    144
   145    144    215
   145    215    216
   145    216    217
   145    217    146
   147    146    217
   147    217    218
   147    218    219
   147    219    148
   149    148    219
   149    219    220
   149    220    221
   149    221    150
   151    150    221
   151    221    222
   151    222    223
   151    223    224
   153    152    151
   153    151    224
   153    224    225
   153    225    155
   155    225    226
   155    226    227
   155    227    228
   155    228    229
   155    229    156
   157    156    229
   157    229    230
   230    229    228
   230    228    231
   230    231    232
   160    158    154
   160    154    157
   160    157    230
   160    230    232
   160    232    233
   234    161    159
   234    159    160
   234    160    233
   234    233    235
   234    235    236
   163    162    161
   163    161    234
   163    234    237
   167    107    106
   167    106    163
   167    163    237
   167    237    238
   239    240    241
   239    241    242
   239    242    243
   241    244    168
   241    168    165
   241    165    164
   241    164    242
   245    246    247
   245    247    248
   245    248    244
   245    244    241
   245    241    240
   248    169    168
   248    168    244
   247    249    250
   247    250    251
   247    251    171
   247    171    170
   247    170    169
   247    169    248
   251    252    253
   251    253    173
   251    173    172
   251    172    171
   253    254    255
   253    255    175
   253    175    174
   253    174    173
   255    256    257
   255    257    177
   255    177    176
   255    176    175
   257    258    259
   257    259    260
   257    260    180
   257    180    179
   257    179    178
   257    178    177
   260    261    182
   260    182    181
   260    181    180
   262    263    183
   262    183    182
   262    182    261
   264    265    266
   264    266    184
   264    184    183
   264    183    263
   184    266    267
   184    267    186
   184    186    185
   267    268    269
   267    269    270
   267    270    188
   267    188    187
   267    187    186
   270    271    272
   270    272    190
   270    190    189
   270    189    188
   190    272    273
   190    273    274
   190    274    275
   190    275    191
   191    275    276
   191    276    277
   191    277    193
   191    193    192
   193    277    278
   193    278    279
   193    279    280
   193    280    195
   193    195    194
   195    280    281
   195    281    197
   195    197    196
   197    281    282
   197    282    283
   197    283    284
   197    284    198
   198    284    285
   198    285    201
   198    201    200
   198    200    199
   285    286    202
   285    202    201
   203    202    286
   203    286    287
   203    287    288
   203    288    289
   203    289    290
   203    290    204
   204    290    291
   204    291    206
   204    206    205
   207    206    291
   207    291    292
   207    292    293
   207    293    294
   207    294    208
   208    294    295
   208    295    296
   208    296    297
   208    297    210
   208    210    209
   210    297    298
   210    298    299
   210    299    300
   210    300    211
   211    300    301
   211    301    302
   211    302    214
   211    214    213
   211    213    212
   303    302    301
   303    301    304
   303    304    305
   303    305    306
   215    214    302
   215    302    303
   215    303    216
   217    216    303
   217    303    306
   217    306    307
   217    307    218
   219    218    307
   219    307    308
   219    308    309
   219    309    310
   219    310    220
   221    220    310
   221    310    311
   221    311    222
   222    311    312
   222    312    313
   222    313    314
   222    314    315
   222    315    223
   224    223    315
   224    315    316
   224    316    317
   224    317    318
   224    318    226
   224    226    225
   319    318    317
   319    317    320
   319    320    321
   319    321    322
   227    226    318
   227    318    319
   227    319    323
   324    323    319
   324    319    322
   324    322    325
   324    325    326
   324    326    327
   231    228    227
   231    227    323
   231    323    324
   231    324    328
   329    328    324
   329    324    327
   329    327    330
   329    330    331
   233    232    231
   233    231    328
   233    328    329
   233    329    332
   233    332    235
   236    235    332
   236    332    333
   236    333    334
   238    237    234
   238    234    236
   238    236    334
   238    334    335
   238    335    336
   243    242    164
   243    164    167
   243    167    238
   243    238    336
   243    336    337
   338    339    340
   338    340    341
   340    339    342
   340    342    343
   340    343    245
   340    245    240
   340    240    239
   344    345    343
   344    343    342
   343    345    346
   343    346    347
   343    347    246
   343    246    245
   347    348    349
   347    349    249
   347    249    247
   347    247    246
   349    350    351
   349    351    250
   349    250    249
   250    351    352
   250    352    353
   250    353    252
   250    252    251
   353    354    355
   353    355    356
   353    356    254
   353    254    253
   353    253    252
   356    357    358
   356    358    359
   356    359    256
   356    256    255
   356    255    254
   359    360    258
   359    258    257
   359    257    256
   361    362    363
   361    363    259
   361    259    258
   361    258    360
   259    363    364
   259    364    262
   259    262    261
   259    261    260
   364    365    366
   364    366    264
   364    264    263
   364    263    262
   366    367    368
   366    368    369
   366    369    265
   366    265    264
   369    370    268
   369    268    267
   369    267    266
   369    266    265
   371    372    373
   371    373    269
   371    269    268
   371    268    370
   269    373    374
   269    374    271
   269    271    270
   374    375    376
   374    376    377
   374    377    273
   374    273    272
   374    272    271
   273    377    378
   273    378    379
   273    379    380
   273    380    274
   274    380    381
   274    381    382
   274    382    383
   274    383    276
   274    276    275
   276    383    384
   276    384    278
   276    278    277
   278    384    385
   278    385    386
   278    386    387
   278    387    279
   279    387    388
   279    388    282
   279    282    281
   279    281    280
   282    388    389
   282    389    390
   282    390    283
   283    390    391
   283    391    392
   283    392    287
   283    287    286
   283    286    285
   283    285    284
   287    392    393
   287    393    288
   288    393    394
   288    394    395
   288    395    396
   288    396    397
   288    397    289
   291    290    289
   291    289    397
   291    397    398
   291    398    292
   292    398    399
   292    399    400
   292    400    401
   292    401    293
   293    401    402
   293    402    403
   293    403    404
   293    404    295
   293    295    294
   295    404    405
   295    405    406
   295    406    296
   296    406    407
   296    407    408
   296    408    298
   296    298    297
   298    408    409
   298    409    410
   298    410    411
   298    411    299
   299    411    412
   299    412    304
   299    304    301
   299    301    300
   305    304    412
   305    412    413
   305    413    414
   307    306    305
   307    305    414
   307    414    415
   307    415    308
   308    415    416
   308    416    417
   308    417    309
   310    309    417
   310    417    418
   310    418    419
   310    419    312
   310    312    311
   312    419    420
   312    420    421
   312    421    422
   312    422    313
   313    422    423
   313    423    424
   313    424    425
   313    425    314
   315    314    425
   315    425    426
   315    426    427
   315    427    428
   315    428    316
   317    316    428
   317    428    429
   317    429    430
   317    430    320
   320    430    431
   320    431    432
   320    432    433
   320    433    321
   433    432    434
   433    434    435
   433    435    436
   322    321    433
   322    433    436
   322    436    437
   322    437    325
   325    437    438
   325    438    439
   325    439    326
   327    326    439
   327    439    440
   327    440    330
   331    330    440
   331    440    441
   331    441    442
   333    332    329
   333    329    331
   333    331    442
   333    442    443
   333    443    444
   335    334    333
   335    333    444
   335    444    445
   335    445    446
   335    446    447
   337    336    335
   337    335    447
   337    447    448
   337    448    449
   450    341    340
   450    340    239
   450    239    243
   450    243    337
   450    337    449
   450    449    451
   450    451    452
   450    452    453
   450    453    454
   450    454    455
   455    456    457
   455    457    338
   455    338    341
   455    341    450
   457    458    459
   457    459    344
   457    344    342
   457    342    339
   457    339    338
   459    460    346
   459    346    345
   459    345    344
   461    462    348
   461    348    347
   461    347    346
   461    346    460
   463    464    350
   463    350    349
   463    349    348
   463    348    462
   465    466    352
   465    352    351
   465    351    350
   465    350    464
   352    466    467
   352    467    468
   352    468    354
   352    354    353
   468    469    470
   468    470    355
   468    355    354
   355    470    471
   355    471    472
   355    472    473
   355    473    357
   355    357    356
   473    474    475
   473    475    476
   473    476    358
   473    358    357
   358    476    477
   358    477    361
   358    361    360
   358    360    359
   477    478    479
   477    479    480
   477    480    362
   477    362    361
   480    481    365
   480    365    364
   480    364    363
   480    363    362
   482    483    367
   482    367    366
   482    366    365
   482    365    481
   484    368    367
   484    367    483
   485    486    371
   485    371    370
   485    370    369
   485    369    368
   485    368    484
   487    488    372
   487    372    371
   487    371    486
   489    375    374
   489    374    373
   489    373    372
   489    372    488
   490    491    376
   490    376    375
   490    375    489
   490    489    492
   493    494    378
   493    378    377
   493    377    376
   493    376    491
   378    494    495
   378    495    496
   378    496    497
   378    497    379
   379    497    498
   379    498    499
   379    499    381
   379    381    380
   381    499    500
   381    500    501
   381    501    502
   381    502    382
   382    502    503
   382    503    385
   382    385    384
   382    384    383
   385    503    504
   385    504    505
   385    505    386
   386    505    506
   386    506    507
   386    507    389
   386    389    388
   386    388    387
   389    507    508
   389    508    391
   389    391    390
   391    508    509
   391    509    510
   391    510    394
   391    394    393
   391    393    392
   394    510    511
   394    511    512
   394    512    395
   395    512    513
   395    513    514
   395    514    396
   397    396    514
   397    514    515
   397    515    516
   397    516    399
   397    399    398
   399    516    517
   399    517    518
   399    518    400
   400    518    519
   400    519    520
   400    520    521
   400    521    402
   400    402    401
   402    521    522
   402    522    523
   402    523    403
   403    523    524
   403    524    525
   403    525    405
   403    405    404
   405    525    526
   405    526    527
   405    527    407
   405    407    406
   407    527    528
   407    528    529
   407    529    409
   407    409    408
   409    529    530
   409    530    531
   409    531    410
   412    411    410
   412    410    531
   412    531    532
   412    532    413
   414    413    532
   414    532    533
   414    533    534
   414    534    416
   414    416    415
   417    416    534
   417    534    535
   417    535    418
   418    535    536
   418    536    537
   418    537    538
   418    538    420
   418    420    419
   420    538    539
   420    539    540
   420    540    421
   421    540    541
   421    541    542
   421    542    423
   421    423    422
   423    542    543
   423    543    544
   423    544    545
   423    545    424
   425    424    545
   425    545    546
   425    546    547
   425    547    548
   425    548    426
   426    548    549
   426    549    550
   426    550    551
   426    551    427
   428    427    551
   428    551    552
   428    552    429
   429    552    553
   429    553    554
   429    554    431
   429    431    430
   431    554    555
   431    555    556
   431    556    434
   431    434    432
   435    434    556
   435    556    557
   435    557    558
   438    437    436
   438    436    435
   438    435    558
   438    558    559
   440    439    438
   440    438    559
   440    559    560
   440    560    561
   440    561    441
   442    441    561
   442    561    562
   442    562    563
   442    563    443
   444    443    563
   444    563    564
   444    564    565
   444    565    445
   445    565    566
   445    566    567
   445    567    446
   447    446    567
   447    567    568
   447    568    569
   447    569    570
   447    570    448
   449    448    570
   449    570    571
   449    571    572
   449    572    451
   452    451    572
   452    572    573
   452    573    453
   453    573    574
   453    574    575
   453    575    454
   454    575    576
   454    576    577
   454    577    578
   454    578    456
   454    456    455
   456    578    579
   456    579    458
   456    458    457
   579    580    581
   579    581    461
   579    461    460
   579    460    459
   579    459    458
   581    582    463
   581    463    462
   581    462    461
   583    584    465
   583    465    464
   583    464    463
   583    463    582
   585    586    467
   585    467    466
   585    466    465
   585    465    584
   587    588    469
   587    469    468
   587    468    467
   587    467    586
   589    590    471
   589    471    470
   589    470    469
   589    469    588
   471    590    591
   471    591    592
   471    592    472
   472    592    593
   472    593    594
   472    594    595
   472    595    474
   472    474    473
   595    596    597
   595    597    475
   595    475    474
   475    597    598
   475    598    599
   475    599    478
   475    478    477
   475    477    476
   599    600    479
   599    479    478
   479    600    601
   479    601    602
   479    602    482
   479    482    481
   479    481    480
   602    603    485
   602    485    484
   602    484    483
   602    483    482
   604    605    487
   604    487    486
   604    486    485
   604    485    603
   606    492    489
   606    489    488
   606    488    487
   606    487    605
   607    608    490
   607    490    492
   607    492    606
   609    610    493
   609    493    491
   609    491    490
   609    490    608
   611    612    495
   611    495    494
   611    494    493
   611    493    610
   496    495    612
   496    612    613
   614    498    497
   614    497    496
   614    496    613
   614    613    615
   614    615    616
   617    500    499
   617    499    498
   617    498    614
   618    501    500
   618    500    617
   618    617    619
   620    621    504
   620    504    503
   620    503    502
   620    502    501
   620    501    618
   622    506    505
   622    505    504
   622    504    621
   623    509    508
   623    508    507
   623    507    506
   623    506    622
   623    622    624
   625    511    510
   625    510    509
   625    509    623
   625    623    626
   627    513    512
   627    512    511
   627    511    625
   514    513    627
   514    627    628
   514    628    629
   514    629    515
   515    629    630
   515    630    517
   515    517    516
   517    630    631
   517    631    632
   517    632    633
   517    633    519
   517    519    518
   519    633    634
   519    634    635
   519    635    520
   520    635    636
   520    636    522
   520    522    521
   522    636    637
   522    637    638
   522    638    524
   522    524    523
   524    638    639
   524    639    640
   524    640    526
   524    526    525
   526    640    641
   526    641    528
   526    528    527
   530    529    528
   530    528    641
   530    641    642
   530    642    643
   532    531    530
   532    530    643
   532    643    644
   532    644    645
   532    645    533
   534    533    645
   534    645    646
   534    646    536
   534    536    535
   536    646    647
   536    647    648
   536    648    649
   536    649    537
   537    649    650
   537    650    539
   537    539    538
   539    650    651
   539    651    652
   539    652    653
   539    653    541
   539    541    540
   541    653    654
   541    654    655
   541    655    543
   541    543    542
   544    543    655
   544    655    656
   546    545    544
   546    544    656
   546    656    657
   546    657    658
   549    548    547
   549    547    659
   660    550    549
   660    549    659
   660    659    661
   660    661    662
   553    552    551
   553    551    550
   553    550    660
   553    660    663
   664    555    554
   664    554    553
   664    553    663
   664    663    665
   557    556    555
   557    555    664
   557    664    666
   559    558    557
   559    557    666
   559    666    667
   559    667    668
   559    668    560
   561    560    668
   561    668    669
   561    669    562
   563    562    669
   563    669    670
   563    670    671
   563    671    672
   563    672    564
   564    672    673
   564    673    566
   564    566    565
   567    566    673
   567    673    674
   567    674    675
   567    675    676
   567    676    568
   568    676    677
   568    677    678
   568    678    679
   568    679    569
   570    569    679
   570    679    680
   570    680    681
   570    681    571
   572    571    681
   572    681    574
   572    574    573
   574    681    680
   574    680    682
   574    682    683
   574    683    576
   574    576    575
   576    683    684
   576    684    685
   576    685    686
   576    686    577
   577    686    687
   577    687    580
   577    580    579
   577    579    578
   687    688    689
   687    689    583
   687    583    582
   687    582    581
   687    581    580
   689    690    585
   689    585    584
   689    584    583
   691    692    587
   691    587    586
   691    586    585
   691    585    690
   693    694    589
   693    589    588
   693    588    587
   693    587    692
   695    696    591
   695    591    590
   695    590    589
   695    589    694
   697    593    592
   697    592    591
   697    591    696
   698    699    700
   698    700    594
   698    594    593
   698    593    697
   594    700    701
   594    701    596
   594    596    595
   701    702    703
   701    703    598
   701    598    597
   701    597    596
   598    703    704
   598    704    705
   598    705    601
   598    601    600
   598    600    599
   705    706    604
   705    604    603
   705    603    602
   705    602    601
   707    708    607
   707    607    606
   707    606    605
   707    605    604
   707    604    706
   709    710    609
   709    609    608
   709    608    607
   709    607    708
   711    712    611
   711    611    610
   711    610    609
   711    609    710
   713    615    613
   713    613    612
   713    612    611
   713    611    712
   714    715    713
   714    713    712
   714    712    711
   714    711    716
   616    615    713
   616    713    715
   616    715    717
   718    717    715
   718    715    714
   718    714    719
   720    619    617
   720    617    614
   720    614    616
   720    616    717
   720    717    718
   721    722    620
   721    620    618
   721    618    619
   721    619    720
   721    720    723
   724    624    622
   724    622    621
   724    621    620
   724    620    722
   724    722    725
   726    626    623
   726    623    624
   726    624    724
   726    724    727
   728    729    730
   728    730    628
   728    628    627
   728    627    625
   728    625    626
   728    626    726
   730    631    630
   730    630    629
   730    629    628
   731    732    632
   731    632    631
   731    631    730
   731    730    729
   731    729    733
   632    732    734
   632    734    634
   632    634    633
   735    734    732
   735    732    731
   735    731    736
   637    636    635
   637    635    634
   637    634    734
   637    734    735
   737    639    638
   737    638    637
   737    637    735
   737    735    736
   737    736    738
   642    641    640
   642    640    639
   642    639    737
   642    737    739
   740    644    643
   740    643    642
   740    642    739
   740    739    741
   740    741    742
   645    644    740
   645    740    743
   645    743    647
   645    647    646
   744    648    647
   744    647    743
   744    743    745
   744    745    746
   747    748    651
   747    651    650
   747    650    649
   747    649    648
   747    648    744
   651    748    749
   651    749    750
   651    750    652
   654    653    652
   654    652    750
   654    750    751
   654    751    752
   656    655    654
   656    654    752
   656    752    753
   656    753    657
   658    657    753
   658    753    754
   658    754    755
   658    755    756
   661    659    547
   661    547    546
   661    546    658
   661    658    756
   661    756    757
   758    662    661
   758    661    757
   758    757    759
   758    759    760
   665    663    660
   665    660    662
   665    662    758
   665    758    761
   667    666    664
   667    664    665
   667    665    761
   667    761    762
   669    668    667
   669    667    762
   669    762    763
   669    763    764
   669    764    670
   670    764    765
   670    765    766
   670    766    671
   673    672    671
   673    671    766
   673    766    767
   673    767    674
   674    767    768
   674    768    769
   674    769    770
   674    770    675
   675    770    771
   675    771    772
   675    772    677
   675    677    676
   678    677    772
   678    772    773
   678    773    774
   680    679    678
   680    678    774
   680    774    682
   682    774    773
   682    773    775
   682    775    776
   682    776    777
   682    777    778
   682    778    684
   682    684    683
   684    778    779
   684    779    780
   684    780    685
   685    780    781
   685    781    782
   685    782    688
   685    688    687
   685    687    686
   782    783    784
   782    784    691
   782    691    690
   782    690    689
   782    689    688
   784    785    786
   784    786    693
   784    693    692
   784    692    691
   786    787    788
   786    788    695
   786    695    694
   786    694    693
   788    789    790
   788    790    698
   788    698    697
   788    697    696
   788    696    695
   791    792    790
   791    790    789
   790    792    793
   790    793    794
   790    794    699
   790    699    698
   794    795    796
   794    796    702
   794    702    701
   794    701    700
   794    700    699
   796    797    798
   796    798    704
   796    704    703
   796    703    702
   704    798    799
   704    799    707
   704    707    706
   704    706    705
   800    801    709
   800    709    708
   800    708    707
   800    707    799
   800    799    802
   800    802    803
   804    716    711
   804    711    710
   804    710    709
   804    709    801
   805    806    804
   805    804    801
   805    801    800
   807    719    714
   807    714    716
   807    716    804
   807    804    806
   808    809    810
   808    810    807
   808    807    806
   808    806    805
   810    723    720
   810    720    718
   810    718    719
   810    719    807
   811    812    721
   811    721    723
   811    723    810
   811    810    809
   811    809    813
   814    725    722
   814    722    721
   814    721    812
   815    727    724
   815    724    725
   815    725    814
   815    814    816
   815    816    817
   818    819    728
   818    728    726
   818    726    727
   818    727    815
   818    815    820
   821    733    729
   821    729    728
   821    728    819
   822    823    821
   822    821    819
   822    819    818
   822    818    824
   822    824    825
   738    736    731
   738    731    733
   738    733    821
   738    821    823
   738    823    826
   827    826    823
   827    823    822
   827    822    828
   741    739    737
   741    737    738
   741    738    826
   741    826    827
   829    742    741
   829    741    827
   829    827    828
   829    828    830
   829    830    831
   745    743    740
   745    740    742
   745    742    829
   745    829    832
   745    832    833
   834    746    745
   834    745    833
   834    833    835
   836    837    747
   836    747    744
   836    744    746
   836    746    834
   838    749    748
   838    748    747
   838    747    837
   838    837    839
   751    750    749
   751    749    838
   751    838    840
   751    840    841
   753    752    751
   753    751    841
   753    841    842
   753    842    754
   755    754    842
   755    842    843
   755    843    844
   757    756    755
   757    755    844
   757    844    845
   757    845    846
   757    846    759
   760    759    846
   760    846    847
   760    847    848
   762    761    758
   762    758    760
   762    760    848
   762    848    849
   762    849    763
   763    849    850
   763    850    851
   763    851    765
   763    765    764
   766    765    851
   766    851    852
   766    852    853
   766    853    768
   766    768    767
   768    853    854
   768    854    855
   768    855    769
   771    770    769
   771    769    855
   771    855    856
   771    856    857
   775    857    856
   775    856    858
   775    858    859
   775    859    776
   773    772    771
   773    771    857
   773    857    775
   777    860    861
   777    861    862
   777    862    863
   777    863    779
   777    779    778
   779    863    864
   779    864    865
   779    865    781
   779    781    780
   781    865    866
   781    866    867
   781    867    868
   781    868    783
   781    783    782
   868    869    870
   868    870    785
   868    785    784
   868    784    783
   870    871    872
   870    872    787
   870    787    786
   870    786    785
   872    873    874
   872    874    791
   872    791    789
   872    789    788
   872    788    787
   874    875    793
   874    793    792
   874    792    791
   876    877    795
   876    795    794
   876    794    793
   876    793    875
   878    797    796
   878    796    795
   878    795    877
   879    802    799
   879    799    798
   879    798    797
   879    797    878
   879    878    880
   881    803    802
   881    802    879
   881    879    882
   883    884    808
   883    808    805
   883    805    800
   883    800    803
   883    803    881
   885    886    887
   885    887    884
   885    884    883
   887    813    809
   887    809    808
   887    808    884
   888    889    811
   888    811    813
   888    813    887
   888    887    886
   888    886    890
   891    816    814
   891    814    812
   891    812    811
   891    811    889
   891    889    892
   893    817    816
   893    816    891
   893    891    894
   895    820    815
   895    815    817
   895    817    893
   895    893    896
   897    824    818
   897    818    820
   897    820    895
   898    825    824
   898    824    897
   898    897    899
   830    828    822
   830    822    825
   830    825    898
   830    898    900
   901    831    830
   901    830    900
   901    900    902
   903    832    829
   903    829    831
   903    831    901
   903    901    904
   903    904    905
   835    833    832
   835    832    903
   835    903    906
   907    908    836
   907    836    834
   907    834    835
   907    835    906
   907    906    909
   907    909    910
   911    839    837
   911    837    836
   911    836    908
   911    908    912
   913    840    838
   913    838    839
   913    839    911
   913    911    914
   842    841    840
   842    840    913
   842    913    915
   842    915    843
   844    843    915
   844    915    916
   844    916    917
   844    917    845
   846    845    917
   846    917    918
   846    918    919
   846    919    920
   846    920    847
   848    847    920
   848    920    921
   848    921    850
   848    850    849
   851    850    921
   851    921    922
   851    922    923
   851    923    924
   851    924    852
   854    853    852
   854    852    924
   854    924    925
   856    855    854
   856    854    925
   856    925    926
   856    926    927
   856    927    858
   858    927    928
   858    928    929
   858    929    859
   776    859    929
   776    929    860
   776    860    777
   862    930    931
   862    931    864
   862    864    863
   864    931    932
   864    932    866
   864    866    865
   867    933    934
   867    934    935
   867    935    869
   867    869    868
   935    936    937
   935    937    871
   935    871    870
   935    870    869
   937    938    873
   937    873    872
   937    872    871
   939    940    876
   939    876    875
   939    875    874
   939    874    873
   939    873    938
   941    880    878
   941    878    877
   941    877    876
   941    876    940
   942    882    879
   942    879    880
   942    880    941
   942    941    943
   944    945    885
   944    885    883
   944    883    881
   944    881    882
   944    882    942
   946    890    886
   946    886    885
   946    885    945
   947    948    888
   947    888    890
   947    890    946
   949    892    889
   949    889    888
   949    888    948
   949    948    950
   951    894    891
   951    891    892
   951    892    949
   951    949    952
   953    896    893
   953    893    894
   953    894    951
   954    899    897
   954    897    895
   954    895    896
   954    896    953
   954    953    955
   902    900    898
   902    898    899
   902    899    954
   902    954    956
   902    956    957
   958    904    901
   958    901    902
   958    902    957
   958    957    959
   960    905    904
   960    904    958
   909    906    903
   909    903    905
   909    905    960
   909    960    961
   962    912    908
   962    908    907
   963    914    911
   963    911    912
   963    912    962
   963    962    964
   916    915    913
   916    913    914
   916    914    963
   916    963    965
   918    917    916
   918    916    965
   918    965    966
   921    920    919
   921    919    967
   921    967    968
   921    968    922
   923    922    968
   923    968    969
   923    969    970
   925    924    923
   925    923    970
   925    970    971
   925    971    926
   926    971    972
   926    972    973
   926    973    928
   926    928    927
   929    928    973
   929    973    861
   929    861    860
   974    975    976
   974    976    932
   974    932    931
   974    931    930
   866    932    976
   866    976    977
   866    977    933
   866    933    867
   934    978    936
   934    936    935
   979    980    939
   979    939    938
   979    938    937
   979    937    936
   979    936    978
   981    943    941
   981    941    940
   981    940    939
   981    939    980
   982    983    944
   982    944    942
   982    942    943
   982    943    981
   984    985    947
   984    947    946
   984    946    945
   984    945    944
   984    944    983
   986    950    948
   986    948    947
   986    947    985
   987    952    949
   987    949    950
   987    950    986
   987    986    988
   989    955    953
   989    953    951
   989    951    952
   989    952    987
   990    956    954
   990    954    955
   990    955    989
   990    989    991
   959    957    956
   959    956    990
   959    990    992
   959    992    993
   994    961    960
   994    960    958
   994    958    959
   994    959    993
   994    993    995
   996    910    909
   996    909    961
   996    961    994
   997    964    962
   997    962    907
   997    907    910
   997    910    996
   997    996    998
   966    965    963
   966    963    964
   966    964    997
   966    997    999
   967    919    918
   967    918    966
   967    966    999
   967    999   1000
   967   1000   1001
   969    968    967
   969    967   1001
   969   1001   1002
   969   1002   1003
   972    971    970
   972    970    969
   972    969   1003
   972   1003   1004
   861    973    972
   861    972   1004
   861   1004    974
   861    974    930
   861    930    862
   976    975   1005
   976   1005   1006
   976   1006    977
   977   1006   1007
   977   1007   1008
   977   1008   1009
   977   1009    979
   977    979    978
   977    978    934
   977    934    933
  1009   1010    982
  1009    982    981
  1009    981    980
  1009    980    979
  1011   1012    984
  1011    984    983
  1011    983    982
  1011    982   1010
  1013    988    986
  1013    986    985
  1013    985    984
  1013    984   1012
  1014    991    989
  1014    989    987
  1014    987    988
  1014    988   1013
  1015    992    990
  1015    990    991
  1015    991   1014
  1015   1014   1016
   995    993    992
   995    992   1015
   995   1015   1017
  1018    998    996
  1018    996    994
  1018    994    995
  1018    995   1017
  1018   1017   1019
  1000    999    997
  1000    997    998
  1000    998   1018
  1000   1018   1020
  1002   1001   1000
  1002   1000   1020
  1002   1020   1007
  1002   1007   1006
  1002   1006   1005
  1004   1003   1002
  1004   1002   1005
  1004   1005    975
  1004    975    974
  1008   1021   1022
  1008   1022   1011
  1008   1011   1010
  1008   1010   1009
  1022   1016   1014
  1022   1014   1013
  1022   1013   1012
  1022   1012   1011
  1019   1017   1015
  1019   1015   1016
  1019   1016   1022
  1019   1022   1021
  1007   1020   1018
  1007   1018   1019
  1007   1019   1021
  1007   1021   1008
    99     97     96
