574 1144
    0.171236     0.162699     0.530404
    0.103743     0.230193     0.530404
    0.088456     0.213789     0.534576
    0.088456     0.086554     0.551327
    0.089522     0.086554     0.551186
    0.036881     0.206502     0.528745
   -0.129372     0.040249     0.528745
   -0.120758     0.032221     0.530936
    0.034124     0.032221     0.551327
    0.034124    -0.107878     0.532882
   -0.119376     0.022438     0.529830
    0.029380    -0.126318     0.529830
    0.066647    -0.075355     0.532882
    0.276688     0.207898     0.481920
    0.276055     0.214471     0.481055
    0.238162     0.305952     0.481055
    0.220241     0.288032     0.491553
    0.188963     0.171300     0.524536
    0.237597     0.171300     0.504392
    0.118590     0.260794     0.520275
    0.247668     0.332257     0.468528
    0.138931     0.377297     0.468528
    0.118590     0.379258     0.471206
    0.042787     0.460227     0.424662
   -0.062705     0.450060     0.410774
   -0.380626     0.318373     0.410774
   -0.403891     0.316500     0.406006
   -0.359830     0.152061     0.452470
   -0.500277     0.351330     0.360106
   -0.500596     0.351186     0.359999
   -0.548388     0.235804     0.359999
   -0.502494     0.192838     0.386381
   -0.415572     0.152061     0.429381
   -0.280368    -0.174349     0.429381
   -0.183791    -0.217962     0.461902
   -0.109390    -0.292363     0.461902
    0.029380    -0.255179     0.501113
   -0.049305    -0.425416     0.417099
    0.088474    -0.482486     0.417099
    0.088474    -0.376978     0.460802
    0.098834    -0.379754     0.457874
    0.157265    -0.629123     0.344557
    0.184822    -0.617709     0.344557
    0.110240    -0.238046     0.486912
    0.224800     0.038527     0.486912
    0.423258     0.207898     0.369454
    0.375325     0.386786     0.369454
    0.361279     0.396950     0.378141
    0.346789     0.397751     0.389096
    0.332618     0.392431     0.401063
    0.307842     0.392431     0.416276
    0.312023     0.432517     0.389096
    0.307842     0.430059     0.393172
    0.305613     0.430275     0.393607
    0.042787     0.500699     0.393607
   -0.114921     0.641096     0.253451
   -0.157504     0.636835     0.247965
   -0.378133     0.577718     0.247965
   -0.394255     0.555439     0.261746
    0.035670     0.510475     0.384642
   -0.408771     0.541860     0.266391
   -0.433376     0.510569     0.279346
   -0.492914     0.427049     0.315486
   -0.500277     0.405461     0.326869
   -0.518028     0.387711     0.326869
   -0.527032     0.369180     0.332718
   -0.532773     0.351186     0.340242
   -0.536581     0.347114     0.338939
   -0.569448     0.286571     0.334156
   -0.553896     0.237640     0.356150
   -0.577603     0.272751     0.330740
   -0.579240     0.268936     0.330269
   -0.587625     0.237640     0.330269
   -0.573970     0.279337     0.332174
   -0.587804     0.237510     0.330105
   -0.595500     0.228638     0.322376
   -0.607365     0.202696     0.307938
   -0.614318     0.183220     0.298598
   -0.607617     0.116256     0.289971
   -0.570666    -0.021648     0.289971
   -0.567994    -0.049212     0.284602
   -0.450941    -0.174349     0.324647
   -0.417188    -0.280141     0.280414
   -0.049305    -0.648025     0.280414
   -0.042227    -0.668778     0.269471
   -0.006185    -0.702491     0.257938
    0.157265    -0.650540     0.331407
    0.012090    -0.727747     0.242316
    0.149788    -0.764643     0.242316
    0.182123    -0.767878     0.246481
    0.182123    -0.725114     0.279295
    0.194592    -0.778694     0.235618
    0.203409    -0.777812     0.234482
    0.231199    -0.770365     0.234482
    0.218559    -0.736695     0.262917
    0.218559    -0.651446     0.315261
    0.237537    -0.774092     0.228302
    0.246747    -0.771153     0.224451
    0.353389    -0.664512     0.224451
    0.357558    -0.651446     0.229914
    0.410807    -0.546698     0.223859
    0.405634    -0.600049     0.213466
    0.563167     0.075474     0.234871
    0.491214     0.158428     0.307138
    0.554615    -0.009999     0.223859
    0.618440     0.212356     0.127354
    0.533238     0.308192     0.213548
    0.645668     0.075474     0.127354
    0.524667     0.319883     0.219744
    0.439340     0.379237     0.298832
    0.390355     0.452547     0.298832
    0.379179     0.452062     0.312605
    0.361279     0.434162     0.348364
    0.313150     0.434162     0.386877
    0.305210     0.501486     0.312605
    0.248602     0.570225     0.251576
    0.266546     0.557069     0.261086
    0.216189     0.599042     0.222424
   -0.114921     0.664903     0.222424
   -0.124101     0.672327     0.210370
   -0.187326     0.708840     0.146396
   -0.263016     0.693784     0.146396
   -0.271542     0.688547     0.151010
   -0.288396     0.673564     0.166168
   -0.337215     0.633680     0.196702
   -0.357430     0.607533     0.220318
   -0.378126     0.577781     0.247895
   -0.302473     0.663243     0.173629
   -0.384546     0.573491     0.247895
   -0.398754     0.557255     0.255970
   -0.513699     0.399009     0.321292
   -0.530954     0.363310     0.332718
   -0.589827     0.244719     0.325600
   -0.594232     0.235013     0.322376
   -0.616876     0.178790     0.294116
   -0.626069     0.142211     0.272653
   -0.620643     0.093259     0.267034
   -0.617917     0.079552     0.267034
   -0.607874    -0.003191     0.253217
   -0.574715    -0.048419     0.277187
   -0.511780    -0.229555     0.207612
   -0.417188    -0.371121     0.207612
   -0.364180    -0.509466     0.139325
   -0.223006    -0.650641     0.139325
   -0.175670    -0.668778     0.162690
   -0.085922    -0.728745     0.162690
    0.016294    -0.764260     0.201952
    0.016392    -0.764222     0.202076
    0.110559    -0.775651     0.217800
    0.128281    -0.779176     0.217800
    0.194592    -0.786526     0.225411
    0.195437    -0.787014     0.224555
    0.212877    -0.785081     0.222554
    0.222497    -0.783168     0.222554
    0.236670    -0.781448     0.220187
    0.240353    -0.782881     0.215523
    0.257475    -0.776932     0.208947
    0.266123    -0.771153     0.208947
    0.286653    -0.763287     0.198813
    0.304908    -0.749755     0.195034
    0.353389    -0.701274     0.195034
    0.360148    -0.696877     0.190459
    0.370048    -0.688213     0.185535
    0.376123    -0.680474     0.184453
    0.431934    -0.596947     0.184453
    0.622052    -0.250328     0.073673
    0.446296    -0.586957     0.171140
    0.493825    -0.522128     0.136784
    0.520629    -0.475738     0.120409
    0.578095    -0.352397     0.092593
    0.615515    -0.266806     0.076091
    0.661780     0.055551     0.101191
    0.630596    -0.228152     0.068288
    0.672776    -0.016096     0.068288
    0.677668     0.028038     0.073353
    0.692148     0.057700     0.027054
    0.692565     0.064457     0.023463
    0.689917     0.086676     0.021361
    0.681808     0.137874     0.021361
    0.677695     0.145821     0.028252
    0.686264     0.028038     0.052602
    0.686838     0.029657     0.050598
    0.688375     0.035420     0.044683
    0.655540     0.191169     0.056536
    0.645556     0.204824     0.072188
    0.561179     0.370424     0.072188
    0.519447     0.418012     0.113624
    0.516801     0.419549     0.118038
    0.512966     0.422603     0.121145
    0.392262     0.454454     0.293323
    0.374408     0.561162     0.121145
    0.367283     0.549119     0.158288
    0.367369     0.573278     0.100931
    0.348140     0.590140     0.084188
    0.197317     0.666988     0.084188
    0.177908     0.681180     0.061940
    0.117123     0.710876     0.024028
    0.104437     0.712620     0.025709
   -0.149410     0.747536     0.038477
   -0.173459     0.741120     0.063163
   -0.187725     0.736062     0.080828
   -0.187725     0.710083     0.143548
   -0.049630     0.737021     0.025709
   -0.141787     0.748006     0.034427
   -0.229074     0.717373     0.110138
   -0.198443     0.734365     0.080828
   -0.218512     0.723978     0.098230
   -0.243520     0.708039     0.124049
   -0.276497     0.686023     0.151010
   -0.406241     0.549768     0.255970
   -0.530912     0.363843     0.332174
   -0.518279     0.393247     0.320027
   -0.608069     0.206690     0.304710
   -0.614392     0.194472     0.294116
   -0.632822     0.119706     0.247743
   -0.632455     0.116627     0.247452
   -0.624916     0.069024     0.247452
   -0.629097     0.133670     0.262078
   -0.615275    -0.001135     0.238160
   -0.615718    -0.009538     0.226966
   -0.561576    -0.153263     0.181724
   -0.509778    -0.254924     0.181724
   -0.427920    -0.445449     0.103018
   -0.380439    -0.505176     0.116133
   -0.216731    -0.674422     0.105403
   -0.355122    -0.541749     0.094322
   -0.235312    -0.661559     0.094322
   -0.202747    -0.685538     0.102333
   -0.105840    -0.727173     0.142365
    0.003035    -0.766959     0.179545
    0.016842    -0.766233     0.197938
   -0.098856    -0.730732     0.142365
   -0.012026    -0.763441     0.169697
   -0.006442    -0.764860     0.173076
    0.120728    -0.780508     0.211697
    0.195437    -0.789692     0.218092
    0.127845    -0.781635     0.211697
    0.196609    -0.790004     0.216889
    0.213648    -0.787973     0.215277
    0.221882    -0.786669     0.215277
    0.239992    -0.784181     0.212879
    0.245217    -0.784456     0.205918
    0.255948    -0.780413     0.202540
    0.263753    -0.776436     0.202540
    0.277592    -0.770490     0.196824
    0.312580    -0.744445     0.190459
    0.445836    -0.592781     0.165197
    0.450457    -0.587511     0.160609
    0.486310    -0.536879     0.136784
    0.675123    -0.029407     0.057532
    0.635241    -0.215606     0.063659
    0.683565     0.010999     0.052602
    0.692200     0.079105     0.011587
    0.689917     0.096450     0.011587
    0.692565     0.073191     0.014729
    0.689585     0.098757     0.011374
    0.683632     0.136344     0.011374
    0.682907     0.138726     0.009179
    0.662321     0.194325    -0.011335
    0.641741     0.244012    -0.011335
    0.634743     0.259543    -0.016071
    0.590019     0.347318    -0.016071
    0.588323     0.349867    -0.018129
    0.481602     0.488949    -0.018129
    0.478254     0.492911    -0.020574
    0.432787     0.538377    -0.020574
    0.430938     0.539940    -0.021715
    0.320416     0.624746    -0.021715
    0.245116     0.663629    -0.024381
    0.317114     0.626944    -0.024381
    0.111617     0.717549    -0.012828
    0.111492     0.717587    -0.012712
    0.235678     0.667881    -0.027259
    0.150731     0.703067    -0.027259
   -0.004551     0.735967    -0.012712
   -0.011885     0.737021    -0.012036
   -0.124853     0.748006     0.017493
   -0.069277     0.744577    -0.012036
   -0.164484     0.745463     0.039148
   -0.179998     0.741120     0.056625
   -0.157205     0.746510     0.038477
   -0.197157     0.735897     0.072441
   -0.199388     0.734973     0.072441
   -0.200943     0.734272     0.072915
   -0.276386     0.686161     0.150587
   -0.338708     0.634085     0.184383
   -0.341284     0.631509     0.189144
   -0.283941     0.680364     0.150587
   -0.399193     0.562979     0.231432
   -0.547229     0.370054     0.231432
   -0.549928     0.364968     0.230880
   -0.558475     0.345997     0.236665
   -0.547685     0.369370     0.230880
   -0.624886     0.185666     0.236665
   -0.629097     0.171833     0.223915
   -0.639879     0.133318     0.180527
   -0.641672     0.119706     0.180527
   -0.632455     0.004507     0.135332
   -0.641672     0.070118     0.130939
   -0.633059     0.004701     0.130939
   -0.614229    -0.062559     0.055169
   -0.606575    -0.087708     0.031990
   -0.531131    -0.269844     0.031990
   -0.479506    -0.384426    -0.002951
   -0.462548    -0.417707    -0.002951
   -0.321933    -0.603958    -0.021221
   -0.442645    -0.447607    -0.027094
   -0.325110    -0.600781    -0.027094
   -0.285376    -0.634849     0.001338
   -0.194227    -0.696173     0.069787
   -0.254457    -0.658574     0.001338
   -0.225509    -0.677844     0.024711
   -0.143265    -0.719134     0.085327
   -0.103562    -0.735580     0.085327
    0.105099    -0.781635     0.188951
    0.185533    -0.792224     0.188951
    0.196609    -0.792224     0.200027
    0.228899    -0.787973     0.200027
    0.244099    -0.785787     0.198626
    0.266478    -0.777663     0.189016
    0.252630    -0.783399     0.189016
    0.274878    -0.773879     0.186454
    0.275522    -0.773501     0.185526
    0.315236    -0.743028     0.185526
    0.322646    -0.736766     0.180953
    0.368732    -0.690680     0.180953
    0.396591    -0.657711     0.160609
    0.499809    -0.516600     0.120409
    0.602477    -0.298282     0.076091
    0.686838     0.027326     0.048267
    0.691146     0.083055     0.007532
    0.689585     0.096155     0.008772
    0.683329     0.135653     0.008772
    0.640413     0.241038    -0.032812
    0.637683     0.248284    -0.030531
    0.652333     0.214770    -0.024086
    0.595856     0.330375    -0.030531
    0.587040     0.350895    -0.022055
    0.486184     0.478047    -0.048182
    0.487705     0.475849    -0.049492
    0.416706     0.547525    -0.048182
    0.416694     0.547539    -0.048170
    0.317648     0.626277    -0.026422
    0.224085     0.670909    -0.042149
    0.279577     0.642634    -0.042149
    0.191201     0.683296    -0.052500
   -0.013198     0.735967    -0.021359
    0.047204     0.726400    -0.021359
   -0.056228     0.741096    -0.025430
   -0.137409     0.746510     0.018681
   -0.153737     0.744027     0.019337
   -0.165184     0.744630     0.034586
   -0.148784     0.744708     0.018681
   -0.171451     0.742269     0.036559
   -0.210460     0.722392     0.036559
   -0.218689     0.715176     0.029394
   -0.259321     0.661679    -0.021827
   -0.397940     0.523061    -0.021827
   -0.224026     0.705990     0.014069
   -0.450802     0.446987    -0.065605
   -0.449255     0.448933    -0.066032
   -0.475097     0.390440    -0.088965
   -0.597712     0.149793    -0.088965
   -0.604822     0.154763    -0.039104
   -0.624486     0.138264     0.068548
   -0.597706     0.149680    -0.089115
   -0.611349     0.063543    -0.089115
   -0.614229     0.063543    -0.070933
   -0.624486     0.070118     0.000402
   -0.599580     0.030344    -0.130222
   -0.576945    -0.112569    -0.130222
   -0.566218    -0.133296    -0.148194
   -0.520822    -0.226218    -0.206150
   -0.382865    -0.495140    -0.210981
   -0.382771    -0.495574    -0.210320
   -0.508785    -0.242680    -0.225019
   -0.397465    -0.461157    -0.225019
   -0.365033    -0.521199    -0.195039
   -0.323457    -0.599128    -0.050299
   -0.289342    -0.617328    -0.113661
   -0.329477    -0.556754    -0.195039
   -0.311213    -0.579684    -0.176464
   -0.283152    -0.622757    -0.108271
   -0.178706    -0.690066    -0.035402
   -0.242280    -0.643582    -0.108271
   -0.114469    -0.722581     0.014165
   -0.153506    -0.702378    -0.019684
    0.127440    -0.764860     0.039195
    0.107225    -0.757694     0.014165
    0.183893    -0.779921     0.097141
    0.185533    -0.782481     0.114942
    0.252925    -0.782481     0.182334
    0.255138    -0.770796     0.110774
    0.258588    -0.775732     0.145388
    0.244905    -0.770258     0.097141
    0.275163    -0.771404     0.166677
    0.288183    -0.755152     0.116945
    0.287456    -0.754329     0.110774
    0.291174    -0.747930     0.100097
    0.413973    -0.625131     0.100097
    0.429820    -0.602238     0.086445
    0.494553    -0.520811     0.104325
    0.603961    -0.292599     0.068793
    0.531507    -0.434798     0.068793
    0.635376    -0.209205     0.042542
    0.691772     0.066541     0.015358
    0.691772     0.056381     0.025518
    0.687398     0.038921     0.015358
    0.677482     0.083055    -0.025456
    0.676160     0.094988    -0.024086
    0.602061     0.284177    -0.071611
    0.598750     0.293707    -0.067950
    0.474764     0.479264    -0.067950
    0.440670     0.501448    -0.091029
    0.420810     0.531971    -0.070368
    0.251924     0.644817    -0.070368
    0.221710     0.655315    -0.081973
    0.191518     0.682157    -0.054819
    0.005794     0.719099    -0.054819
   -0.056228     0.729682    -0.052986
   -0.048283     0.725093    -0.061026
   -0.060727     0.729183    -0.052470
   -0.161945     0.709050    -0.052470
   -0.162963     0.710810    -0.048244
   -0.205244     0.618329    -0.159475
   -0.284784     0.565182    -0.159475
   -0.342012     0.477232    -0.219009
   -0.340285     0.437443    -0.268041
   -0.488946     0.214955    -0.268041
   -0.490505     0.210468    -0.269765
   -0.498392     0.199711    -0.264064
   -0.528812     0.165494    -0.233290
   -0.587688     0.149142    -0.113508
   -0.556359     0.027004    -0.233290
   -0.566744     0.030344    -0.209497
   -0.544167     0.005893    -0.254652
   -0.543206    -0.002773    -0.253657
   -0.495240    -0.246442    -0.252576
   -0.496025    -0.239969    -0.253657
   -0.419605    -0.349605    -0.307249
   -0.402350    -0.399270    -0.288173
   -0.352775    -0.490138    -0.268878
   -0.353330    -0.502933    -0.253110
   -0.367752    -0.451048    -0.288173
   -0.337095    -0.527884    -0.236221
   -0.308109    -0.547252    -0.236221
   -0.284059    -0.581827    -0.204174
   -0.260843    -0.598847    -0.191871
   -0.252692    -0.606094    -0.184539
    0.024029    -0.671078    -0.163134
    0.007728    -0.657895    -0.184539
    0.107225    -0.728490    -0.056340
    0.103525    -0.716987    -0.082696
    0.243955    -0.752596     0.054140
    0.225300    -0.697524    -0.072446
    0.248239    -0.737172     0.022760
    0.217205    -0.694375    -0.082696
    0.283178    -0.734415     0.058413
    0.307385    -0.642677    -0.072446
    0.313773    -0.632860    -0.079091
    0.312652    -0.607040    -0.110909
    0.545405    -0.258701    -0.110909
    0.643854    -0.158835     0.001814
    0.548262    -0.250477    -0.114068
    0.625105    -0.164043    -0.036330
    0.667982     0.051512    -0.036330
    0.677742    -0.003849     0.008402
    0.670052     0.070190    -0.038474
    0.510546     0.070190    -0.246347
    0.568768     0.277676    -0.116684
    0.456053     0.054356    -0.313259
    0.343821     0.054356    -0.441114
    0.304282     0.201918    -0.441114
    0.306617     0.205888    -0.437243
    0.434536     0.293506    -0.264770
    0.434536     0.495314    -0.103284
    0.141714     0.370791    -0.437243
    0.227006     0.495314    -0.269349
    0.213247     0.611981    -0.140641
    0.085170     0.337548    -0.492373
   -0.048869     0.373464    -0.492373
   -0.048869     0.536578    -0.306552
   -0.048283     0.538594    -0.304077
   -0.197420     0.578262    -0.213719
   -0.050615     0.371064    -0.494574
   -0.148038     0.344960    -0.494574
   -0.161907     0.353113    -0.481052
   -0.214856     0.430417    -0.376823
   -0.333259     0.430417    -0.282078
   -0.278024     0.236996    -0.481052
   -0.333259     0.233942    -0.439297
   -0.341397     0.228053    -0.434263
   -0.444564     0.007884    -0.383941
   -0.389687     0.047833    -0.434263
   -0.446291     0.005893    -0.382206
   -0.441230    -0.044692    -0.375689
   -0.381546    -0.354093    -0.349237
   -0.365596    -0.326962    -0.375689
   -0.367752    -0.397328    -0.331160
   -0.299169    -0.467252    -0.330087
   -0.314845    -0.490138    -0.299230
   -0.299247    -0.465833    -0.331160
   -0.039668    -0.536785    -0.330087
   -0.013980    -0.539355    -0.333397
   -0.006036    -0.546245    -0.326476
    0.007728    -0.593615    -0.268311
    0.208531    -0.649962    -0.142825
    0.158369    -0.502193    -0.326476
    0.216030    -0.586377    -0.212972
    0.291988    -0.586377    -0.152191
    0.163507    -0.409261    -0.396730
    0.291988    -0.280780    -0.396730
    0.292747    -0.278400    -0.397725
    0.541204    -0.249099    -0.123624
    0.248293    -0.202786    -0.471448
    0.310742     0.030276    -0.471448
    0.104942     0.030276    -0.629364
    0.098127     0.032547    -0.634126
    0.131323     0.136991    -0.587180
    0.057637     0.032547    -0.658988
    0.026396     0.047203    -0.674442
    0.025394     0.048455    -0.674739
    0.003425     0.101494    -0.674739
    0.004801     0.105302    -0.672926
    0.036490     0.136991    -0.645409
    0.036490     0.207869    -0.601888
   -0.012406     0.112429    -0.672926
   -0.017804     0.119014    -0.670255
   -0.025467     0.130593    -0.665095
   -0.038051     0.157417    -0.651825
   -0.038051     0.184177    -0.635394
   -0.050615     0.221872    -0.609053
   -0.108771     0.240356    -0.582912
   -0.048120     0.153246    -0.651825
   -0.048819     0.153499    -0.651492
   -0.108771     0.213451    -0.599433
   -0.215303     0.213451    -0.534020
   -0.071618     0.098457    -0.651492
   -0.141516     0.065667    -0.616913
   -0.168332     0.065667    -0.600448
   -0.221835     0.047833    -0.563061
   -0.337620    -0.316461    -0.399315
   -0.276461    -0.316461    -0.436868
   -0.083157    -0.075226    -0.616913
   -0.110277    -0.150276    -0.581173
   -0.276461    -0.405132    -0.382422
   -0.013980    -0.321706    -0.500405
   -0.005502    -0.193676    -0.581173
   -0.005502    -0.296273    -0.518177
    0.138243    -0.341960    -0.453565
    0.020585    -0.138069    -0.608682
    0.078900    -0.113914    -0.608682
    0.138243    -0.173257    -0.557151
    0.169633    -0.173257    -0.537878
    0.040727    -0.008277    -0.658988
    0.022595     0.051064    -0.675451
    0.015795     0.062046    -0.676383
   -0.000894     0.092090    -0.678142
   -0.000919     0.092264    -0.678122
    0.000870     0.098940    -0.676236
   -0.004084     0.095429    -0.678122
   -0.004609     0.097472    -0.677784
   -0.005735     0.098679    -0.677477
   -0.008028     0.096386    -0.677477
   -0.012296     0.098457    -0.676064
   -0.006840     0.095280    -0.677779
   -0.005096     0.082938    -0.676383
   -0.034416    -0.026486    -0.645465
    0.024807     0.042465    -0.674028
    0.024807    -0.003047    -0.663886
    0.020585    -0.011749    -0.661006
    0.039409    -0.006959    -0.659760
    0.025878     0.043537    -0.674028
   -0.004084     0.095280    -0.678142
     1      2      3
     1      3      4
     1      4      5
     3      6      7
     3      7      8
     3      8      9
     3      9      4
    10      9      8
    10      8     11
    10     11     12
     5      4      9
     5      9     10
     5     10     13
    14     15     16
    14     16     17
    14     17     18
    14     18     19
    17     20      2
    17      2      1
    17      1     18
    16     21     22
    16     22     23
    16     23     20
    16     20     17
    23     24     25
    23     25     26
    23     26      6
    23      6      3
    23      3      2
    23      2     20
    26     27     28
    26     28      7
    26      7      6
    28     27     29
    28     29     30
    28     30     31
    28     31     32
    28     32     33
     8      7     28
     8     28     33
     8     33     34
     8     34     35
     8     35     11
    12     11     35
    12     35     36
    12     36     37
    37     36     38
    37     38     39
    37     39     40
    41     40     39
    41     39     42
    41     42     43
    44     13     10
    44     10     12
    44     12     37
    44     37     40
    44     40     41
    19     18      1
    19      1      5
    19      5     13
    19     13     44
    19     44     45
    46     47     48
    46     48     49
    46     49     50
    46     50     15
    46     15     14
    50     51     21
    50     21     16
    50     16     15
    49     52     53
    49     53     51
    49     51     50
    53     54     22
    53     22     21
    53     21     51
    22     54     55
    22     55     24
    22     24     23
    56     57     58
    56     58     59
    56     59     25
    56     25     24
    56     24     55
    56     55     60
    25     59     61
    25     61     62
    25     62     63
    25     63     64
    25     64     29
    25     29     27
    25     27     26
    64     65     66
    64     66     67
    64     67     30
    64     30     29
    30     67     68
    30     68     69
    30     69     70
    30     70     31
    71     72     73
    71     73     70
    71     70     69
    71     69     74
    31     70     73
    31     73     75
    31     75     76
    31     76     77
    31     77     78
    31     78     79
    31     79     80
    31     80     32
    33     32     80
    33     80     81
    33     81     82
    33     82     34
    35     34     82
    35     82     83
    35     83     84
    35     84     38
    35     38     36
    39     38     84
    39     84     85
    39     85     86
    39     86     87
    39     87     42
    87     86     88
    87     88     89
    87     89     90
    87     90     91
    91     90     92
    91     92     93
    91     93     94
    91     94     95
    43     42     87
    43     87     91
    43     91     95
    43     95     96
    96     95     94
    96     94     97
    96     97     98
    96     98     99
    96     99    100
   101     45     44
   101     44     41
   101     41     43
   101     43     96
   101     96    100
   101    100    102
   103    104     46
   103     46     14
   103     14     19
   103     19     45
   103     45    101
   103    101    105
   106    107    104
   106    104    103
   106    103    108
   109    110     47
   109     47     46
   109     46    104
   109    104    107
   111    112    113
   111    113     48
   111     48     47
   111     47    110
    48    113    114
    48    114     52
    48     52     49
   115    114    113
   115    113    112
   116     60     55
   116     55     54
   116     54     53
   116     53     52
   116     52    114
   116    114    115
   116    115    117
   118    119     56
   118     56     60
   118     60    116
   120    121    122
   120    122    123
   120    123    124
   120    124     57
   120     57     56
   120     56    119
   125    126    127
   125    127     58
   125     58     57
   125     57    124
   125    124    128
    58    127    129
    58    129    130
    58    130     61
    58     61     59
    63    131     65
    63     65     64
    66    132     68
    66     68     67
    73     72    133
    73    133     75
    75    133    134
    75    134     76
    78    135    136
    78    136    137
    78    137    138
    78    138     79
    80     79    138
    80    138    139
    80    139    140
    80    140     81
    82     81    140
    82    140    141
    82    141    142
    82    142     83
    84     83    142
    84    142    143
    84    143    144
    84    144    145
    84    145     85
    85    145    146
    85    146    147
    85    147    148
    85    148     88
    85     88     86
    88    148    149
    88    149     89
    89    149    150
    89    150    151
    89    151     92
    89     92     90
    92    151    152
    92    152    153
    92    153    154
    92    154     93
    94     93    154
    94    154    155
    94    155     97
    97    155    156
    97    156    157
    97    157    158
    97    158     98
    99     98    158
    99    158    159
    99    159    160
    99    160    161
   102    100     99
   102     99    161
   102    161    162
   102    162    163
   102    163    164
   102    164    165
   166    105    101
   166    101    102
   166    102    165
   166    165    167
   166    167    168
   166    168    169
   166    169    170
   166    170    171
   172    108    103
   172    103    105
   172    105    166
   172    166    173
   172    173    174
   172    174    175
   176    177    178
   176    178    179
   176    179    180
   176    180    172
   176    172    175
   176    175    181
   176    181    182
   176    182    183
   180    184    185
   180    185    106
   180    106    108
   180    108    172
   185    186    187
   185    187    188
   185    188    109
   185    109    107
   185    107    106
   188    189    190
   188    190    111
   188    111    110
   188    110    109
   191    192    190
   191    190    189
   190    192    117
   190    117    115
   190    115    112
   190    112    111
   193    194    195
   193    195    118
   193    118    116
   193    116    117
   193    117    192
   193    192    191
   195    196    197
   195    197    198
   195    198    120
   195    120    119
   195    119    118
   199    200    201
   199    201    202
   199    202    121
   199    121    120
   199    120    198
   199    198    203
   199    203    204
   205    202    201
   205    201    206
   205    206    207
   208    122    121
   208    121    202
   208    202    205
   128    124    123
   128    123    209
   129    127    126
    61    130    210
    61    210     62
   211    132     66
   211     66     65
   211     65    131
   211    131    212
    74     69     68
    74     68    132
    74    132    211
    76    134    213
    76    213     77
    77    213    214
    77    214    135
    77    135     78
   215    216    217
   215    217    137
   215    137    136
   215    136    218
   138    137    217
   138    217    219
   138    219    139
   140    139    219
   140    219    220
   140    220    221
   140    221    222
   140    222    141
   142    141    222
   142    222    223
   142    223    224
   142    224    143
   225    144    143
   225    143    224
   225    224    226
   225    226    227
   146    145    144
   146    144    225
   146    225    228
   146    228    229
   230    231    147
   230    147    146
   230    146    229
   230    229    232
   230    232    233
   230    233    234
   235    150    149
   235    149    148
   235    148    147
   235    147    231
   236    152    151
   236    151    150
   236    150    235
   236    235    237
   238    239    240
   238    240    153
   238    153    152
   238    152    236
   154    153    240
   154    240    241
   154    241    156
   154    156    155
   156    241    242
   156    242    243
   156    243    244
   156    244    157
   158    157    244
   158    244    245
   158    245    159
   161    160    246
   161    246    162
   165    164    247
   165    247    167
   167    247    248
   167    248    249
   167    249    168
   250    174    173
   250    173    251
   252    181    175
   252    175    174
   252    174    250
   253    254    178
   253    178    177
   253    177    255
   256    257    179
   256    179    178
   256    178    254
   179    257    258
   179    258    259
   179    259    260
   179    260    184
   179    184    180
   261    262    186
   261    186    185
   261    185    184
   261    184    260
   263    264    187
   263    187    186
   263    186    262
   187    264    265
   187    265    266
   187    266    193
   187    193    191
   187    191    189
   187    189    188
   267    268    194
   267    194    193
   267    193    266
   269    196    195
   269    195    194
   269    194    268
   269    268    270
   271    272    197
   271    197    196
   271    196    269
   271    269    273
   271    273    274
   203    198    197
   203    197    272
   203    272    275
   203    275    276
   277    204    203
   277    203    276
   277    276    278
   279    280    200
   279    200    199
   279    199    281
   282    206    201
   282    201    200
   282    200    280
   207    206    282
   207    282    283
   207    283    284
   209    123    122
   209    122    208
   209    208    285
   286    287    125
   286    125    128
   286    128    209
   286    209    285
   286    285    288
   289    210    130
   289    130    129
   289    129    126
   289    126    125
   289    125    287
   290    212    131
   290    131     63
   290     63     62
   290     62    210
   290    210    289
   291    292     71
   291     71     74
   291     74    211
   291    211    212
   291    212    290
   291    290    293
   294    214    213
   294    213    134
   294    134    133
   294    133     72
   294     72     71
   294     71    292
   295    218    136
   295    136    135
   295    135    214
   295    214    294
   296    297    215
   296    215    218
   296    218    295
   298    216    215
   298    215    297
   298    297    299
   298    299    300
   219    217    216
   219    216    298
   219    298    220
   221    220    298
   221    298    300
   221    300    301
   221    301    302
   221    302    303
   223    222    221
   223    221    303
   223    303    304
   223    304    305
   306    226    224
   306    224    223
   306    223    305
   306    305    307
   306    307    308
   227    226    306
   227    306    309
   310    228    225
   310    225    227
   310    227    309
   310    309    311
   310    311    312
   313    232    229
   313    229    228
   313    228    310
   233    232    313
   233    313    314
   315    237    235
   315    235    231
   315    231    230
   316    317    238
   316    238    236
   316    236    237
   316    237    315
   318    239    238
   318    238    317
   319    242    241
   319    241    240
   319    240    239
   319    239    318
   320    243    242
   320    242    319
   320    319    321
   244    243    320
   244    320    322
   244    322    245
   159    245    322
   159    322    323
   159    323    324
   159    324    246
   159    246    160
   162    246    324
   162    324    325
   162    325    326
   162    326    163
   248    247    164
   248    164    163
   248    163    326
   248    326    327
   169    168    249
   169    249    328
   171    170    329
   330    182    181
   330    181    252
   183    182    330
   331    332    256
   331    256    254
   331    254    253
   333    258    257
   333    257    256
   333    256    332
   334    335    261
   334    261    260
   334    260    259
   334    259    336
   337    338    263
   337    263    262
   337    262    261
   337    261    335
   339    265    264
   339    264    263
   339    263    338
   339    338    340
   341    342    267
   341    267    266
   341    266    265
   341    265    339
   343    270    268
   343    268    267
   343    267    342
   344    273    269
   344    269    270
   344    270    343
   344    343    345
   346    274    273
   346    273    344
   347    275    272
   347    272    271
   347    271    348
   278    276    275
   278    275    347
   278    347    349
   350    281    199
   350    199    204
   350    204    277
   351    352    279
   351    279    281
   351    281    350
   351    350    353
   354    283    282
   354    282    280
   354    280    279
   354    279    352
   355    284    283
   355    283    354
   288    285    208
   288    208    205
   288    205    207
   288    207    284
   288    284    355
   288    355    356
   357    358    286
   357    286    288
   357    288    356
   357    356    359
   360    293    290
   360    290    289
   360    289    287
   360    287    286
   360    286    358
   360    358    361
   362    363    364
   362    364    291
   362    291    293
   362    293    360
   364    365    296
   364    296    295
   364    295    294
   364    294    292
   364    292    291
   366    367    368
   366    368    369
   366    369    365
   366    365    364
   366    364    363
   369    299    297
   369    297    296
   369    296    365
   368    301    300
   368    300    299
   368    299    369
   302    301    368
   302    368    367
   302    367    370
   302    370    371
   304    303    302
   304    302    371
   304    371    372
   304    372    373
   374    375    307
   374    307    305
   374    305    304
   374    304    373
   374    373    376
   374    376    377
   308    307    375
   308    375    378
   308    378    379
   380    379    378
   380    378    381
   380    381    382
   311    309    306
   311    306    308
   311    308    379
   311    379    380
   311    380    383
   384    312    311
   384    311    383
   384    383    385
   386    314    313
   386    313    310
   386    310    312
   386    312    384
   386    384    387
   388    234    233
   388    233    314
   388    314    386
   388    386    389
   390    391    316
   390    316    315
   390    315    230
   390    230    234
   390    234    388
   392    321    319
   392    319    318
   392    318    317
   392    317    316
   392    316    391
   393    394    392
   393    392    391
   393    391    390
   393    390    395
   323    322    320
   323    320    321
   323    321    392
   323    392    394
   323    394    396
   397    396    394
   397    394    393
   397    393    398
   325    324    323
   325    323    396
   325    396    397
   327    326    325
   327    325    397
   327    397    398
   327    398    399
   327    399    400
   328    249    248
   328    248    327
   328    327    400
   328    400    401
   328    401    402
   403    329    170
   403    170    169
   403    169    328
   403    328    402
   403    402    404
   251    173    166
   251    166    171
   251    171    329
   251    329    403
   251    403    405
   406    407    408
   255    177    176
   255    176    407
   255    407    406
   409    410    333
   409    333    332
   409    332    331
   336    259    258
   336    258    333
   336    333    410
   411    412    337
   411    337    335
   411    335    334
   413    340    338
   413    338    337
   413    337    412
   414    415    341
   414    341    339
   414    339    340
   414    340    413
   416    345    343
   416    343    342
   416    342    341
   416    341    415
   417    418    346
   417    346    344
   417    344    345
   417    345    416
   419    348    271
   419    271    274
   419    274    346
   419    346    418
   420    349    347
   420    347    348
   420    348    419
   420    419    421
   422    353    350
   422    350    277
   422    277    278
   422    278    349
   422    349    420
   423    424    351
   423    351    353
   423    353    422
   359    356    355
   359    355    354
   359    354    352
   359    352    351
   359    351    424
   425    426    357
   425    357    359
   425    359    424
   425    424    423
   427    361    358
   427    358    357
   427    357    426
   428    429    362
   428    362    360
   428    360    361
   428    361    427
   430    431    432
   430    432    433
   430    433    366
   430    366    363
   430    363    362
   430    362    429
   434    435    433
   434    433    432
   433    435    370
   433    370    367
   433    367    366
   372    371    370
   372    370    435
   372    435    434
   372    434    436
   372    436    437
   438    376    373
   438    373    372
   438    372    437
   438    437    439
   377    376    438
   377    438    440
   377    440    441
   442    443    374
   442    374    377
   442    377    441
   442    441    444
   378    375    374
   378    374    443
   378    443    445
   378    445    381
   382    381    445
   382    445    446
   382    446    447
   385    383    380
   385    380    382
   385    382    447
   385    447    448
   385    448    449
   450    387    384
   450    384    385
   450    385    449
   450    449    451
   452    389    386
   452    386    387
   452    387    450
   452    450    453
   454    395    390
   454    390    388
   454    388    389
   454    389    452
   455    456    454
   455    454    452
   455    452    453
   455    453    457
   399    398    393
   399    393    395
   399    395    454
   399    454    456
   399    456    458
   459    458    456
   459    456    455
   401    400    399
   401    399    458
   401    458    459
   401    459    460
   404    402    401
   404    401    460
   404    460    461
   404    461    462
   463    405    403
   463    403    404
   463    404    462
   463    462    464
   463    464    465
   466    467    463
   466    463    465
   466    468    409
   466    409    331
   466    331    253
   466    253    255
   466    255    406
   466    406    408
   466    408    467
   469    470    411
   469    411    334
   469    334    336
   469    336    410
   469    410    409
   469    409    468
   471    472    473
   471    473    474
   471    474    475
   471    475    470
   471    470    469
   475    476    414
   475    414    413
   475    413    412
   475    412    411
   475    411    470
   474    477    478
   474    478    476
   474    476    475
   478    479    417
   478    417    416
   478    416    415
   478    415    414
   478    414    476
   480    481    482
   480    482    483
   480    483    479
   480    479    478
   480    478    477
   483    421    419
   483    419    418
   483    418    417
   483    417    479
   482    484    425
   482    425    423
   482    423    422
   482    422    420
   482    420    421
   482    421    483
   485    486    487
   485    487    488
   485    488    484
   485    484    482
   485    482    481
   488    489    428
   488    428    427
   488    427    426
   488    426    425
   488    425    484
   487    490    491
   487    491    489
   487    489    488
   491    492    430
   491    430    429
   491    429    428
   491    428    489
   493    431    430
   493    430    492
   493    492    494
   495    436    434
   495    434    432
   495    432    431
   495    431    493
   439    437    436
   439    436    495
   439    495    496
   497    440    438
   497    438    439
   497    439    496
   497    496    498
   444    441    440
   444    440    497
   444    497    499
   500    501    442
   500    442    444
   500    444    499
   500    499    502
   446    445    443
   446    443    442
   446    442    501
   448    447    446
   448    446    501
   448    501    500
   448    500    503
   451    449    448
   451    448    503
   451    503    504
   451    504    505
   451    505    506
   457    453    450
   457    450    451
   457    451    506
   457    506    507
   507    506    505
   507    505    508
   507    508    509
   461    460    459
   461    459    455
   461    455    457
   461    457    507
   461    507    509
   461    509    510
   510    509    508
   510    508    511
   510    511    512
   464    462    461
   464    461    510
   464    510    512
   464    512    513
   464    513    514
   514    513    515
   514    515    516
   514    516    472
   514    472    471
   465    464    514
   465    514    471
   465    471    469
   465    469    468
   465    468    466
   516    517    518
   516    518    519
   516    519    473
   516    473    472
   518    520    521
   518    521    522
   518    522    523
   518    523    524
   518    524    525
   518    525    519
   473    519    525
   473    525    526
   473    526    480
   473    480    477
   473    477    474
   525    524    527
   525    527    528
   525    528    529
   525    529    530
   525    530    531
   525    531    526
   526    531    532
   526    532    485
   526    485    481
   526    481    480
   532    533    486
   532    486    485
   530    534    535
   530    535    536
   530    536    533
   530    533    532
   530    532    531
   536    537    490
   536    490    487
   536    487    486
   536    486    533
   538    539    540
   538    540    537
   538    537    536
   538    536    535
   541    494    492
   541    492    491
   541    491    490
   541    490    537
   541    537    540
   498    496    495
   498    495    493
   498    493    494
   498    494    541
   498    541    542
   543    542    541
   543    541    540
   543    540    539
   543    539    544
   543    544    545
   502    499    497
   502    497    498
   502    498    542
   502    542    543
   502    543    546
   547    546    543
   547    543    545
   547    545    548
   547    548    549
   504    503    500
   504    500    502
   504    502    546
   504    546    547
   508    505    504
   508    504    547
   508    547    549
   508    549    550
   508    550    511
   550    549    548
   550    548    551
   550    551    552
   550    552    553
   512    511    550
   512    550    553
   512    553    554
   512    554    515
   512    515    513
   553    552    555
   553    555    520
   553    520    518
   553    518    517
   553    517    554
   515    554    517
   515    517    516
   522    556    557
   522    557    558
   522    558    559
   522    559    560
   522    560    523
   559    561    562
   559    562    560
   523    560    562
   523    562    563
   523    563    527
   523    527    524
   529    534    530
   527    563    564
   527    564    565
   527    565    528
   528    565    538
   528    538    535
   528    535    534
   528    534    529
   544    539    538
   544    538    565
   544    565    564
   544    564    566
   544    566    567
   544    567    568
   568    567    557
   568    557    556
   568    556    569
   568    569    570
   568    570    571
   548    545    544
   548    544    568
   548    568    571
   548    571    551
   551    571    570
   551    570    572
   551    572    555
   551    555    552
   570    569    573
   570    573    572
   555    572    573
   555    573    521
   555    521    520
   558    574    561
   558    561    559
   562    561    574
   562    574    566
   562    566    564
   562    564    563
   557    567    566
   557    566    574
   557    574    558
   521    573    569
   521    569    556
   521    556    522
   467    408    407
   467    407    176
   467    176    183
   467    183    330
   467    330    252
   467    252    250
   467    250    251
   467    251    405
   467    405    463
