1020 2036
    4.930254    -2.561543    24.049759
    7.841705    -8.130417    24.311499
   11.490275   -14.671552    24.596427
   12.798277   -15.979554    24.596427
   14.407850   -15.979554    24.437859
   13.805645   -11.436934    24.049759
   -0.553259     9.557769    22.958712
   -1.801471    10.923505    22.701272
   -1.943163    10.781766    22.701272
    0.034267     7.214724    23.247380
   11.497100   -14.723208    24.591986
   12.798277   -16.024339    24.591986
   12.815714   -16.094040    24.583431
   13.662690   -17.452810    24.366147
   14.771267   -16.344234    24.366147
   14.775147   -16.315203    24.368625
   16.219326    -2.786961    22.230709
   20.752597   -16.315203    22.555373
   22.771913   -15.457896    21.835130
   18.782272    -5.826033    21.835130
   11.882021     4.770424    21.701291
    5.426201    11.226290    21.701291
    2.409100     1.819377    23.743981
    1.849109    19.346938    19.687350
   -5.751704    22.495260    19.687350
   -5.751704    19.596852    20.566582
   -5.660826    19.187856    20.679245
   -5.028095    17.660326    21.063137
    2.967269    17.293776    20.169694
   -6.974205    25.374922    18.660209
   -7.926457    24.980465    18.660209
   -3.697654    12.892474    22.065783
   -7.068168    15.790275    20.679245
   10.408578   -14.327488    24.311499
   11.485740   -14.764019    24.583431
   14.378212   -19.109411    23.966735
   14.418648   -19.126193    23.966735
   14.199822   -18.669281    24.077854
   14.740881   -19.491854    23.853652
   14.914502   -19.693805    23.770581
   15.232480   -19.932966    23.658059
   15.670928   -19.751351    23.658059
   14.636306   -19.404903    23.885113
   15.713328   -19.749014    23.651468
   15.719592   -19.742750    23.651468
   19.801607   -18.088440    22.621053
   20.081159   -17.936182    22.555373
   23.854498   -13.771470    21.064259
   23.287120   -15.372348    21.596810
   24.100251   -15.372348    21.162196
   24.257698   -15.281283    21.064960
   24.243066   -15.071759    21.042802
   23.918636   -13.861086    21.042802
   20.068023    -7.083688    21.504109
   23.015796   -15.457896    21.729573
   10.424519     9.836526    20.169694
   11.185666     7.847268    20.690932
   -1.778845    26.110686    17.410407
   -3.655955    28.029681    16.916377
   -6.949055    26.862530    18.011864
   -6.974205    26.782685    18.050945
    1.332312    21.441004    18.873706
   -4.853726    30.058020    16.003767
   -5.814393    30.315413    16.003767
   -6.840553    29.216467    16.738127
   -6.949055    29.028915    16.853922
  -10.199801    28.157911    16.853922
  -10.094338    27.888550    17.012957
  -10.068206    27.122214    17.349354
  -11.415196    29.065612    15.952812
  -14.290745    28.414790    15.008553
  -15.038428    27.667106    15.008553
  -13.988380    27.256053    15.628709
  -10.284087    16.804561    19.105574
  -22.472913    28.039124    10.981467
  -26.262333    27.654390     9.011096
  -28.614026    18.877731     9.011096
  -27.589222    17.920851     9.695904
  -25.659521    16.804561    10.887224
  -17.502269   -13.638800    10.887224
   -2.809119   -12.903551    18.846171
    3.866041   -14.550849    21.439877
    7.842266   -18.527074    21.439877
   13.878665   -19.893277    23.422030
   14.348761   -19.542202    23.770581
   14.364842   -19.501110    23.794796
   15.733944   -20.353042    23.386361
   15.500251   -20.270205    23.464103
   15.791677   -20.773959    23.153090
   15.916213   -20.907330    23.063942
   15.947628   -20.898915    23.063942
   16.220728   -21.102876    22.861477
   16.952892   -20.937155    22.621053
   21.789042   -17.514751    21.891788
   23.241308   -16.094133    21.517900
   24.031953   -15.627263    21.162196
   24.335766   -15.300870    21.004095
   24.550432   -15.300870    20.827902
   24.411872   -14.604188    20.827902
   24.396024   -14.380126    20.795647
   19.504011    -4.601989    20.690932
    9.621954    13.151363    18.873706
   -3.071374    29.031673    15.881475
   -4.860785    30.227294    15.881475
   -5.230840    31.053233    15.350467
   -5.668960    30.895086    15.551809
   -5.366269    31.510380    14.997428
   -5.472807    31.531557    14.997428
   -5.668960    31.281690    15.234485
   -5.315641    31.446616    15.041464
  -10.112336    30.397877    15.234485
  -11.363259    30.309290    15.054320
  -11.704985    30.553921    14.702823
  -19.157281    28.860202    12.260953
  -19.200242    28.831499    12.260953
  -29.573197    28.323631     6.366948
  -32.651023    28.230229     4.125954
  -33.163940    28.003269     3.857481
  -33.261970    27.856574     3.857481
  -28.680268    28.047866     7.167457
  -33.927097    27.558557     3.429880
  -31.009522    19.478720     7.143242
  -34.095109    27.522328     3.297911
  -34.497373    27.202760     3.019948
  -34.970648    24.823346     3.019948
  -35.156236    22.342068     3.272714
  -34.565438    19.606342     4.204163
  -34.531546    19.519484     4.246142
  -34.495036    19.478720     4.282746
  -34.151112    14.879067     3.814146
  -34.055841    13.746088     3.707421
  -33.238830     6.120686     3.133125
  -33.135143     5.275112     3.080160
  -32.787200     3.525811     3.080160
  -32.738442     2.837590     2.981008
  -31.266729    -1.974484     3.114239
  -26.918111   -13.631835     4.009271
  -26.900768   -13.665774     4.015302
  -26.842380   -13.729304     4.045501
  -18.176466   -14.091085    10.306102
  -26.550907   -15.011642     3.625332
  -26.464938   -15.344673     3.523843
  -25.992739   -16.821856     3.141259
  -23.848699   -20.030622     3.141259
  -23.644271   -20.121079     3.248265
  -18.554889   -18.549373     7.811034
  -11.770946   -20.191902    10.463315
   -0.988294   -27.396621    10.463315
    4.739243   -28.698359    12.340004
   13.757168   -22.241745    21.616397
   13.943317   -21.441376    22.303589
   16.095164   -22.706792    21.616397
   16.128401   -22.664438    21.656553
   16.128401   -21.753091    22.404518
   16.192586   -21.776277    22.375020
   16.317589   -22.626806    21.656553
   16.352604   -22.464358    21.784222
   18.448259   -21.064075    21.784222
   18.575226   -21.033315    21.734575
   21.812883   -17.795658    21.734575
   23.257436   -17.156476    20.978430
   24.286307   -15.616651    20.978430
   24.427018   -15.553589    20.887927
   24.776504   -15.478278    20.613424
   26.212596   -14.560619    18.793486
   25.932156   -15.421853    19.301448
   26.302118   -15.421853    18.850659
   27.477450   -15.056146    17.347952
   27.643779   -14.964146    17.127489
   28.321013   -14.526353    16.217778
   28.533061   -14.286724    15.913170
   28.523525   -14.226607    15.913170
   24.835126   -15.492770    20.550782
   25.618385   -15.492770    19.670101
   21.201843     6.979863    11.869114
   20.572898     7.421957    12.337713
   30.305830   -10.887694    11.869114
   16.554460    11.900346    13.279307
   14.596524    12.826560    14.508072
   -1.757902    29.180985    14.508072
   -3.120740    29.788099    15.217609
   -5.000327    31.474665    14.822451
   -5.364212    31.992256    14.436735
   -5.393803    31.787407    14.692118
   -5.472807    31.633841    14.882428
   -5.441626    31.771793    14.720353
   -5.441626    32.195702    14.203837
   -5.546154    32.571133    13.726169
   -6.001618    34.034946    11.854622
   -6.084174    34.107966    11.749720
  -10.784522    33.363508    11.749720
  -11.431371    33.308205    11.667257
  -12.454960    33.854593    10.427459
  -20.925608    31.737387     7.874844
  -25.470800    29.421503     7.874844
  -33.547505    28.484537     3.045520
  -34.089172    27.942871     3.045520
  -34.130730    27.923190     3.019434
  -34.172523    27.921133     2.972172
  -34.495176    27.287841     2.972172
  -34.516960    27.200797     2.998398
  -34.841016    26.771606     2.729972
  -34.999958    24.913335     2.966890
  -35.064985    24.502843     2.966890
  -35.221823    22.583613     3.146167
  -34.176683    15.177178     3.840512
  -32.996770     3.657406     2.873908
  -26.801803   -14.061774     3.895955
  -25.303490   -19.229319     2.297602
  -24.876963   -19.926842     2.261372
  -24.842043   -19.965736     2.269553
  -24.600918   -20.507076     1.987711
  -24.231377   -21.299684     1.590449
  -23.869829   -21.895204     1.370781
  -23.504589   -22.260444     1.370781
  -23.143416   -23.023975     0.891616
  -22.819454   -23.406092     0.739592
  -20.919251   -25.111123     0.340086
  -20.409232   -25.535967     0.262952
  -18.145986   -26.943542     0.359019
  -16.085812   -28.203394     0.466118
  -14.584087   -28.605285     1.018116
   -3.636742   -34.183228     1.018116
    0.587013   -35.238933     2.290917
    4.547203   -33.124999     7.087518
    4.921653   -30.534425    10.316387
   15.330183   -26.208994    17.507596
   15.699210   -25.276984    18.638003
   16.095164   -23.524644    20.696822
   14.503589   -27.414198    15.967631
   15.131832   -26.544035    17.086538
   13.480888   -28.996189    13.842571
    8.210031   -33.705139     7.087518
    9.537293   -32.811368     8.432732
   12.205562   -30.450372    11.824563
   16.367189   -23.613231    20.536430
   16.409402   -23.905404    20.172218
   16.441892   -22.861013    21.365455
   17.204021   -22.928797    20.835990
   16.577834   -23.819576    20.172218
   18.529086   -21.739767    21.114607
   19.490688   -21.311418    20.613938
   23.672790   -17.129362    20.613938
   24.719425   -16.634210    19.957085
   25.126318   -16.180757    19.861720
   25.076531   -15.620905    20.250661
   25.941131   -15.608003    19.254606
   25.641805   -15.564761    19.627654
   25.946835   -15.605853    19.248062
   31.987768   -10.051003     8.665723
   31.705271   -10.239069     9.240534
   30.940384   -13.240836    11.410892
   31.651605   -12.508626     9.899911
   32.373016   -11.731538     8.358824
   32.814035   -10.917052     7.333131
   33.083863   -10.294371     6.675016
   33.041977    -9.976300     6.675016
   28.883623   -14.286724    15.299792
   29.903005   -14.051022    13.450684
   30.066856   -13.951963    13.136539
   30.687339   -13.517069    11.930260
   33.382534    -8.789374     5.148374
   33.659328    -7.747413     3.848786
   33.938599    -6.427443     2.333504
   34.047428    -0.994090    -1.994778
   34.036068    -0.599633    -2.273628
   34.013349     0.065962    -2.737740
   33.918311     0.417178    -2.830301
   33.304699     1.898662    -2.830301
   32.658318     2.585620    -2.166529
   32.564776     2.629095    -2.028016
   29.173926     5.304143     1.053223
   25.223460    10.452474     1.053223
   24.016386    11.551234     1.642058
   15.901441    17.441780     7.457340
    7.912575    25.430646     7.457340
    1.388550    28.810182    11.202350
   -5.276793    33.924668    11.202350
   -5.830006    34.187905    11.463250
   -5.868153    34.103198    11.647576
   -5.972166    34.098476    11.735275
   -5.992829    34.341097    11.305943
   -5.999140    34.252277    11.473628
   -6.084174    34.230632    11.535054
   -6.111709    34.506304    11.026158
   -6.111709    34.349839    11.318892
   -6.636686    35.447851     9.135258
   -7.092290    36.172301     7.667752
   -7.189806    36.225079     7.544992
   -8.321849    36.125693     7.452057
  -11.459840    35.712583     7.452057
  -12.140628    35.647043     7.378103
  -13.942193    36.163886     5.060956
  -15.544940    36.109238     3.943357
  -24.901412    33.577847     1.477459
  -28.511275    32.082573     1.477459
  -32.993077    30.758208     0.020004
  -33.296517    30.373568     0.369537
  -33.662832    28.630904     2.733852
  -34.121521    29.740556     0.369537
  -34.273592    28.658252     1.931473
  -34.184724    28.569384     2.185548
  -34.253584    27.985037     2.799486
  -34.537389    28.314469     1.931473
  -34.501160    27.932960     2.463603
  -34.521448    27.864428     2.485902
  -34.929977    26.878097     2.485902
  -34.896646    26.761882     2.635401
  -35.100700    24.642899     2.865587
  -35.242159    23.568262     2.865587
  -35.310597    22.788509     2.929632
  -33.003595     3.677928     2.867738
  -23.437413   -22.729979     0.891616
  -22.680052   -23.598131     0.601967
  -22.287745   -24.029099     0.391742
  -21.782261   -24.448894     0.340086
  -15.784149   -28.427596     0.359019
  -15.304096   -28.746229     0.246497
  -14.956059   -28.957202     0.195402
   -9.138299   -32.089489    -0.059888
   -7.654151   -32.878405    -0.109534
   -5.410352   -33.884089     0.099475
   -4.296493   -34.213240     0.461724
   -2.455986   -34.975603     0.461724
   -2.023336   -35.132348     0.502955
   -0.690370   -35.572104     0.709066
    0.711969   -35.951509     1.078654
    0.903402   -36.059356     0.943039
    8.089048   -34.228387     6.138398
    0.953655   -36.091098     0.896010
    3.590884   -36.438294     0.896010
    4.376761   -36.507247     0.960522
    5.552560   -35.997789     2.203312
    7.326217   -35.037403     4.436920
    8.089048   -34.296451     6.011058
    8.808449   -33.842063     6.683898
    9.760514   -32.868260     8.271312
   11.407812   -31.440724    10.312694
   14.389431   -28.141313    14.720447
   16.346339   -24.920906    18.678066
   21.021443   -21.131018    19.005675
   20.689581   -21.588211    18.678066
   24.612700   -17.539761    19.005675
   26.426513   -16.223157    17.705853
   27.083553   -15.366878    17.705853
   28.746091   -14.451791    15.494637
   28.910129   -14.390925    15.224435
   29.769680   -14.146948    13.676476
   33.248181    -9.696795     5.928361
   33.362293    -9.232543     5.379635
   33.104993   -10.288294     6.607559
   34.021530     0.346963    -3.091481
   33.898770     1.111990    -3.572796
   33.883156     1.167106    -3.584950
   33.843421     1.315951    -3.644927
   33.742539     1.636500    -3.732346
   33.658206     1.744674    -3.624031
   33.313628     2.293072    -3.624031
   32.530042     3.161786    -2.889156
   29.460397     6.834291    -2.309811
   15.585239    19.982381     1.642058
    7.714972    25.967591     6.570067
    0.529980    31.973183     5.436574
   -1.457968    33.074607     6.412714
   -6.941855    36.520385     6.412714
   -7.007162    36.298380     7.225705
   -7.034135    36.299642     7.252865
   -7.069009    36.635992     6.176498
   -7.061296    36.382666     7.008748
   -7.148060    36.369810     7.083311
   -7.096964    36.667874     6.081787
   -7.148060    36.694754     6.012133
   -7.227391    36.749776     5.801347
   -7.472209    36.809940     5.512025
   -9.906131    36.586813     5.343499
  -10.774892    36.488924     5.343499
  -15.567566    36.109893     3.914888
  -21.118864    35.125852     0.732300
  -22.560985    34.772486     0.229948
  -27.146474    33.472571    -0.781580
  -27.850402    33.284598    -1.065386
  -32.362543    31.864868    -2.296021
  -32.600536    31.728411    -2.192428
  -32.686739    31.661235    -2.106084
  -33.046416    30.835389    -0.251881
  -33.451158    31.180902    -2.106084
  -33.494166    31.142101    -2.069715
  -33.800831    30.685142    -1.252797
  -33.789986    30.669855    -1.184452
  -34.129094    29.748129     0.338590
  -34.422764    30.063209    -1.252797
  -34.466052    30.006270    -1.217129
  -34.560857    29.760143    -0.821503
  -34.402288    29.647622    -0.112806
  -34.677492    28.411283     1.437817
  -35.482395    28.293573    -0.821503
  -35.163295    28.199703     0.347145
  -35.219065    27.010113     1.544121
  -35.727167    26.843878     0.050016
  -35.593281    28.171608    -1.048089
  -35.926265    27.220010    -1.048089
  -35.915139    26.838174    -0.567428
  -36.058562    25.565279    -0.567428
  -35.503151    22.788509     2.294891
  -35.256463    20.097474     2.108601
  -34.331232    11.886088     2.108601
  -33.675875     5.499736     1.538886
  -30.764891    -3.744822     2.723708
  -26.427680   -16.139852     2.723708
  -25.479729   -19.152606     1.902022
  -25.432747   -19.438048     1.492746
  -25.427138   -19.449220     1.488258
  -24.213238   -21.381165     1.488258
  -23.473221   -22.716796     0.832387
  -23.423622   -22.845586     0.625434
  -23.395106   -22.883078     0.601967
  -20.740674   -25.319524     0.175768
  -20.442751   -25.517408     0.246497
   -5.240891   -33.954304     0.099475
    0.294418   -35.916682     0.709066
    0.958143   -36.104842     0.855480
    1.557777   -36.326146     0.418108
    2.518069   -36.581716     0.021313
    2.579636   -36.588027     0.026782
    4.036297   -36.752158     0.026782
    4.376761   -36.668480     0.429094
    6.265137   -36.103299     1.590822
    5.412878   -36.551704     0.429094
    7.114731   -35.683785     2.536249
    7.457812   -35.563736     2.536249
    9.380501   -33.815230     6.108293
   10.884377   -32.642422     7.614646
   17.485302   -27.452204    10.837577
   15.651714   -29.646918     7.614646
   16.565727   -28.822475     8.387808
   19.324359   -25.298628    12.546956
   29.501488   -15.091721    12.624745
   29.407011   -15.215976    12.546956
   29.580352   -14.997384    12.609879
   30.184286   -14.327816    12.043530
   30.553687   -13.739962    12.043530
   30.684768   -13.571857    11.875144
   32.388817   -11.716625     8.316424
   32.661076   -11.319503     7.640404
   32.824600   -10.988295     7.271845
   32.942217   -10.764794     6.967236
   33.096625   -10.362436     6.607559
   34.047428     0.093310    -3.082178
   34.036068     0.208917    -3.082178
   33.848984     1.354377    -3.836079
   33.791577     1.617006    -4.083141
   33.784191     1.617474    -4.002641
   33.756283     1.647159    -3.867353
   33.786061     1.632760    -4.116145
   33.695791     1.847800    -4.394201
   33.615338     1.998328    -4.394201
   33.577519     2.064756    -4.420192
   33.468130     2.227579    -4.672256
   28.737443     7.991906    -4.672256
   28.224760     8.573074    -5.044275
   18.974732    17.823101    -5.044275
   18.809900    17.968487    -4.938719
    0.254215    33.196759    -4.938719
   -1.060612    34.177574    -3.916485
   -1.816430    34.685348    -2.746482
   -2.346690    34.987198    -2.539202
   -6.963219    36.840139     4.387508
   -3.647961    35.682712    -2.539202
   -4.269473    35.968247    -2.012963
   -4.994110    36.272435    -1.075997
   -5.926400    36.597472     0.876610
   -6.912918    36.920920     3.174076
   -6.979674    36.936580     3.399681
   -6.974392    36.850611     4.336693
   -7.129454    36.881091     4.520692
   -7.148574    36.867627     4.676689
   -7.159840    36.956682     3.783760
   -7.435372    36.867627     4.963487
   -7.435372    36.956682     4.059245
  -11.190386    36.586813     4.059245
  -13.339848    36.360881     3.914888
  -28.137620    33.288338    -2.074623
  -28.701071    33.117428    -2.074623
  -31.665814    32.161389    -2.704082
  -32.272881    31.948967    -2.704082
  -32.607688    31.795167    -2.987560
  -33.130515    31.515709    -2.987560
  -33.191568    31.480976    -3.011402
  -33.201993    31.473963    -3.027623
  -33.834303    30.955063    -3.027623
  -33.914756    30.884053    -2.976107
  -33.911904    30.881202    -2.922160
  -33.968422    30.823234    -3.015095
  -34.881266    29.710918    -3.015095
  -35.015572    29.530892    -2.875085
  -35.132348    29.345070    -2.875085
  -35.185734    29.251247    -2.838435
  -35.612915    28.186847    -1.241391
  -35.821878    28.002895    -2.488201
  -35.845766    27.946003    -2.414666
  -35.838520    27.946470    -2.335476
  -35.631895    28.416566    -2.838435
  -35.974883    27.252547    -1.512201
  -36.062582    27.231276    -2.414666
  -36.079411    27.154470    -2.342441
  -36.078757    27.154703    -2.336364
  -36.078757    25.578229    -0.759842
  -36.164445    26.345359    -2.396762
  -36.239990    25.578229    -2.396762
  -36.239990    25.387217    -2.587773
  -36.222366    25.010056    -2.785984
  -35.621330    18.907883    -2.785984
  -35.256463    15.436067    -2.552806
  -34.546552     9.135824    -2.552806
  -34.174299     5.969083    -2.415601
  -33.204797     2.326076    -3.921066
  -32.571833     0.054088    -4.545663
  -31.279631    -4.501949    -5.544055
  -29.395369   -10.713559    -5.544055
  -28.753615   -12.703705    -5.966608
  -27.416302   -16.525522    -5.966608
  -26.697508   -18.090263    -4.641777
  -26.302910   -18.828457    -4.641777
  -25.498288   -20.242062    -4.089125
  -24.962979   -21.102502    -3.239250
  -24.467733   -21.839574    -2.098231
  -24.251712   -22.129130    -1.873094
  -24.173924   -22.223981    -1.873094
  -23.454896   -23.038981    -1.351342
  -23.036317   -23.457561    -0.570467
  -22.632603   -23.813732    -0.311999
  -21.368029   -24.851532    -0.311999
  -14.303039   -29.328893    -0.059888
    0.120657   -35.882556     0.502955
    0.520210   -36.011393     0.418108
    3.300534   -36.752813    -0.714731
    4.036297   -36.752813     0.021079
    3.782316   -36.851824    -1.238212
    4.049620   -36.878143    -1.238212
    4.049620   -36.773615    -0.177038
    5.396329   -36.773615    -1.523701
    5.354303   -36.878143    -2.542849
    5.492770   -36.671191    -0.711178
    7.083784   -36.358542    -2.598806
    5.692757   -36.840418    -3.264307
    6.029668   -36.800495    -3.955660
    6.925215   -36.616403    -4.928808
    7.069853   -36.584801    -5.064797
    7.657145   -35.820475     0.010795
   11.722424   -34.188791    -6.088854
    7.548082   -36.418052    -6.066462
    9.113665   -35.760872    -8.090780
    9.931097   -35.385347    -8.782834
   11.791985   -34.390695    -8.782834
   12.325330   -34.032373    -9.608493
   12.593849   -33.832012    -9.817269
   19.373912   -28.267813    -9.817269
   19.899450   -27.804121    -9.480825
   22.732131   -24.971441    -4.196317
   24.725923   -22.711466    -2.749521
   27.360908   -19.500783    -2.749521
   29.023773   -17.271569    -1.016441
   32.017219   -12.816226     5.880585
   31.955933   -12.795143     6.698203
   32.725401   -11.491255     5.880585
   32.895329   -11.086466     6.403973
   32.878780   -11.087494     6.584419
   33.122290   -10.338314     6.403973
   33.362293    -9.240630     5.371548
   33.936916    -6.444646     2.333504
   33.940376     0.093310    -4.169250
   33.848984     0.550222    -4.640234
   33.563215     1.712652    -6.014011
   33.643901     1.766599    -5.243794
   33.627119     1.852054    -5.142445
   33.494636     1.811524    -6.276827
   33.448496     1.899223    -6.396361
   33.526237     1.959574    -5.631801
   33.424654     2.212620    -5.252116
   32.408124     2.810804    -9.487463
   32.065229     3.187825   -10.187885
   31.788763     3.627861   -10.187885
   30.424196     5.140713   -11.467605
   30.203219     5.405071   -11.509304
   27.192943     7.975731   -13.898723
   14.635932    20.532742   -13.898723
   12.615026    22.069622   -15.164138
    5.158103    28.302408   -13.987777
    5.091487    28.359674   -13.960664
    2.120573    31.039443   -11.447597
    1.191789    31.623042   -11.447597
   -0.409743    32.872002    -9.843401
   -0.527828    32.969378    -9.690302
   -1.478678    33.834024    -7.923844
   -2.255298    34.657066    -5.708982
   -2.420926    34.770616    -5.427092
   -3.463868    35.509979    -3.377063
   -4.373814    35.988769    -2.136751
   -4.926886    36.201051    -1.642347
   -5.088634    36.219282    -1.642347
   -6.627103    36.597472     0.175861
   -6.912918    36.654644     0.470512
  -10.117291    36.360881     0.692330
  -20.670646    35.171805     0.692330
  -30.542699    32.400831    -3.828880
  -30.757739    32.339872    -3.781478
  -32.780187    31.632158    -3.781478
  -32.780702    31.632812    -3.774933
  -33.198907    31.464988    -3.147391
  -32.832451    31.584615    -3.878573
  -33.388937    31.234942    -3.878573
  -33.402400    31.229753    -3.857022
  -33.439144    31.201798    -3.833975
  -34.084918    30.556024    -3.833975
  -34.192811    30.463931    -3.748333
  -34.512192    30.081768    -3.688076
  -34.724053    29.846907    -3.489398
  -35.253892    29.042145    -3.329567
  -35.129496    29.201695    -3.489398
  -35.435928    28.724587    -3.191287
  -35.610157    28.439706    -2.943711
  -35.871898    27.735685    -2.824691
  -35.876058    27.727223    -2.815295
  -35.779197    27.956661    -2.943711
  -36.057253    27.236325    -2.457207
  -36.141819    26.412209    -2.530694
  -36.164445    26.211427    -2.530694
  -36.195860    24.877480    -2.922628
  -36.060011    23.974780    -3.399081
  -35.621330    19.189772    -3.067826
  -35.139033    14.909173    -3.067826
  -29.303042   -10.483373    -7.345060
  -28.934482   -11.783568    -7.058262
  -28.210734   -13.851830    -7.058262
  -27.492454   -16.134570    -6.435629
  -27.405597   -16.497286    -6.125972
  -27.397696   -16.545389    -6.057019
  -27.076913   -17.188124    -5.800140
  -26.886369   -17.572718    -5.631006
  -26.651088   -18.063336    -5.326912
  -26.385280   -18.623328    -4.949611
  -26.012654   -19.295841    -4.619385
  -25.505253   -20.223924    -4.118295
  -24.563426   -21.627853    -2.910286
  -24.435711   -21.804747    -2.728624
  -23.298151   -23.136871    -1.671237
  -21.972805   -24.244653    -1.462181
  -21.609809   -24.572074    -1.155141
  -13.573073   -29.621862    -1.155141
  -11.897446   -30.458086    -1.824850
  -11.559974   -30.639794    -1.810031
   -1.391072   -35.165632    -0.950526
    1.673805   -36.238120    -0.950526
    3.770162   -36.832377    -1.413002
    3.777735   -36.840418    -1.349285
    6.051780   -36.765855    -4.285045
    6.324880   -36.679419    -4.889353
    6.639914   -36.616403    -5.214110
    7.578609   -36.385656    -6.323481
    7.802110   -36.278603    -6.759310
    8.341065   -36.025417    -7.755412
    8.942942   -35.794437    -8.293385
    9.281583   -35.616234    -8.755019
   10.133187   -35.195738    -9.702690
   10.153429   -35.181854    -9.737190
   11.474427   -34.373866   -10.885221
   11.631640   -34.230911   -11.177255
   11.752951   -34.130917   -11.334468
   11.885293   -34.025361   -11.482518
   13.222326   -32.982652   -12.821748
   13.279779   -32.940439   -12.862091
   13.501504   -32.782899   -12.982654
   13.739450   -32.566924   -13.198067
   16.338626   -30.222477   -15.396708
   16.350593   -30.212005   -15.403300
   16.616121   -29.990094   -15.445186
   17.739703   -28.674378   -16.489531
   18.073950   -28.307174   -16.668668
   20.847214   -25.533910   -16.668668
   21.357279   -25.098314   -16.263786
   21.756692   -24.830309   -15.549714
   23.732533   -22.639755   -13.696772
   25.662748   -19.567819   -13.696772
   27.367359   -17.382081   -11.507341
   30.253099   -14.208749    -5.612027
   30.632410   -13.588546    -5.073025
   32.592824   -11.499435     4.435564
   32.833342    -7.298681    -5.073025
   33.210082    -6.582646    -4.097025
   33.518570    -6.788897    -1.153038
   33.844730    -6.481717     1.434778
   33.844730    -0.949960    -4.097025
   31.919750     1.811524   -11.468540
   32.069249     2.821135   -10.600715
   31.387807     1.658191   -13.165204
   31.288982     2.408680   -13.165204
   31.255838     2.752930   -13.127805
   31.682318     2.947728   -11.738462
   31.676428     3.073480   -11.611916
   31.230221     2.782522   -13.164456
   30.984935     3.374676   -13.164456
   30.899387     3.465600   -13.252295
   30.753300     3.662128   -13.322089
   30.335515     3.991746   -13.701774
   29.114089     5.178158   -14.417903
   26.878705     8.091338   -14.417903
   25.617356     9.006987   -15.321818
   25.246460     9.321459   -15.469354
   22.704830    11.567128   -16.243077
   13.311381    20.960578   -16.243077
   12.726753    21.765948   -15.665929
    9.794359    24.016058   -15.665929
    8.542735    25.058674   -15.476600
    6.915632    26.552873   -14.910999
    6.194267    27.235717   -14.613216
    4.768600    28.585653   -13.889373
    2.469499    30.294330   -13.073017
    1.285097    31.408797   -11.928585
    1.238162    31.428244   -11.928585
   -0.309048    32.769017   -10.011272
   -1.369755    33.501087    -8.902882
   -4.305281    33.887551    -8.902882
   -5.104575    34.320341    -7.896310
   -5.088634    34.375597    -7.720164
  -11.267286    33.779470    -7.390358
  -19.876401    32.646070    -7.390358
  -30.462807    31.626642    -6.240223
  -30.767369    31.714013    -5.848430
  -31.129010    31.616170    -5.753158
  -32.818427    31.536979    -4.053176
  -32.310746    31.126674    -5.753158
  -32.861575    31.178985    -4.984765
  -32.930762    31.279072    -4.632147
  -33.353502    31.184969    -4.101934
  -33.231864    30.894852    -4.984765
  -33.472709    30.861053    -4.637242
  -33.695415    30.699353    -4.477645
  -34.592552    29.720969    -4.140641
  -34.365030    29.826712    -4.477645
  -35.047501    29.237410    -3.673397
  -35.447288    28.482200    -3.435217
  -35.301154    28.625014    -3.673397
  -36.091145    26.070202    -2.824691
  -35.609316    22.934596    -4.498495
  -34.992058    15.901815    -3.921066
  -28.858237   -11.273036    -7.904537
  -28.221252   -13.627487    -7.284007
  -27.817304   -14.602646    -7.284007
  -27.539529   -15.542790    -6.978277
  -27.484413   -16.049582    -6.554181
  -25.468276   -20.260949    -4.118295
  -24.653275   -21.383690    -3.313719
  -20.496511   -24.573290    -3.313719
  -18.725986   -25.415638    -4.148775
  -18.478643   -25.566914    -4.161630
   -3.595931   -32.993170    -4.399951
    2.036895   -35.326398    -4.399951
    6.314643   -36.483733    -5.527320
    6.319364   -36.498178    -5.484826
    8.131074   -35.962542    -7.863633
    8.350882   -35.991479    -7.863633
    9.233433   -35.609082    -8.796438
    9.927170   -35.233464    -9.670107
    9.931517   -35.231220    -9.675249
   10.146978   -35.161752    -9.801421
   10.160581   -35.159976    -9.801421
   12.753680   -33.272815   -12.558651
   15.364683   -31.037664   -14.768418
   16.064170   -30.426437   -15.299239
   17.006324   -29.380830   -16.158603
   17.554535   -28.816444   -16.489531
   18.590559   -27.595486   -17.178640
   19.935072   -25.948329   -17.969799
   20.059748   -25.823652   -17.969799
   20.966655   -24.072948   -18.974735
   20.998023   -24.021245   -18.993809
   21.841773   -22.921644   -18.993809
   22.407842   -21.731867   -19.554969
   23.228031   -20.628293   -19.163129
   23.362244   -20.174185   -19.310805
   25.990637   -13.828643   -19.310805
   27.149514   -11.774265   -18.467242
   27.669724   -10.934115   -17.995557
   27.740920   -10.779660   -17.938618
   28.820373    -8.863282   -16.580876
   29.088144    -8.439280   -16.184315
   32.547666    -7.307376    -6.011486
   29.471196    -5.529746   -16.184315
   31.074971     0.831737   -13.829676
   31.227042     1.303703   -13.553257
   31.262850     1.369804   -13.469999
   31.173702     1.956255   -13.492298
   31.160660     2.038671   -13.492298
   31.095026     2.806223   -13.394455
   30.882183     3.088065   -13.570694
   30.837025     3.120461   -13.614263
   30.648258     3.377901   -13.701774
   28.948509     5.294560   -14.541318
   22.458890    11.725697   -16.347137
   13.375051    20.809536   -16.347137
   13.274871    20.964878   -16.281410
   11.701949    22.304389   -16.067024
    4.391206    28.777973   -13.889373
    2.815666    29.933250   -13.353737
    2.418917    30.280119   -13.133789
    2.410643    30.291666   -13.122663
    1.479942    30.994425   -12.540653
    1.282339    31.176274   -12.357215
   -3.039632    32.073223   -11.985524
   -1.270697    31.580642   -12.357215
   -3.734304    32.238056   -11.848225
   -3.989874    32.312572   -11.771840
   -4.082668    32.348754   -11.726962
   -4.305281    32.498674   -11.501357
  -15.232619    31.605652   -10.480573
  -15.733614    31.590459   -10.385628
  -29.491996    30.466549    -8.539232
  -29.779448    30.529191    -8.349950
  -30.580284    30.956653    -7.379980
  -24.780289    30.816690    -9.232361
  -30.659849    30.936785    -7.355999
  -32.257968    31.009524    -6.008214
  -31.630894    30.468372    -7.315936
  -32.054802    30.588607    -6.805030
  -32.285035    30.880734    -6.182910
  -31.521925    30.497543    -7.355999
  -33.119436    30.782424    -5.306296
  -32.880508    29.762948    -6.805030
  -33.209051    30.021884    -6.105309
  -34.292665    29.794129    -4.635139
  -34.247553    28.802562    -5.471316
  -32.835817    29.605502    -6.994779
  -33.436479    28.426663    -6.994779
  -35.271797    28.622957    -3.728840
  -33.822382    22.934596    -7.841615
  -32.832592    27.295367    -8.365003
  -32.961803    25.784433    -8.557603
  -33.427644    22.843344    -8.557603
  -32.892943    22.049333    -9.362366
  -32.880041    22.016189    -9.378401
  -32.870598    21.983793    -9.388077
  -30.032073    10.021366   -11.752206
  -27.931977     2.479783   -13.336861
  -26.594289    -5.966183   -13.336861
  -26.452643    -7.621989   -13.125795
  -26.835321    -9.377461   -11.969676
  -27.933659   -11.435157    -9.477412
  -27.713291   -12.316867    -9.211745
  -27.042413   -13.633518    -9.211745
  -27.020816   -13.714298    -9.182013
  -26.915306   -17.327152    -5.889007
  -24.745088   -19.497371    -5.889007
  -24.319823   -20.396283    -5.324855
  -10.191293   -27.784768    -7.207762
   -0.266555   -32.841708    -7.207762
    7.994196   -34.906416    -9.697127
    8.017757   -34.928107    -9.675249
    8.150661   -35.686122    -8.385665
   11.698443   -34.117033   -11.373876
   12.474970   -33.429935   -12.360908
   12.578937   -33.346724   -12.477778
   12.725304   -33.277303   -12.558651
   15.268102   -31.110638   -14.708020
   16.704053   -29.534864   -16.158603
   18.072173   -28.080027   -17.038256
   20.014263   -25.590100   -18.302129
   20.521289   -24.518314   -18.974735
   21.678810   -22.493061   -19.789456
   22.351137   -21.743788   -19.631916
   22.696883   -20.451913   -20.106779
   23.319283   -19.230347   -20.106779
   23.553770   -18.292120   -20.389510
   24.806423   -15.840900   -19.954195
   25.990544   -13.828736   -19.310852
   27.854237   -10.064185   -17.938618
   28.586728    -7.946418   -17.243759
   28.758386    -7.357583   -17.067707
   31.017565     1.599242   -13.751467
   30.904482     2.167695   -13.751467
   28.942946     5.232105   -14.584699
   27.566832     5.848708   -15.469354
   22.306680    11.793060   -16.426748
   13.442415    20.657325   -16.426748
   10.762178    22.932305   -16.067024
    8.965521    24.540148   -15.693229
    4.803147    28.399082   -14.085527
    0.928599    30.814913   -12.865831
    1.980564    30.367303   -13.133789
  -12.947027    31.685918   -10.823935
  -15.016550    31.535296   -10.608007
  -15.700283    31.442081   -10.559904
  -22.133197    30.986571    -9.633363
  -30.369545    30.395072    -8.156554
  -31.177487    29.855228    -8.156554
  -31.678857    29.733824    -7.960541
  -31.869962    29.542720    -7.960541
  -32.657194    29.491344    -7.269656
  -32.515969    27.902948    -8.373137
  -32.125438    28.487436    -8.373137
  -32.649948    27.313506    -8.566299
  -32.600583    26.630801    -8.774466
  -32.714320    25.024454    -9.005868
  -32.564447    27.194065    -8.689152
  -32.715442    24.423091    -9.120540
  -32.712029    24.618731    -9.086975
  -25.961652    -3.179174   -14.645612
  -25.949217    -3.345316   -14.628689
  -25.911164    -3.868330   -14.574134
  -25.891764    -4.010443   -14.564130
  -25.877132    -4.217022   -14.534399
  -25.723939    -6.604196   -14.172711
  -26.712234    -9.919034   -11.792222
  -25.327612   -13.824856   -10.667985
  -26.023826   -10.949261   -11.792222
  -25.100651   -14.051817   -10.667985
  -22.866950   -14.592642   -11.541280
   -3.953458   -27.230246   -11.541280
    4.238948   -29.092163   -14.225630
    7.553038   -32.140164   -12.647519
    7.748210   -32.385823   -12.477778
    7.996814   -34.888184    -9.719800
   15.177832   -31.081233   -14.761266
   16.422117   -29.495970   -16.265375
   16.713683   -29.437956   -16.265375
   17.975639   -27.849420   -17.363059
   18.763947   -26.572739   -18.167074
   19.382747   -25.191716   -19.054908
   19.447586   -25.112198   -19.088146
   20.529703   -24.389104   -19.088146
   21.178609   -22.922673   -19.855744
   21.603266   -22.498016   -19.855744
   21.807974   -21.652536   -20.186297
   22.686692   -20.337428   -20.186297
   22.946049   -19.196175   -20.560233
   23.304417   -18.563257   -20.518627
   26.120549   -13.175296   -19.310852
   27.095381   -11.607984   -18.565319
   28.548441    -4.357078   -16.750150
   26.591580     2.946139   -16.750150
   26.428150     5.896250   -16.292021
   22.360860     9.874719   -17.339078
   22.203040    10.572008   -17.110154
   14.487368    18.287681   -17.110154
   13.207648    20.637410   -16.558156
   12.061252    21.604248   -16.408891
    2.780605    29.920582   -13.369865
  -16.167106    31.316984   -10.559904
  -29.998134    29.949098    -8.672416
  -30.621422    29.808013    -8.467801
  -32.111087    28.318349    -8.467801
  -32.309017    27.443932    -8.754926
  -32.714039    24.388919    -9.127272
  -25.960717    -3.180811   -14.646079
  -25.887743    -4.025449   -14.564130
  -25.660316    -6.666464   -14.189120
  -24.475634    -6.993138   -14.631681
  -17.344870   -14.123902   -14.631681
  -24.590960    -6.930355   -14.604614
   -1.205624   -21.233209   -17.362592
    4.138955   -26.697088   -15.955952
  -11.150043   -15.525961   -16.665910
    8.702332   -26.949853   -16.664601
   16.293701   -28.983942   -16.664601
   16.422117   -28.992964   -16.678205
   17.810573   -27.506011   -17.671828
   18.088488   -27.606378   -17.544114
   19.106561   -25.265718   -19.054908
   20.297040   -23.673676   -19.735368
   20.526618   -23.348872   -19.862756
   20.961559   -22.904208   -19.977241
   21.094043   -22.367309   -20.185877
   21.290103   -22.007352   -20.270397
   21.795212   -21.502242   -20.270397
   21.973882   -20.712859   -20.529613
   21.979585   -20.700798   -20.531389
   22.711328   -19.425800   -20.620678
   23.317974   -18.318345   -20.556633
   24.242925   -14.866350   -20.556633
   24.417949   -14.765141   -20.448599
   24.062946   -14.866350   -20.652840
   23.394640    -6.073890   -19.750795
   21.255603    -0.909851   -19.750795
   20.661906     9.816752   -18.084798
   16.052156    14.426502   -18.084798
    9.475586    22.675239   -16.408891
    8.720703    24.453384   -15.774664
  -16.111383    31.297257   -10.578463
  -18.996749    30.102103   -10.578463
  -29.982614    29.494055    -8.872169
  -32.041900    27.434816    -8.872169
  -32.140024    25.661533    -9.147560
  -32.692442    24.327913    -9.147560
  -25.844642    -3.903718   -14.604614
  -25.895317    -3.237048   -14.673006
  -16.417020   -10.258983   -16.665910
    7.647936   -21.723219   -18.737678
   14.933996   -24.741161   -18.737678
   19.106561   -25.058345   -19.165747
   20.911212   -22.443041   -20.185877
   21.518839   -21.442872   -20.412884
   22.747324   -18.775492   -20.721700
   22.841381   -18.386083   -20.750777
   23.111162   -17.734839   -20.750777
   23.277911   -15.541341   -20.975820
   23.218542   -15.541341   -20.993818
   22.996583   -15.338502   -21.035658
   21.139061    -1.327449   -19.838634
   19.208097     0.603515   -19.838634
   15.762226    14.345628   -18.145757
   10.414515    20.196766   -17.042791
    9.475586    22.157180   -16.566057
  -16.600037    -6.817787   -17.042791
  -24.076174    -3.237048   -15.224817
  -15.689110    -7.650365   -17.214495
    2.373385   -12.179615   -19.439595
   10.985633   -20.791863   -19.439595
   20.911212   -22.107766   -20.287553
   22.366984   -19.155831   -20.721700
   22.366984   -15.338502   -21.097645
   19.208097   -12.179615   -21.097645
     1      2      3
     1      3      4
     1      4      5
     1      5      6
     7      8      9
     7      9     10
     3     11     12
     3     12      4
     5      4     12
     5     12     13
     5     13     14
     5     14     15
     5     15     16
    17      6      5
    17      5     16
    17     16     18
    17     18     19
    17     19     20
    21     22      7
    21      7     10
    21     10     23
    21     23      1
    21      1      6
    21      6     17
    24     25     26
    24     26     27
    24     27     28
    24     28      8
    24      8      7
    24      7     22
    24     22     29
    30     31     26
    30     26     25
    28     32      9
    28      9      8
    27     33     32
    27     32     28
    34     35     11
    34     11      3
    34      3      2
    12     11     35
    12     35     13
    36     37     38
    39     40     41
    39     41     42
    14     38     37
    14     37     43
    14     43     39
    14     39     42
    14     42     44
    14     44     45
    14     45     15
    16     15     45
    16     45     46
    16     46     47
    16     47     18
    48     49     50
    48     50     51
    48     51     52
    48     52     53
    54     20     19
    54     19     55
    54     55     49
    54     49     48
    56     29     22
    56     22     21
    56     21     57
    58     59     60
    58     60     61
    58     61     30
    58     30     25
    58     25     24
    58     24     62
    63     64     65
    63     65     66
    63     66     60
    63     60     59
    60     66     67
    60     67     68
    60     68     61
    61     68     69
    61     69     31
    61     31     30
    67     70     71
    67     71     72
    67     72     73
    67     73     69
    67     69     68
    26     31     69
    26     69     73
    26     73     74
    26     74     33
    26     33     27
    74     73     72
    74     72     75
    74     75     76
    74     76     77
    74     77     78
    74     78     79
    10      9     32
    10     32     33
    10     33     74
    10     74     79
    10     79     80
    10     80     81
    10     81     23
    23     81     82
    23     82     34
    23     34      2
    23      2      1
    82     83     84
    82     84     85
    82     85     86
    82     86     36
    82     36     38
    82     38     14
    82     14     13
    82     13     35
    82     35     34
    86     43     37
    86     37     36
    85     40     39
    85     39     43
    85     43     86
    87     88     89
    87     89     90
    87     90     91
    42     41     88
    42     88     87
    42     87     44
    45     44     87
    45     87     91
    45     91     92
    45     92     93
    45     93     46
    19     18     47
    19     47     94
    19     94     95
    19     95     55
    55     95     96
    55     96     50
    55     50     49
    51     97     98
    51     98     99
    51     99     52
    53     52     99
    53     99    100
   101     57     21
   101     21     17
   101     17     20
   101     20     54
   102     62     24
   102     24     29
   102     29     56
   103    104     63
   103     63     59
   103     59     58
   105    106     64
   105     64     63
   105     63    104
   107    108    109
   107    109    106
   107    106    105
   107    105    110
   111     65     64
   111     64    106
   111    106    109
   112     70     67
   112     67     66
   112     66     65
   112     65    111
   113    114    115
   113    115     71
   113     71     70
   113     70    112
    72     71    115
    72    115     75
   116    117    118
   116    118    119
   116    119    120
    76    120    119
    76    119    121
    76    121    122
    76    122     77
   121    123    124
   121    124    125
   121    125    126
   121    126    127
   121    127    128
   121    128    129
   121    129    122
    77    122    129
    77    129    130
    77    130    131
    77    131    132
    77    132    133
    77    133    134
    77    134     78
    79     78    134
    79    134    135
    79    135    136
    79    136    137
    79    137    138
    79    138    139
    79    139    140
    79    140     80
   139    141    142
   139    142    143
   139    143    144
   139    144    145
   139    145    146
   139    146    140
    80    140    146
    80    146    147
    80    147     83
    80     83     82
    80     82     81
   147    148    149
   147    149    150
   147    150    151
   147    151     84
   147     84     83
    84    151     89
    84     89     88
    84     88     41
    84     41     40
    84     40     85
   152    153    154
   152    154     90
   152     90     89
   152     89    151
   152    151    150
   155    154    153
   155    153    156
   155    156    157
    91     90    154
    91    154    155
    91    155     92
    93     92    155
    93    155    157
    93    157    158
    47     46     93
    47     93    158
    47    158    159
    47    159    160
    47    160     94
    94    160    161
    94    161    162
    94    162     96
    94     96     95
    50     96    162
    50    162    163
    50    163     97
    50     97     51
    98     97    163
    98    163    164
   165    166    167
   165    167    168
   165    168    169
   165    169    170
   165    170    171
   165    171    172
   100     99     98
   100     98    164
   100    164    173
   100    173    174
   100    174    166
   100    166    165
   175    176    101
   175    101     54
   175     54     48
   175     48     53
   175     53    100
   175    100    165
   175    165    172
   175    172    177
   178    179    102
   178    102     56
   178     56     57
   178     57    101
   178    101    176
   180    181    103
   180    103     58
   180     58     62
   180     62    102
   180    102    179
   182    110    105
   182    105    104
   182    104    103
   182    103    181
   183    184    107
   183    107    110
   183    110    182
   185    108    107
   185    107    184
   185    184    186
   187    186    184
   187    184    183
   188    189    190
   188    190    191
   188    191    185
   188    185    186
   188    186    187
   191    192    113
   191    113    112
   191    112    111
   191    111    109
   191    109    108
   191    108    185
   193    194    195
   193    195    114
   193    114    113
   193    113    192
    75    115    114
    75    114    195
    75    195    116
    75    116    120
    75    120     76
   196    197    118
   196    118    117
   119    118    197
   119    197    198
   119    198    123
   119    123    121
   198    199    200
   198    200    201
   198    201    124
   198    124    123
   124    201    202
   124    202    203
   124    203    125
   125    203    204
   125    204    205
   125    205    126
   129    128    206
   129    206    130
   134    133    207
   134    207    135
   138    208    141
   138    141    139
   143    209    210
   143    210    211
   143    211    144
   144    211    212
   144    212    213
   144    213    214
   144    214    215
   144    215    145
   146    145    215
   146    215    216
   146    216    217
   146    217    218
   146    218    219
   146    219    220
   146    220    221
   146    221    222
   146    222    148
   146    148    147
   149    148    222
   149    222    223
   149    223    224
   149    224    225
   149    225    226
   227    228    229
   227    229    152
   227    152    150
   227    150    149
   227    149    226
   227    226    230
   227    230    231
   232    230    226
   232    226    225
   232    225    233
   232    233    234
   232    234    235
   236    229    228
   236    228    237
   156    153    152
   156    152    229
   156    229    236
   156    236    238
   239    238    236
   239    236    237
   239    237    240
   158    157    156
   158    156    238
   158    238    239
   158    239    241
   158    241    159
   161    160    159
   161    159    241
   161    241    242
   161    242    243
   164    163    162
   164    162    161
   164    161    243
   164    243    244
   164    244    245
   164    245    246
   164    246    173
   245    247    248
   245    248    246
   173    246    248
   173    248    174
   174    248    247
   174    247    249
   174    249    167
   174    167    166
   250    251    252
   250    252    253
   250    253    254
   250    254    255
   250    255    256
   250    256    257
   177    172    171
   177    171    258
   177    258    259
   177    259    260
   177    260    261
   177    261    252
   177    252    251
   250    257    262
   250    262    263
   250    263    264
   250    264    265
   250    265    266
   250    266    267
   250    267    268
   250    268    269
   250    269    270
   250    270    271
   271    272    175
   271    175    177
   271    177    251
   271    251    250
   272    273    274
   272    274    275
   272    275    178
   272    178    176
   272    176    175
   275    276    277
   275    277    180
   275    180    179
   275    179    178
   277    278    279
   277    279    280
   277    280    188
   277    188    187
   277    187    183
   277    183    182
   277    182    181
   277    181    180
   280    281    189
   280    189    188
   279    282    283
   279    283    281
   279    281    280
   283    284    190
   283    190    189
   283    189    281
   285    286    284
   285    284    283
   285    283    282
   287    288    289
   287    289    290
   287    290    291
   287    291    286
   287    286    285
   190    284    286
   190    286    291
   190    291    292
   190    292    193
   190    193    192
   190    192    191
   292    293    294
   292    294    295
   292    295    296
   292    296    194
   292    194    193
   296    297    298
   296    298    299
   296    299    196
   296    196    117
   296    117    116
   296    116    195
   296    195    194
   298    300    301
   298    301    302
   298    302    299
   299    302    303
   299    303    199
   299    199    198
   299    198    197
   299    197    196
   301    304    305
   301    305    303
   301    303    302
   303    305    306
   303    306    200
   303    200    199
   200    306    307
   200    307    308
   200    308    202
   200    202    201
   202    308    309
   202    309    204
   202    204    203
   205    204    309
   205    309    310
   205    310    311
   127    206    128
   132    312    207
   132    207    133
   137    208    138
   210    212    211
   215    214    313
   215    313    216
   217    314    315
   217    315    316
   217    316    218
   221    317    318
   221    318    319
   221    319    320
   221    320    321
   221    321    322
   221    322    323
   221    323    223
   221    223    222
   223    323    324
   223    324    325
   223    325    326
   223    326    327
   223    327    224
   225    224    327
   225    327    328
   225    328    329
   225    329    233
   328    330    331
   328    331    332
   328    332    333
   328    333    334
   328    334    335
   328    335    329
   233    329    335
   233    335    336
   233    336    337
   233    337    234
   235    234    337
   235    337    338
   231    230    232
   231    232    339
   240    237    228
   240    228    227
   240    227    340
   341    242    241
   341    241    239
   341    239    240
   341    240    340
   341    340    342
   243    242    341
   243    341    343
   243    343    244
   244    343    344
   244    344    345
   244    345    249
   244    249    247
   244    247    245
   167    249    345
   167    345    168
   169    346    170
   171    170    346
   171    346    347
   171    347    258
   258    347    348
   258    348    259
   262    349    350
   262    350    263
   257    256    351
   257    351    349
   257    349    262
   267    352    353
   267    353    354
   267    354    268
   268    354    355
   268    355    356
   268    356    357
   268    357    269
   269    357    358
   269    358    359
   269    359    270
   270    359    360
   270    360    273
   270    273    272
   270    272    271
   274    361    362
   274    362    276
   274    276    275
   362    363    364
   362    364    278
   362    278    277
   362    277    276
   364    365    366
   364    366    287
   364    287    285
   364    285    282
   364    282    279
   364    279    278
   366    367    288
   366    288    287
   368    369    367
   368    367    366
   368    366    365
   370    289    288
   370    288    367
   370    367    369
   371    372    370
   371    370    369
   371    369    368
   373    374    375
   373    375    376
   373    376    290
   373    290    289
   373    289    370
   373    370    372
   290    376    293
   290    293    292
   290    292    291
   294    377    378
   294    378    379
   294    379    380
   294    380    295
   295    380    381
   295    381    382
   295    382    383
   295    383    384
   295    384    385
   295    385    297
   295    297    296
   384    386    387
   384    387    388
   384    388    389
   384    389    385
   385    389    390
   385    390    300
   385    300    298
   385    298    297
   388    391    392
   388    392    393
   388    393    394
   388    394    390
   388    390    389
   390    394    395
   390    395    304
   390    304    301
   390    301    300
   393    396    397
   393    397    395
   393    395    394
   395    397    398
   395    398    307
   395    307    306
   395    306    305
   395    305    304
   399    398    397
   399    397    396
   399    396    400
   399    400    401
   399    401    402
   309    308    307
   309    307    398
   309    398    399
   309    399    310
   311    310    399
   311    399    402
   311    402    403
   311    403    404
   130    206    127
   130    127    126
   130    126    205
   130    205    311
   130    311    404
   130    404    405
   130    405    406
   130    406    131
   131    406    407
   131    407    312
   131    312    132
   136    408    409
   136    409    142
   136    142    141
   136    141    208
   136    208    137
   409    410    209
   409    209    143
   409    143    142
   411    412    413
   411    413    213
   411    213    212
   411    212    210
   411    210    209
   411    209    410
   213    413    414
   213    414    313
   213    313    214
   216    313    414
   216    414    415
   216    415    416
   216    416    314
   216    314    217
   218    316    417
   218    417    418
   218    418    219
   220    317    221
   322    419    324
   322    324    323
   327    326    420
   327    420    421
   327    421    330
   327    330    328
   421    422    423
   421    423    424
   421    424    331
   421    331    330
   331    424    425
   331    425    426
   331    426    332
   427    333    332
   427    332    426
   427    426    428
   334    333    427
   334    427    429
   336    335    334
   336    334    429
   336    429    430
   336    430    431
   338    337    336
   338    336    431
   338    431    432
   433    339    232
   433    232    235
   433    235    338
   433    338    432
   433    432    434
   433    434    435
   342    340    227
   342    227    231
   342    231    339
   342    339    433
   342    433    436
   437    344    343
   437    343    341
   437    341    342
   437    342    436
   437    436    438
   168    345    344
   168    344    437
   168    437    439
   168    439    348
   168    348    347
   168    347    346
   168    346    169
   259    348    439
   259    439    440
   259    440    441
   259    441    260
   260    441    442
   260    442    261
   252    261    442
   252    442    253
   254    443    444
   254    444    445
   254    445    255
   255    445    446
   255    446    447
   255    447    351
   255    351    256
   265    448    449
   265    449    266
   266    449    352
   266    352    267
   353    450    451
   353    451    452
   353    452    355
   353    355    354
   355    452    453
   355    453    356
   451    454    455
   451    455    456
   451    456    453
   451    453    452
   356    453    456
   356    456    457
   356    457    358
   356    358    357
   358    457    458
   358    458    459
   358    459    360
   358    360    359
   360    459    460
   360    460    461
   360    461    462
   360    462    361
   360    361    274
   360    274    273
   462    463    464
   462    464    465
   462    465    363
   462    363    362
   462    362    361
   465    466    467
   465    467    371
   465    371    368
   465    368    365
   465    365    364
   465    364    363
   468    469    470
   468    470    471
   468    471    472
   468    472    473
   468    473    474
   468    474    467
   468    467    466
   467    474    475
   467    475    476
   467    476    373
   467    373    372
   467    372    371
   473    477    475
   473    475    474
   476    478    374
   476    374    373
   475    477    479
   475    479    478
   475    478    476
   480    375    374
   480    374    478
   480    478    479
   481    377    294
   481    294    293
   481    293    376
   481    376    375
   481    375    480
   482    483    381
   482    381    380
   482    380    379
   381    483    484
   381    484    485
   381    485    382
   382    485    486
   382    486    487
   382    487    383
   383    487    488
   383    488    386
   383    386    384
   488    489    490
   488    490    491
   488    491    492
   488    492    387
   488    387    386
   387    492    391
   387    391    388
   491    493    494
   491    494    495
   491    495    392
   491    392    391
   491    391    492
   392    495    496
   392    496    497
   392    497    498
   392    498    400
   392    400    396
   392    396    393
   499    500    501
   499    501    498
   499    498    497
   499    497    502
   400    498    501
   400    501    503
   400    503    401
   503    501    500
   503    500    504
   503    504    505
   503    505    506
   402    401    503
   402    503    506
   402    506    507
   402    507    403
   507    506    505
   507    505    508
   507    508    509
   404    403    507
   404    507    509
   404    509    510
   404    510    511
   404    511    512
   404    512    513
   404    513    405
   407    406    405
   407    405    513
   407    513    514
   407    514    515
   135    207    312
   135    312    407
   135    407    515
   135    515    516
   135    516    517
   135    517    518
   135    518    519
   135    519    408
   135    408    136
   519    520    521
   519    521    522
   519    522    411
   519    411    410
   519    410    409
   519    409    408
   522    523    524
   522    524    525
   522    525    526
   522    526    412
   522    412    411
   414    413    412
   414    412    526
   414    526    527
   414    527    415
   415    527    528
   415    528    529
   415    529    530
   415    530    416
   416    530    531
   416    531    315
   416    315    314
   315    531    532
   315    532    417
   315    417    316
   219    418    318
   219    318    317
   219    317    220
   319    533    320
   325    534    420
   325    420    326
   420    534    535
   420    535    422
   420    422    421
   425    424    423
   425    423    536
   425    536    537
   537    536    538
   537    538    539
   537    539    540
   541    540    539
   541    539    542
   428    426    425
   428    425    537
   428    537    540
   428    540    541
   428    541    543
   544    543    541
   544    541    542
   544    542    545
   544    545    546
   544    546    547
   544    547    548
   430    429    427
   430    427    428
   430    428    543
   430    543    544
   430    544    549
   550    549    544
   550    544    548
   550    548    551
   550    551    552
   550    552    553
   550    553    554
   432    431    430
   432    430    549
   432    549    550
   432    550    434
   435    434    550
   435    550    554
   435    554    555
   435    555    556
   435    556    557
   435    557    558
   435    558    559
   438    436    433
   438    433    435
   438    435    559
   438    559    560
   440    439    437
   440    437    438
   440    438    560
   440    560    561
   440    561    562
   440    562    563
   440    563    564
   253    442    441
   253    441    440
   253    440    564
   253    564    443
   253    443    254
   564    563    565
   564    565    566
   564    566    567
   564    567    444
   564    444    443
   444    567    446
   444    446    445
   446    567    566
   446    566    568
   446    568    447
   351    447    568
   351    568    569
   351    569    350
   351    350    349
   263    350    569
   263    569    570
   263    570    264
   571    572    450
   571    450    353
   571    353    352
   571    352    449
   571    449    448
   573    574    454
   573    454    451
   573    451    450
   573    450    572
   575    455    454
   575    454    574
   576    577    578
   576    578    575
   576    575    574
   576    574    573
   456    455    575
   456    575    578
   456    578    579
   456    579    458
   456    458    457
   580    581    582
   580    582    579
   580    579    578
   580    578    577
   458    579    582
   458    582    583
   458    583    584
   458    584    460
   458    460    459
   460    584    585
   460    585    586
   460    586    461
   461    586    587
   461    587    588
   461    588    589
   461    589    590
   461    590    463
   461    463    462
   590    591    592
   590    592    593
   590    593    594
   590    594    595
   590    595    464
   590    464    463
   464    595    596
   464    596    597
   464    597    468
   464    468    466
   464    466    465
   597    598    469
   597    469    468
   599    470    469
   599    469    598
   600    601    471
   600    471    470
   600    470    599
   471    601    602
   471    602    472
   472    602    603
   472    603    481
   472    481    480
   472    480    479
   472    479    477
   472    477    473
   604    378    377
   604    377    481
   604    481    603
   605    606    484
   605    484    483
   605    483    482
   607    608    486
   607    486    485
   607    485    484
   607    484    606
   486    608    609
   486    609    489
   486    489    488
   486    488    487
   610    611    612
   610    612    609
   610    609    608
   610    608    607
   612    613    490
   612    490    489
   612    489    609
   490    613    614
   490    614    615
   490    615    493
   490    493    491
   615    616    617
   615    617    494
   615    494    493
   618    496    495
   618    495    494
   618    494    617
   618    617    619
   502    497    496
   502    496    618
   502    618    620
   502    620    621
   622    623    499
   622    499    502
   622    502    621
   622    621    624
   625    504    500
   625    500    499
   625    499    623
   505    504    625
   505    625    626
   505    626    627
   505    627    508
   509    508    627
   509    627    510
   511    628    629
   511    629    630
   511    630    512
   513    512    630
   513    630    631
   513    631    514
   518    632    633
   518    633    520
   518    520    519
   633    634    635
   633    635    636
   633    636    637
   633    637    521
   633    521    520
   521    637    638
   521    638    639
   521    639    640
   521    640    641
   521    641    523
   521    523    522
   641    642    643
   641    643    524
   641    524    523
   525    644    645
   525    645    528
   525    528    527
   525    527    526
   528    645    646
   528    646    529
   529    646    647
   529    647    648
   529    648    532
   529    532    531
   529    531    530
   417    532    648
   417    648    649
   417    649    533
   417    533    319
   417    319    318
   417    318    418
   320    533    649
   320    649    650
   320    650    651
   320    651    321
   324    419    652
   324    652    653
   324    653    535
   324    535    534
   324    534    325
   538    536    423
   538    423    422
   538    422    535
   538    535    653
   538    653    654
   538    654    655
   545    655    654
   545    654    656
   545    656    546
   542    539    538
   542    538    655
   542    655    545
   546    656    657
   546    657    658
   546    658    547
   548    547    658
   548    658    659
   548    659    551
   551    659    660
   551    660    661
   551    661    662
   551    662    552
   552    662    663
   552    663    664
   552    664    553
   554    553    664
   554    664    665
   554    665    666
   554    666    555
   555    666    667
   555    667    668
   555    668    669
   555    669    670
   555    670    671
   555    671    672
   555    672    556
   556    672    673
   556    673    674
   556    674    675
   556    675    676
   556    676    557
   558    557    676
   558    676    677
   558    677    678
   558    678    679
   558    679    680
   558    680    681
   560    559    558
   560    558    681
   560    681    682
   560    682    561
   561    682    683
   561    683    684
   561    684    685
   561    685    562
   565    563    562
   565    562    685
   565    685    686
   565    686    687
   687    686    688
   687    688    689
   687    689    690
   569    568    566
   569    566    565
   569    565    687
   569    687    690
   569    690    691
   569    691    570
   691    690    689
   691    689    692
   264    570    691
   264    691    692
   264    692    571
   264    571    448
   264    448    265
   693    694    580
   693    580    577
   693    577    576
   695    696    697
   695    697    698
   695    698    694
   695    694    693
   698    699    581
   698    581    580
   698    580    694
   697    700    701
   697    701    699
   697    699    698
   582    581    699
   582    699    701
   582    701    702
   582    702    703
   582    703    583
   583    703    704
   583    704    705
   583    705    706
   583    706    585
   583    585    584
   585    706    707
   585    707    708
   585    708    709
   585    709    710
   585    710    711
   585    711    587
   585    587    586
   587    711    712
   587    712    713
   587    713    714
   587    714    715
   587    715    588
   589    716    717
   589    717    718
   589    718    591
   589    591    590
   718    719    720
   718    720    592
   718    592    591
   593    721    594
   594    721    722
   594    722    723
   594    723    724
   594    724    596
   594    596    595
   596    724    600
   596    600    599
   596    599    598
   596    598    597
   723    725    604
   723    604    603
   723    603    602
   723    602    601
   723    601    600
   723    600    724
   726    727    728
   726    728    605
   726    605    482
   726    482    379
   726    379    378
   726    378    604
   726    604    725
   728    729    730
   728    730    610
   728    610    607
   728    607    606
   728    606    605
   731    732    733
   731    733    730
   731    730    729
   730    733    734
   730    734    611
   730    611    610
   735    736    734
   735    734    733
   735    733    732
   734    736    737
   734    737    614
   734    614    613
   734    613    612
   734    612    611
   738    616    615
   738    615    614
   738    614    737
   738    737    739
   619    617    616
   619    616    738
   619    738    740
   741    620    618
   741    618    619
   741    619    740
   741    740    742
   624    621    620
   624    620    741
   743    626    625
   743    625    623
   743    623    622
   510    627    626
   510    626    743
   510    743    628
   510    628    511
   631    630    629
   631    629    744
   631    744    745
   515    514    631
   515    631    745
   515    745    516
   746    747    634
   746    634    633
   746    633    632
   748    749    750
   748    750    635
   748    635    634
   748    634    747
   636    638    637
   640    642    641
   524    643    751
   524    751    752
   524    752    644
   524    644    525
   752    753    647
   752    647    646
   752    646    645
   752    645    644
   648    647    753
   648    753    754
   648    754    755
   648    755    650
   648    650    649
   321    651    756
   321    756    757
   321    757    652
   321    652    419
   321    419    322
   654    653    652
   654    652    757
   654    757    758
   654    758    759
   654    759    657
   654    657    656
   660    759    758
   660    758    760
   660    760    761
   660    761    661
   658    657    759
   658    759    660
   658    660    659
   661    761    762
   661    762    663
   661    663    662
   664    663    762
   664    762    763
   664    763    764
   664    764    765
   664    765    766
   664    766    665
   665    766    667
   665    667    666
   669    767    670
   673    768    769
   673    769    674
   676    675    770
   676    770    771
   676    771    677
   678    772    773
   678    773    774
   678    774    679
   679    774    775
   679    775    776
   679    776    777
   679    777    680
   681    680    777
   681    777    778
   681    778    779
   681    779    683
   681    683    682
   684    683    779
   684    779    780
   684    780    781
   684    781    782
   684    782    783
   688    686    685
   688    685    684
   688    684    783
   688    783    784
   688    784    785
   688    785    786
   688    786    787
   787    786    788
   787    788    789
   787    789    790
   787    790    791
   692    689    688
   692    688    787
   692    787    791
   692    791    695
   692    695    693
   692    693    576
   692    576    573
   692    573    572
   692    572    571
   791    790    792
   791    792    696
   791    696    695
   792    793    794
   792    794    700
   792    700    697
   792    697    696
   794    795    702
   794    702    701
   794    701    700
   702    795    796
   702    796    797
   702    797    704
   702    704    703
   705    798    707
   705    707    706
   709    799    800
   709    800    801
   709    801    710
   710    801    802
   710    802    712
   710    712    711
   803    804    805
   803    805    806
   803    806    717
   803    717    716
   717    806    807
   717    807    808
   717    808    719
   717    719    718
   809    720    719
   809    719    808
   809    808    810
   592    720    809
   592    809    811
   592    811    812
   592    812    813
   592    813    814
   592    814    722
   592    722    721
   592    721    593
   814    815    816
   814    816    726
   814    726    725
   814    725    723
   814    723    722
   817    818    819
   817    819    727
   817    727    726
   817    726    816
   817    816    820
   819    821    822
   819    822    731
   819    731    729
   819    729    728
   819    728    727
   823    824    825
   823    825    822
   823    822    821
   823    821    826
   822    825    827
   822    827    735
   822    735    732
   822    732    731
   828    829    827
   828    827    825
   828    825    824
   827    829    830
   827    830    739
   827    739    737
   827    737    736
   827    736    735
   831    830    829
   831    829    828
   831    828    832
   831    832    833
   742    740    738
   742    738    739
   742    739    830
   742    830    831
   742    831    834
   835    834    831
   835    831    833
   835    833    836
   835    836    837
   835    837    838
   744    629    628
   744    628    743
   744    743    622
   744    622    624
   744    624    741
   744    741    742
   744    742    834
   744    834    835
   516    745    744
   516    744    835
   516    835    838
   516    838    839
   516    839    840
   516    840    841
   516    841    842
   516    842    517
   517    842    843
   517    843    844
   517    844    845
   517    845    846
   517    846    847
   517    847    746
   517    746    632
   517    632    518
   847    848    748
   847    748    747
   847    747    746
   849    850    749
   849    749    748
   849    748    848
   635    750    851
   635    851    639
   635    639    638
   635    638    636
   639    851    852
   639    852    853
   639    853    751
   639    751    643
   639    643    642
   639    642    640
   754    753    752
   754    752    751
   754    751    853
   650    755    854
   650    854    855
   650    855    756
   650    756    651
   758    757    756
   758    756    855
   758    855    856
   758    856    857
   758    857    858
   758    858    760
   763    858    857
   763    857    764
   762    761    760
   762    760    858
   762    858    763
   667    766    765
   667    765    859
   667    859    668
   668    859    860
   668    860    861
   668    861    862
   668    862    767
   668    767    669
   671    863    768
   671    768    673
   671    673    672
   674    769    864
   674    864    770
   674    770    675
   677    771    865
   677    865    772
   677    772    678
   773    866    867
   773    867    775
   773    775    774
   777    776    868
   777    868    869
   777    869    778
   779    778    869
   779    869    870
   779    870    871
   779    871    780
   780    871    872
   780    872    873
   780    873    874
   780    874    781
   784    875    876
   784    876    785
   785    876    877
   785    877    788
   785    788    786
   789    878    793
   789    793    792
   789    792    790
   879    796    795
   879    795    794
   879    794    793
   879    793    878
   704    797    880
   704    880    798
   704    798    705
   707    798    880
   707    880    881
   707    881    708
   882    883    800
   882    800    799
   712    802    884
   712    884    885
   712    885    713
   588    715    886
   588    886    803
   588    803    716
   588    716    589
   887    807    806
   887    806    805
   887    805    888
   810    808    807
   810    807    887
   813    889    890
   813    890    815
   813    815    814
   820    816    815
   820    815    890
   820    890    891
   820    891    892
   893    826    821
   893    821    819
   893    819    818
   894    895    823
   894    823    826
   894    826    893
   896    897    832
   896    832    828
   896    828    824
   896    824    823
   896    823    895
   898    897    896
   898    896    899
   836    833    832
   836    832    897
   836    897    898
   836    898    900
   901    902    837
   901    837    836
   901    836    900
   901    900    903
   904    839    838
   904    838    837
   904    837    902
   904    902    905
   906    907    908
   906    908    844
   906    844    843
   844    908    909
   844    909    910
   844    910    911
   844    911    845
   846    912    849
   846    849    848
   846    848    847
   913    850    849
   913    849    912
   913    912    914
   915    852    851
   915    851    750
   915    750    749
   915    749    850
   915    850    913
   916    917    854
   916    854    755
   916    755    754
   916    754    853
   916    853    852
   916    852    915
   856    855    854
   856    854    917
   856    917    918
   856    918    919
   856    919    920
   856    920    921
   860    921    920
   860    920    861
   764    857    856
   764    856    921
   764    921    860
   764    860    859
   764    859    765
   670    767    862
   670    862    922
   670    922    863
   670    863    671
   922    923    924
   922    924    864
   922    864    769
   922    769    768
   922    768    863
   770    864    924
   770    924    925
   770    925    865
   770    865    771
   926    927    928
   926    928    929
   926    929    867
   926    867    866
   775    867    929
   775    929    930
   775    930    931
   775    931    868
   775    868    776
   869    868    931
   869    931    932
   869    932    933
   869    933    870
   870    933    934
   870    934    935
   870    935    872
   870    872    871
   781    874    936
   781    936    937
   781    937    782
   783    782    937
   783    937    875
   783    875    784
   788    877    938
   788    938    879
   788    879    878
   788    878    789
   938    939    940
   938    940    881
   938    881    880
   938    880    797
   938    797    796
   938    796    879
   708    881    940
   708    940    941
   708    941    942
   708    942    882
   708    882    799
   708    799    709
   942    943    944
   942    944    883
   942    883    882
   800    883    944
   800    944    945
   800    945    884
   800    884    802
   800    802    801
   886    946    804
   886    804    803
   888    805    804
   888    804    946
   812    889    813
   892    891    947
   948    949    894
   948    894    893
   948    893    818
   948    818    817
   950    899    896
   950    896    895
   950    895    894
   950    894    949
   903    900    898
   903    898    899
   903    899    950
   903    950    951
   905    902    901
   952    840    839
   952    839    904
   953    907    906
   910    909    954
   845    911    955
   845    955    914
   845    914    912
   845    912    846
   956    957    916
   956    916    915
   956    915    913
   956    913    914
   956    914    955
   956    955    958
   959    960    918
   959    918    917
   959    917    916
   959    916    957
   959    957    961
   919    918    960
   919    960    962
   919    962    963
   861    920    919
   861    919    963
   861    963    964
   861    964    923
   861    923    922
   861    922    862
   924    923    964
   924    964    965
   924    965    966
   924    966    925
   966    965    967
   966    967    927
   966    927    926
   929    928    968
   929    968    969
   929    969    970
   929    970    930
   931    930    970
   931    970    971
   931    971    972
   931    972    973
   931    973    932
   932    973    974
   932    974    975
   932    975    976
   932    976    934
   932    934    933
   872    935    977
   872    977    978
   872    978    979
   872    979    873
   873    979    936
   873    936    874
   937    936    979
   937    979    978
   937    978    980
   937    980    981
   937    981    939
   937    939    938
   937    938    877
   937    877    876
   937    876    875
   981    982    983
   981    983    941
   981    941    940
   981    940    939
   941    983    984
   941    984    943
   941    943    942
   884    945    985
   884    985    986
   884    986    885
   713    885    986
   713    986    714
   987    947    891
   987    891    890
   987    890    889
   987    889    812
   987    812    811
   988    989    948
   988    948    817
   988    817    820
   988    820    892
   988    892    947
   988    947    987
   990    951    950
   990    950    949
   990    949    948
   990    948    989
   991    992    952
   991    952    904
   991    904    905
   991    905    901
   991    901    903
   991    903    951
   991    951    990
   841    840    952
   841    952    992
   993    954    909
   993    909    908
   993    908    907
   993    907    953
   993    953    994
   958    955    911
   958    911    910
   958    910    954
   958    954    993
   995    961    957
   995    957    956
   996    997    962
   996    962    960
   996    960    959
   963    962    997
   963    997    998
   963    998    967
   963    967    965
   963    965    964
   967    998    968
   967    968    928
   967    928    927
   970    969    999
   970    999    971
   972   1000    974
   972    974    973
   934    976   1001
   934   1001   1002
   934   1002   1003
   934   1003    977
   934    977    935
   978    977   1003
   978   1003   1004
   978   1004    980
   980   1004   1005
   980   1005   1006
   980   1006   1007
   980   1007    982
   980    982    981
  1007   1008   1009
  1007   1009    984
  1007    984    983
  1007    983    982
   985    945    944
   985    944    943
   985    943    984
   985    984   1009
   985   1009   1010
   985   1010   1011
   714    986    985
   714    985   1011
   714   1011    988
   714    988    987
   714    987    811
   714    811    809
   714    809    810
   714    810    887
   714    887    888
   714    888    946
   714    946    886
   714    886    715
  1011   1010   1012
  1011   1012   1013
  1011   1013    991
  1011    991    990
  1011    990    989
  1011    989    988
  1013    994    953
  1013    953    906
  1013    906    843
  1013    843    842
  1013    842    841
  1013    841    992
  1013    992    991
  1012   1014    995
  1012    995    956
  1012    956    958
  1012    958    993
  1012    993    994
  1012    994   1013
  1015   1016    996
  1015    996    959
  1015    959    961
  1015    961    995
  1015    995   1014
   968    998    997
   968    997    996
   968    996   1016
   968   1016   1017
   968   1017    999
   968    999    969
   971    999   1017
   971   1017   1000
   971   1000    972
   975   1018   1001
   975   1001    976
  1003   1002   1005
  1003   1005   1004
  1006   1019   1020
  1006   1020   1008
  1006   1008   1007
  1009   1008   1020
  1009   1020   1015
  1009   1015   1014
  1009   1014   1012
  1009   1012   1010
   974   1000   1017
   974   1017   1016
   974   1016   1015
   974   1015   1020
   974   1020   1019
   974   1019   1018
   974   1018    975
  1005   1002   1001
  1005   1001   1018
  1005   1018   1019
  1005   1019   1006
   865    925    966
   865    966    926
   865    926    866
   865    866    773
   865    773    772
