1022 2040
    0.090620     0.138323     0.463539
   -0.035482     0.155041     0.474313
   -0.083201     0.102829     0.484155
   -0.083201     0.067096     0.487674
    0.132508     0.067096     0.466429
    0.155965     0.072978     0.463539
   -0.173323     0.090881     0.476456
   -0.210417     0.053787     0.476456
   -0.096510     0.053787     0.487674
   -0.224500     0.050255     0.474721
   -0.181905     0.007660     0.474721
   -0.096510    -0.003662     0.482016
   -0.007183    -0.072595     0.466429
   -0.030663    -0.075708     0.468435
    0.557025     0.197002     0.360403
    0.530693     0.260573     0.360403
    0.444046     0.225571     0.391085
    0.418650     0.134560     0.410224
    0.484398     0.134560     0.390280
    0.410038     0.227453     0.396367
    0.290074     0.072978     0.441489
    0.110368     0.351581     0.396367
    0.013346     0.358956     0.406320
   -0.026129     0.313042     0.425208
   -0.035482     0.291011     0.433066
   -0.332098     0.168149     0.433066
   -0.317091     0.130998     0.446222
   -0.318273     0.109635     0.449540
   -0.301703     0.050255     0.462027
   -0.336357     0.065978     0.449540
   -0.338906     0.032437     0.452981
   -0.374887    -0.046190     0.434137
   -0.360042     0.007010     0.445325
   -0.393246    -0.021537     0.431666
   -0.412959    -0.056838     0.421250
   -0.404926    -0.076230     0.421250
   -0.409000    -0.086315     0.417679
   -0.030663    -0.243027     0.417679
    0.366738    -0.182350     0.386152
    0.359224    -0.174837     0.389375
   -0.004318    -0.305083     0.395544
    0.018998    -0.332203     0.384388
    0.045661    -0.330176     0.381653
    0.371870    -0.195056     0.381653
    0.481340     0.094325     0.386152
    0.645195     0.214297     0.312693
    0.645179     0.214536     0.312668
    0.622314     0.299867     0.312668
    0.610477     0.295233     0.319659
    0.578006     0.203619     0.350136
    0.633760     0.203619     0.320335
    0.563759     0.293639     0.340164
    0.626804     0.305878     0.308211
    0.566244     0.366438     0.308211
    0.563299     0.378373     0.303574
    0.466158     0.477682     0.278007
    0.460139     0.487875     0.273421
    0.455053     0.494113     0.270815
    0.168487     0.570899     0.270815
    0.049320     0.579236     0.283426
    0.013346     0.540710     0.309171
   -0.070890     0.534817     0.300256
   -0.355911     0.458446     0.300256
   -0.365789     0.441716     0.307783
   -0.365367     0.433277     0.312355
   -0.373562     0.400069     0.325258
   -0.367543     0.223744     0.402650
   -0.352347     0.188398     0.420673
   -0.425711     0.347920     0.325258
   -0.433751     0.312396     0.336923
   -0.356050     0.121542     0.431055
   -0.392843    -0.015770     0.431055
   -0.479324    -0.156639     0.374636
   -0.464733    -0.115469     0.388332
   -0.529292    -0.175752     0.345191
   -0.526765    -0.185183     0.345191
   -0.491264    -0.171286     0.366156
   -0.608029    -0.293997     0.264515
   -0.617855    -0.308903     0.254019
   -0.499986    -0.426772     0.254019
   -0.488068    -0.475065     0.235254
   -0.486999    -0.476158     0.234972
    0.018998    -0.489770     0.300167
   -0.456956    -0.527033     0.212082
   -0.168586    -0.604302     0.212082
   -0.117451    -0.607879     0.217493
   -0.103183    -0.600866     0.223286
   -0.049814    -0.567672     0.248672
    0.012599    -0.500832     0.293337
    0.186102    -0.444995     0.300167
    0.246884    -0.401495     0.314712
    0.358741    -0.338164     0.322069
    0.393818    -0.302303     0.331301
    0.390804    -0.213989     0.370064
    0.442412    -0.291305     0.315345
    0.515473    -0.218245     0.315345
    0.561401    -0.131563     0.311006
    0.543068    -0.211435     0.304622
    0.557774    -0.197050     0.300836
    0.627592     0.115467     0.311006
    0.713886     0.214297     0.256320
    0.698217     0.293072     0.256320
    0.697814     0.293392     0.256598
    0.675397     0.298222     0.274207
    0.661527     0.304437     0.283124
    0.626816     0.305887     0.308201
    0.649755     0.322055     0.283124
    0.628969     0.331253     0.294004
    0.580397     0.379825     0.294004
    0.562997     0.419148     0.273421
    0.360795     0.591785     0.217908
    0.336408     0.604248     0.213577
    0.273232     0.608721     0.222676
    0.445557     0.515306     0.257190
    0.368718     0.585975     0.220601
    0.237351     0.615858     0.222676
    0.160228     0.621626     0.230533
    0.119933     0.612924     0.244252
    0.059597     0.589394     0.273412
    0.049320     0.580191     0.282642
   -0.059960     0.572019     0.271509
   -0.133441     0.557403     0.271509
   -0.191676     0.553280     0.263121
   -0.201501     0.549614     0.263876
   -0.345538     0.476008     0.289455
   -0.355562     0.466789     0.294229
   -0.397952     0.457155     0.280339
   -0.414828     0.445879     0.280339
   -0.433639     0.441324     0.272985
   -0.438065     0.442691     0.269017
   -0.500048     0.349927     0.269017
   -0.501553     0.343305     0.271187
   -0.478098     0.310544     0.304886
   -0.483438     0.235123     0.315749
   -0.567051    -0.185225     0.315749
   -0.569948    -0.188536     0.312984
   -0.646458    -0.273978     0.236245
   -0.637054    -0.321257     0.236245
   -0.630341    -0.319696     0.242010
   -0.568080    -0.186192     0.314807
   -0.683433    -0.386035     0.169611
   -0.682906    -0.388354     0.168851
   -0.641437    -0.450418     0.168851
   -0.635944    -0.473104     0.159982
   -0.622566    -0.486482     0.159982
   -0.604304    -0.527752     0.138379
   -0.452697    -0.629053     0.138379
   -0.451535    -0.631644     0.136713
   -0.410406    -0.669471     0.117128
   -0.359122    -0.673103     0.124515
   -0.315941    -0.681692     0.124515
   -0.257465    -0.686065     0.130472
   -0.202817    -0.664754     0.156882
   -0.156392    -0.642750     0.182519
    0.067481    -0.520650     0.268114
    0.006673    -0.556436     0.248672
    0.132535    -0.487406     0.279667
    0.169299    -0.460448     0.292166
    0.384203    -0.332377     0.313726
    0.445304    -0.291551     0.313726
    0.475833    -0.284159     0.301790
    0.531179    -0.247720     0.292037
    0.544977    -0.233922     0.292037
    0.606039    -0.206902     0.260075
    0.614196    -0.194695     0.260075
    0.705053    -0.099050     0.212418
    0.672422    -0.168605     0.222641
    0.702439    -0.135967     0.207100
    0.750171     0.180119     0.220962
    0.733003     0.199291     0.238182
    0.743899     0.096241     0.212418
    0.795025     0.180119     0.166308
    0.781177     0.267551     0.166308
    0.758975     0.279048     0.191143
    0.746055     0.288319     0.203595
    0.726753     0.310344     0.212976
    0.699443     0.311714     0.243869
    0.739342     0.301495     0.203595
    0.682039     0.319947     0.254792
    0.570998     0.430987     0.254792
    0.561961     0.435013     0.259498
    0.470051     0.517484     0.240174
    0.451586     0.543752     0.220601
    0.323860     0.613722     0.205730
    0.250151     0.620027     0.215126
    0.243555     0.621072     0.215126
    0.177933     0.626434     0.221256
   -0.007208     0.583935     0.267171
   -0.067315     0.574414     0.267171
   -0.160951     0.566406     0.255234
   -0.384288     0.466323     0.277778
   -0.401638     0.457483     0.277778
   -0.439489     0.447353     0.263866
   -0.439687     0.444314     0.266533
   -0.451894     0.450872     0.248915
   -0.471242     0.442253     0.238841
   -0.473800     0.441429     0.236999
   -0.506795     0.425821     0.216292
   -0.511700     0.425575     0.210743
   -0.526999     0.420158     0.196187
   -0.565907     0.392808     0.167196
   -0.595906     0.333931     0.167196
   -0.621211     0.315771     0.142806
   -0.684392     0.232100     0.090481
   -0.685767     0.229661     0.089480
   -0.689456     0.186542     0.094977
   -0.731906    -0.081478     0.094977
   -0.745630    -0.249412     0.110664
   -0.726051    -0.278486     0.140131
   -0.666409    -0.278486     0.212806
   -0.724554    -0.296803     0.138420
   -0.710476    -0.385692     0.138420
   -0.700867    -0.384303     0.150397
   -0.712487    -0.389460     0.133857
   -0.707930    -0.407691     0.128363
   -0.688087    -0.446634     0.128363
   -0.682491    -0.467546     0.120677
   -0.680091    -0.470221     0.121239
   -0.667929    -0.497522     0.107025
   -0.601972    -0.563480     0.107025
   -0.594671    -0.578912     0.097340
   -0.539897    -0.628061     0.085824
   -0.507812    -0.636647     0.097617
   -0.456068    -0.663012     0.097617
   -0.409901    -0.674551     0.111529
   -0.397711    -0.683756     0.103906
   -0.337971    -0.688866     0.111522
   -0.324335    -0.691026     0.111522
   -0.271272    -0.695362     0.116478
   -0.067538    -0.612473     0.202263
   -0.088806    -0.632045     0.182519
    0.415238    -0.335136     0.292166
    0.420629    -0.333693     0.290184
    0.607090    -0.206834     0.259152
    0.594341    -0.219583     0.259152
    0.665707    -0.179105     0.222366
    0.672666    -0.171349     0.220735
    0.706276    -0.147723     0.195692
    0.708468    -0.145595     0.194407
    0.713956    -0.134823     0.194407
    0.783244    -0.024586     0.141157
    0.740907    -0.115482     0.168429
    0.772751    -0.073311     0.142058
    0.780207    -0.060093     0.136630
    0.807257     0.163264     0.148150
    0.798715     0.175949     0.161007
    0.801138     0.088393     0.141157
    0.832277     0.188629     0.095093
    0.821985     0.266807     0.095093
    0.821864     0.266798     0.095321
    0.829455     0.163264     0.106620
    0.833653     0.172952     0.096380
    0.791167     0.272181     0.147545
    0.822275     0.267817     0.093794
    0.813483     0.289044     0.093794
    0.801397     0.294661     0.111696
    0.791997     0.290426     0.132158
    0.745143     0.367973     0.111696
    0.717607     0.387961     0.131429
    0.707384     0.398183     0.131429
    0.665573     0.419842     0.155430
    0.509448     0.539641     0.155430
    0.446117     0.569772     0.185299
    0.430555     0.581338     0.179774
    0.390609     0.593142     0.192764
    0.360007     0.605818     0.192764
    0.323515     0.615691     0.202381
    0.323068     0.615942     0.202065
    0.250754     0.622906     0.209921
    0.243944     0.623802     0.209921
    0.184001     0.629063     0.214843
    0.087013     0.610034     0.241549
   -0.042646     0.592964     0.241549
   -0.128473     0.584700     0.232225
   -0.232167     0.541318     0.255794
   -0.410356     0.467509     0.255794
   -0.450916     0.455524     0.242604
   -0.457324     0.456132     0.233665
   -0.471290     0.449488     0.227078
   -0.483243     0.440316     0.227078
   -0.534047     0.419167     0.186016
   -0.563719     0.397628     0.164752
   -0.567709     0.392429     0.164752
   -0.602049     0.365338     0.133547
   -0.622231     0.338183     0.123905
   -0.644678     0.314327     0.100854
   -0.658235     0.295248     0.090481
   -0.690634     0.224045     0.082521
   -0.719125     0.173464     0.046685
   -0.724169     0.161037     0.041302
   -0.738465     0.117777     0.028276
   -0.750591    -0.008147     0.041957
   -0.756931    -0.056300     0.041957
   -0.768595    -0.189206     0.052869
   -0.764554    -0.216060     0.067043
   -0.750103    -0.249412     0.102294
   -0.747210    -0.282378     0.099588
   -0.738240    -0.350512     0.099588
   -0.735929    -0.374515     0.096980
   -0.729157    -0.386536     0.105497
   -0.723879    -0.406045     0.100356
   -0.709441    -0.440902     0.100356
   -0.702831    -0.463271     0.093081
   -0.703701    -0.472427     0.080309
   -0.694024    -0.492767     0.070716
   -0.663856    -0.532082     0.070716
   -0.650717    -0.557446     0.056156
   -0.636121    -0.572043     0.056156
   -0.631161    -0.574612     0.059003
   -0.562411    -0.627365     0.059003
   -0.537558    -0.639190     0.070725
   -0.526622    -0.647317     0.066842
   -0.471181    -0.663700     0.084871
   -0.442443    -0.675604     0.084871
   -0.396984    -0.687903     0.096852
   -0.394114    -0.689519     0.094819
   -0.339182    -0.694809     0.100787
   -0.313538    -0.698185     0.100787
   -0.274641    -0.701599     0.103980
   -0.271272    -0.700139     0.107541
   -0.138061    -0.681254     0.110063
   -0.246875    -0.697998     0.105538
   -0.142899    -0.684309     0.105538
   -0.092982    -0.655862     0.142000
    0.262899    -0.510375     0.138473
    0.280170    -0.494124     0.155160
   -0.079597    -0.652241     0.138473
    0.409021    -0.388919     0.215258
    0.391015    -0.411743     0.194518
    0.636120    -0.214660     0.215258
    0.664694    -0.187699     0.213337
    0.639467    -0.212926     0.213337
    0.689316    -0.169826     0.195692
    0.741061    -0.118858     0.165582
    0.739222    -0.121333     0.166460
    0.763969    -0.094512     0.142058
    0.814521     0.035874     0.103184
    0.783747    -0.056008     0.131568
    0.810194    -0.009055     0.098303
    0.825783     0.121423     0.103184
    0.850045     0.188899     0.036419
    0.849641     0.193306     0.036114
    0.842437     0.257245     0.036114
    0.846856     0.172952     0.052858
    0.841354     0.267798     0.035173
    0.830213     0.271443     0.067934
    0.841546     0.274372     0.026897
    0.835375     0.292009     0.026897
    0.829332     0.290231     0.049028
    0.820663     0.294007     0.068491
    0.833556     0.303059     0.011055
    0.810469     0.339802     0.011055
    0.810332     0.340050     0.010933
    0.805579     0.345736     0.011830
    0.805244     0.346177     0.011554
    0.722357     0.429064     0.011554
    0.685790     0.456873     0.034450
    0.671857     0.468519     0.032252
    0.566353     0.526974     0.084059
    0.552011     0.535986     0.084059
    0.467608     0.578107     0.117793
    0.446299     0.586079     0.134539
    0.427115     0.589235     0.162042
    0.376937     0.605024     0.175728
    0.367675     0.608265     0.175728
    0.327442     0.619670     0.184603
    0.321901     0.619509     0.191578
    0.258729     0.625992     0.197213
    0.227434     0.629518     0.197213
    0.184001     0.633499     0.200220
    0.155032     0.639294     0.170359
    0.128872     0.640516     0.156612
    0.030592     0.631507     0.149809
   -0.019718     0.625838     0.149809
   -0.118324     0.615719     0.141012
   -0.233065     0.587994     0.099754
   -0.387238     0.534046     0.099754
   -0.133684     0.616167     0.121677
   -0.396432     0.531153     0.097247
   -0.414917     0.520559     0.105295
   -0.436643     0.503616     0.127056
   -0.516407     0.453496     0.127056
   -0.525442     0.445347     0.134699
   -0.529326     0.439560     0.145045
   -0.527494     0.436977     0.156587
   -0.575645     0.393240     0.145045
   -0.600578     0.371949     0.125255
   -0.600752     0.371832     0.124943
   -0.626439     0.343355     0.100854
   -0.670671     0.279301     0.074508
   -0.689591     0.246291     0.060136
   -0.699057     0.230813     0.046685
   -0.745893     0.097649     0.013594
   -0.759742    -0.037310     0.025634
   -0.764048    -0.075525     0.025634
   -0.772624    -0.169067     0.032110
   -0.753026    -0.321656     0.065826
   -0.762942    -0.233645     0.065826
   -0.746108    -0.371184     0.067048
   -0.748650    -0.364294     0.062022
   -0.740792    -0.389936     0.062911
   -0.722134    -0.443257     0.062911
   -0.714425    -0.467756     0.056229
   -0.711371    -0.486319     0.029617
   -0.706854    -0.495370     0.025999
   -0.686087    -0.528420     0.025999
   -0.674944    -0.548532     0.016123
   -0.673889    -0.551271     0.011721
   -0.670563    -0.555644     0.008983
   -0.627933    -0.598274     0.008983
   -0.625900    -0.599820     0.010256
   -0.617373    -0.606948     0.008911
   -0.592685    -0.620626     0.021034
   -0.521566    -0.658927     0.040776
   -0.552607    -0.645809     0.021034
   -0.528660    -0.657759     0.030604
   -0.473138    -0.674165     0.053984
   -0.428567    -0.689761     0.053984
   -0.393880    -0.699594     0.061636
   -0.390847    -0.699506     0.065454
   -0.350451    -0.703651     0.069058
   -0.296947    -0.709680     0.069058
   -0.274641    -0.711724     0.070602
   -0.261543    -0.714344     0.057101
   -0.226471    -0.711129     0.054673
   -0.187699    -0.706760     0.054673
   -0.158705    -0.703785     0.052086
   -0.147976    -0.699826     0.059912
   -0.129208    -0.694505     0.055772
   -0.010055    -0.652812     0.055772
    0.001484    -0.648439     0.056886
    0.215484    -0.557739     0.062523
    0.215551    -0.557705     0.062541
    0.251177    -0.537286     0.078052
    0.154964    -0.584865     0.056886
    0.490893    -0.389510     0.069250
    0.281271    -0.522268     0.066024
    0.487080    -0.392950     0.066024
    0.590146    -0.306551     0.084908
    0.616277    -0.275949     0.109197
    0.730263    -0.154760     0.128031
    0.707390    -0.184837     0.109197
    0.732332    -0.152284     0.127640
    0.770702    -0.091579     0.126940
    0.733079    -0.151457     0.126940
    0.782832    -0.075525     0.111930
    0.781747    -0.077416     0.112754
    0.793260    -0.058474     0.097112
    0.810599    -0.008923     0.097112
    0.832524     0.043394     0.050905
    0.834494     0.062594     0.052618
    0.820962     0.012063     0.073759
    0.846538     0.169486     0.052618
    0.857082     0.188899    -0.035024
    0.857082     0.191178    -0.037302
    0.850784     0.255123    -0.037302
    0.850286     0.259864    -0.036984
    0.849641     0.262998    -0.033578
    0.848068     0.270193    -0.026811
    0.842764     0.275187     0.015269
    0.839315     0.299048    -0.026811
    0.838060     0.299125    -0.013132
    0.834026     0.303424     0.006431
    0.838422     0.301176    -0.029563
    0.824398     0.327413    -0.029563
    0.823873     0.328335    -0.029923
    0.819895     0.334256    -0.039089
    0.816152     0.339274    -0.042990
    0.788552     0.372904    -0.042990
    0.780389     0.382157    -0.048913
    0.766885     0.395661    -0.048913
    0.745176     0.414813    -0.035016
    0.706937     0.446195    -0.035016
    0.667690     0.475472    -0.004503
    0.663277     0.478436     0.002328
    0.586470     0.522155     0.032356
    0.566476     0.532842     0.032356
    0.471484     0.576480     0.112781
    0.392822     0.603323     0.145893
    0.352773     0.615472     0.145893
    0.325853     0.621358     0.171214
    0.253433     0.629518     0.171214
    0.240697     0.630856     0.170359
    0.074549     0.640158     0.105922
   -0.013294     0.631507     0.105922
    0.082205     0.640516     0.109945
   -0.029034     0.629852     0.104865
   -0.131688     0.618286     0.104865
   -0.260281     0.584367     0.048345
   -0.276396     0.579478     0.048345
   -0.141740     0.616088     0.095411
   -0.250379     0.587175     0.050515
   -0.329405     0.562385     0.037091
   -0.383215     0.543556     0.037091
   -0.464399     0.500698     0.031051
   -0.384239     0.543086     0.036224
   -0.406828     0.531543     0.030235
   -0.462314     0.501885     0.030235
   -0.486395     0.486877     0.031051
   -0.489592     0.484493     0.033536
   -0.569999     0.417521     0.043771
   -0.554010     0.431626     0.033536
   -0.575912     0.411607     0.043771
   -0.581292     0.405508     0.039867
   -0.646652     0.325867     0.039867
   -0.649492     0.322060     0.036907
   -0.660613     0.304362     0.036907
   -0.670206     0.287507     0.030318
   -0.702432     0.227217     0.030318
   -0.709175     0.212540     0.017891
   -0.720292     0.180769     0.017891
   -0.746126     0.097429     0.011743
   -0.729629     0.151813     0.011743
   -0.747979     0.088953     0.003771
   -0.764048    -0.053662     0.003771
   -0.764596    -0.058873     0.003421
   -0.775449    -0.169067     0.003421
   -0.762942    -0.298517     0.000954
   -0.775449    -0.171534     0.000954
   -0.756519    -0.356885    -0.000404
   -0.760818    -0.318732    -0.000404
   -0.752216    -0.376566    -0.018915
   -0.727238    -0.458906    -0.018915
   -0.722078    -0.474909    -0.022313
   -0.721027    -0.477413    -0.025550
   -0.717129    -0.485897    -0.032733
   -0.691143    -0.534514    -0.032733
   -0.689090    -0.538120    -0.034143
   -0.688939    -0.538345    -0.034491
   -0.659277    -0.574488    -0.034491
   -0.657626    -0.576360    -0.033293
   -0.650255    -0.583730    -0.033293
   -0.647914    -0.585796    -0.031794
   -0.608975    -0.617752    -0.031794
   -0.606298    -0.619749    -0.029713
   -0.590613    -0.629605    -0.029713
   -0.584954    -0.632826    -0.027501
   -0.517390    -0.668336    -0.020694
   -0.525430    -0.664642    -0.027501
   -0.487092    -0.678260    -0.015451
   -0.511786    -0.670297    -0.020694
   -0.388074    -0.705760     0.012721
   -0.417400    -0.699400    -0.015451
   -0.392101    -0.704932     0.008345
   -0.350779    -0.709680     0.015225
   -0.281859    -0.716468     0.015225
   -0.261543    -0.716468     0.035541
   -0.218982    -0.712276     0.035541
   -0.208072    -0.711129     0.036273
   -0.169930    -0.706780     0.036725
   -0.159346    -0.704466     0.046680
   -0.170718    -0.706920     0.036273
   -0.130963    -0.695856     0.046680
   -0.122974    -0.693280     0.048376
   -0.066917    -0.673665     0.048376
    0.283592    -0.521336     0.062541
    0.486103    -0.394078     0.062619
    0.292255    -0.516405     0.059155
    0.345439    -0.484168     0.051347
    0.438613    -0.425624     0.051347
    0.530493    -0.358078     0.058154
    0.603255    -0.298363     0.058154
    0.604011    -0.297696     0.057670
    0.691621    -0.210086     0.057670
    0.692369    -0.209238     0.057127
    0.756217    -0.131439     0.057127
    0.766475    -0.115467     0.055662
    0.757623    -0.129555     0.055662
    0.804282    -0.046729     0.043655
    0.783958    -0.084753     0.043655
    0.813240    -0.027228     0.027144
    0.827424     0.013533     0.006939
    0.838065     0.048612     0.006939
    0.817727    -0.016540     0.013324
    0.846538     0.087361    -0.029507
    0.847165     0.090414    -0.032825
    0.850607     0.123156    -0.035024
    0.850784     0.198182    -0.094244
    0.852185     0.191178    -0.087024
    0.850643     0.198754    -0.094921
    0.844608     0.252320    -0.094921
    0.844250     0.255809    -0.094610
    0.844495     0.264219    -0.084023
    0.845176     0.264675    -0.077520
    0.837998     0.301202    -0.034183
    0.828647     0.309509    -0.084023
    0.829547     0.310208    -0.075171
    0.826498     0.311872    -0.088414
    0.801097     0.352298    -0.088414
    0.794399     0.359723    -0.094695
    0.789147     0.363248    -0.104084
    0.741559     0.410836    -0.104084
    0.740818     0.411940    -0.102110
    0.721486     0.429378    -0.085757
    0.673327     0.459638    -0.085757
    0.643109     0.483204    -0.055489
    0.638909     0.487023    -0.047686
    0.571118     0.528486     0.011229
    0.476161     0.561713     0.011229
    0.429580     0.584715     0.063066
    0.360005     0.610390     0.113815
    0.356174     0.611860     0.117239
    0.187577     0.630856     0.117239
   -0.014943     0.629852     0.090773
    0.055146     0.636277     0.085921
   -0.089756     0.621423     0.090773
   -0.319933     0.564654     0.030384
   -0.324624     0.563324     0.031419
   -0.366620     0.548629     0.031419
   -0.453882     0.505269     0.017584
   -0.424193     0.521590     0.022675
   -0.441436     0.511970     0.018130
   -0.458921     0.501924     0.016402
   -0.490596     0.482022     0.016402
   -0.538872     0.441080     0.002642
   -0.499525     0.473968     0.008849
   -0.539949     0.439818     0.001640
   -0.592991     0.386777     0.001640
   -0.600745     0.376580    -0.004745
   -0.636920     0.333300     0.002083
   -0.638414     0.331644     0.003484
   -0.676928     0.270762     0.005192
   -0.672090     0.278049     0.003484
   -0.707901     0.213897     0.011715
   -0.702005     0.224185     0.007236
   -0.723518     0.164264    -0.001821
   -0.731876     0.140380    -0.001821
   -0.743996     0.098088    -0.009696
   -0.747041     0.089837    -0.003677
   -0.743074     0.100877    -0.010536
   -0.761838    -0.054355    -0.016541
   -0.764596    -0.078835    -0.016541
   -0.773094    -0.171534    -0.022958
   -0.760818    -0.250503    -0.068632
   -0.770616    -0.183923    -0.035728
   -0.762554    -0.237499    -0.064007
   -0.758383    -0.266129    -0.074614
   -0.745195    -0.383176    -0.074614
   -0.733180    -0.415568    -0.098923
   -0.743606    -0.387316    -0.078315
   -0.729286    -0.423456    -0.107700
   -0.706179    -0.489491    -0.107700
   -0.704567    -0.499283    -0.093661
   -0.703403    -0.501617    -0.092728
   -0.688695    -0.538261    -0.037747
   -0.675229    -0.549911    -0.078375
   -0.680246    -0.538471    -0.092728
   -0.678244    -0.542085    -0.090954
   -0.671857    -0.554345    -0.075599
   -0.629525    -0.596677    -0.075599
   -0.628358    -0.597564    -0.076330
   -0.621432    -0.603354    -0.075237
   -0.607858    -0.610874    -0.081902
   -0.555830    -0.643566    -0.081902
   -0.538871    -0.652029    -0.088680
   -0.451753    -0.682094    -0.091917
   -0.530751    -0.653365    -0.100322
   -0.459307    -0.678364    -0.100322
   -0.423558    -0.692860    -0.067337
   -0.447958    -0.683495    -0.089148
   -0.337776    -0.704932    -0.045980
   -0.355847    -0.700489    -0.067337
   -0.281859    -0.716116     0.011660
   -0.239963    -0.712276     0.014560
   -0.223447    -0.710415     0.014560
   -0.185261    -0.706496     0.017967
   -0.132369    -0.696133     0.045011
   -0.079256    -0.677547     0.045011
    0.354460    -0.478180     0.049233
    0.434306    -0.428010     0.049233
    0.595472    -0.303765     0.047903
    0.600887    -0.299647     0.051294
    0.694154    -0.206380     0.051294
    0.702492    -0.195416     0.044429
    0.728267    -0.163097     0.036634
    0.752854    -0.133681     0.041275
    0.791556    -0.065822     0.015251
    0.782218    -0.080683     0.015251
    0.814359    -0.020129    -0.003011
    0.816284    -0.008429    -0.019786
    0.833440     0.046096    -0.034657
    0.834314     0.048594    -0.034657
    0.845807     0.089135    -0.043601
    0.845365     0.104289    -0.062676
    0.846396     0.134520    -0.083756
    0.848785     0.157801    -0.085833
    0.850607     0.173964    -0.085833
    0.846350     0.198754    -0.109073
    0.839140     0.215395    -0.126660
    0.836011     0.221174    -0.133938
    0.830875     0.260184    -0.133938
    0.828172     0.264464    -0.137940
    0.825957     0.311713    -0.090396
    0.817440     0.276308    -0.153901
    0.797672     0.324033    -0.153901
    0.825108     0.267460    -0.142936
    0.796254     0.325539    -0.155356
    0.788036     0.362460    -0.109050
    0.774153     0.339263    -0.181997
    0.746325     0.375529    -0.181997
    0.747990     0.377194    -0.175222
    0.784802     0.330862    -0.172320
    0.737643     0.405316    -0.128753
    0.730387     0.377769    -0.204999
    0.692471     0.406863    -0.204999
    0.690177     0.411800    -0.197686
    0.692622     0.415338    -0.185219
    0.601871     0.448377    -0.197686
    0.557025     0.487241    -0.142110
    0.532509     0.501049    -0.124741
    0.486502     0.530106    -0.081712
    0.153811     0.579859    -0.063419
    0.168337     0.571993    -0.081712
    0.055146     0.622609     0.040863
   -0.040860     0.614183     0.048745
   -0.234092     0.588743     0.048745
   -0.338166     0.554384     0.017466
   -0.357931     0.549037     0.022675
   -0.495260     0.474917     0.003500
   -0.500969     0.467680    -0.003076
   -0.541000     0.436963    -0.003076
   -0.599798     0.376928    -0.006310
   -0.544275     0.432451    -0.006310
   -0.638978     0.324054    -0.009514
   -0.602690     0.371346    -0.009514
   -0.640899     0.320018    -0.011418
   -0.723632     0.161831    -0.004270
   -0.712460     0.188802    -0.004270
   -0.737396     0.110958    -0.017678
   -0.760210    -0.065351    -0.025992
   -0.758441    -0.051915    -0.025992
   -0.737206    -0.344096    -0.115465
   -0.730632    -0.364499    -0.127414
   -0.722581    -0.425649    -0.127414
   -0.707373    -0.450741    -0.148759
   -0.705565    -0.489311    -0.109948
   -0.712646    -0.441380    -0.142127
   -0.689646    -0.496244    -0.145690
   -0.701163    -0.457907    -0.157640
   -0.687477    -0.490949    -0.157640
   -0.687863    -0.495012    -0.151973
   -0.644157    -0.554627    -0.147280
   -0.643003    -0.553474    -0.151973
   -0.639984    -0.553898    -0.156330
   -0.639271    -0.554267    -0.156739
   -0.548189    -0.624157    -0.156739
   -0.540553    -0.627790    -0.160341
   -0.530212    -0.651532    -0.107034
   -0.467118    -0.654491    -0.170522
   -0.527446    -0.626545    -0.178624
   -0.471664    -0.649650    -0.178624
   -0.467058    -0.654361    -0.170945
   -0.404603    -0.677075    -0.126414
   -0.439964    -0.657928    -0.170945
   -0.355847    -0.698201    -0.074883
   -0.324511    -0.695450    -0.072310
   -0.184421    -0.703930     0.010422
   -0.248744    -0.685475    -0.072310
   -0.088509    -0.677981     0.035700
    0.089816    -0.604117     0.035700
    0.404186    -0.441224     0.031577
    0.429897    -0.428991     0.043703
    0.596246    -0.301663     0.044429
    0.594982    -0.302317     0.043703
    0.754527    -0.112403     0.007534
    0.783588    -0.074530     0.007534
    0.814711    -0.009114    -0.023318
    0.814177    -0.003493    -0.031159
    0.832969     0.060101    -0.051839
    0.834241     0.063171    -0.051839
    0.841707     0.150865    -0.104778
    0.841539     0.152582    -0.105989
    0.843152     0.169336    -0.107809
    0.845000     0.183368    -0.107809
    0.818233     0.240481    -0.162442
    0.831235     0.221174    -0.142874
    0.803849     0.256738    -0.183107
    0.800272     0.279319    -0.183107
    0.783296     0.297765    -0.200232
    0.757863     0.314621    -0.225828
    0.741846     0.346054    -0.225828
    0.776308     0.301384    -0.208050
    0.729640     0.354635    -0.234923
    0.727280     0.374661    -0.213883
    0.720371     0.355100    -0.245408
    0.705683     0.362048    -0.254626
    0.689493     0.378239    -0.254626
    0.690124     0.379040    -0.252920
    0.686883     0.394458    -0.232002
    0.663538     0.370876    -0.285908
    0.643665     0.376194    -0.293212
    0.614303     0.391155    -0.293212
    0.611796     0.391782    -0.293968
    0.500591     0.384780    -0.337040
    0.301212     0.416358    -0.337040
    0.278613     0.436354    -0.308313
    0.589199     0.379719    -0.321337
    0.580901     0.377911    -0.326802
    0.168337     0.510613    -0.196546
    0.095796     0.504685    -0.189770
   -0.239996     0.454064    -0.185284
   -0.345850     0.510568    -0.057074
   -0.204811     0.457074    -0.189770
   -0.355828     0.508075    -0.054068
   -0.492381     0.438497    -0.054068
   -0.506275     0.442439    -0.037322
   -0.523090     0.434948    -0.028568
   -0.604524     0.355784    -0.025864
   -0.600216     0.357822    -0.028568
   -0.638912     0.320435    -0.014113
   -0.631682     0.325518    -0.019501
   -0.711929     0.177131    -0.014113
   -0.728218     0.112568    -0.033291
   -0.727991     0.112868    -0.033479
   -0.750072    -0.084759    -0.049739
   -0.739253    -0.016452    -0.049739
   -0.703371    -0.404981    -0.168444
   -0.683797    -0.460953    -0.187183
   -0.690327    -0.419723    -0.187183
   -0.679805    -0.465291    -0.191211
   -0.680836    -0.487958    -0.172095
   -0.646914    -0.495088    -0.218117
   -0.653961    -0.478673    -0.220119
   -0.645974    -0.494347    -0.220119
   -0.611780    -0.496062    -0.258801
   -0.542128    -0.565715    -0.258801
   -0.535060    -0.568863    -0.262480
   -0.524371    -0.619718    -0.193485
   -0.473580    -0.617407    -0.236319
   -0.532969    -0.568270    -0.265001
   -0.469760    -0.600476    -0.265001
   -0.467635    -0.604580    -0.260410
   -0.470588    -0.634467    -0.207295
   -0.440365    -0.626766    -0.229147
   -0.448775    -0.607568    -0.260410
   -0.440365    -0.615009    -0.249720
   -0.439964    -0.628500    -0.226002
   -0.249339    -0.677073    -0.088176
   -0.294879    -0.591966    -0.249720
   -0.239591    -0.621479    -0.182755
   -0.130090    -0.594110    -0.149757
    0.425286    -0.340843    -0.104612
    0.317854    -0.365871    -0.149757
    0.418533    -0.338927    -0.112751
    0.481838    -0.315651    -0.075169
    0.763803    -0.033685    -0.075169
    0.773438    -0.012057    -0.086429
    0.772209    -0.007722    -0.091653
    0.830821     0.107311    -0.091653
    0.825441     0.182739    -0.142515
    0.830921     0.217338    -0.142515
    0.763034     0.260623    -0.232089
    0.780231     0.256738    -0.211885
    0.747577     0.260623    -0.249469
    0.746969     0.261101    -0.250046
    0.735889     0.316804    -0.250046
    0.718215     0.330844    -0.262259
    0.696146     0.337845    -0.278217
    0.678802     0.363803    -0.278217
    0.705800     0.333520    -0.272011
    0.663559     0.370548    -0.286196
    0.622115     0.369393    -0.312666
    0.615662     0.373705    -0.312666
    0.643250     0.364276    -0.304404
    0.461624     0.336341    -0.400217
    0.397983     0.340847    -0.409384
    0.377928     0.344837    -0.409384
    0.563763     0.365640    -0.344431
    0.301212     0.350573    -0.417199
    0.242281     0.311486    -0.453454
    0.275208     0.327288    -0.440554
    0.243200     0.311554    -0.453548
   -0.084625     0.251796    -0.447455
   -0.225138     0.352400    -0.302915
   -0.246161     0.392008    -0.253679
   -0.042968     0.254746    -0.453454
   -0.475712     0.412415    -0.094207
   -0.324451     0.286041    -0.302915
   -0.432377     0.319370    -0.206157
   -0.478759     0.365752    -0.135158
   -0.613786     0.124214    -0.159349
   -0.576131     0.104228    -0.206157
   -0.631091    -0.348610    -0.245639
   -0.548651     0.065846    -0.245639
   -0.636409    -0.419723    -0.252883
   -0.634233    -0.422152    -0.255065
   -0.652573    -0.478473    -0.221849
   -0.603916    -0.445949    -0.283831
   -0.597821    -0.476588    -0.283831
   -0.609444    -0.482757    -0.269383
   -0.610558    -0.495281    -0.260682
   -0.553100    -0.486225    -0.318960
   -0.544152    -0.499617    -0.318960
   -0.531702    -0.505126    -0.325476
   -0.528078    -0.560617    -0.276777
   -0.468240    -0.555298    -0.318348
   -0.516879    -0.500548    -0.338765
   -0.459522    -0.538873    -0.338765
   -0.466199    -0.575838    -0.295710
   -0.448775    -0.570164    -0.305987
   -0.457174    -0.537192    -0.341180
   -0.442006    -0.540209    -0.341180
   -0.432887    -0.532044    -0.349370
   -0.297152    -0.576244    -0.269316
   -0.398994    -0.488864    -0.390340
   -0.385622    -0.474620    -0.403364
   -0.285069    -0.454619    -0.403364
   -0.251828    -0.412777    -0.432276
   -0.174297    -0.341471    -0.469195
   -0.113090    -0.327560    -0.449140
    0.272671    -0.069803    -0.449140
    0.400552    -0.038840    -0.399143
    0.437384    -0.050215    -0.366123
    0.501960    -0.021640    -0.332321
    0.766917    -0.004340    -0.099797
    0.618655     0.153006    -0.332321
    0.670106     0.176060    -0.299244
    0.733472     0.189715    -0.249469
    0.750467     0.180694    -0.228344
    0.803285     0.185942    -0.170131
    0.679650     0.261101    -0.305294
    0.649254     0.253475    -0.328994
    0.628344     0.331514    -0.328994
    0.641201     0.340139    -0.317912
    0.602184     0.330205    -0.343164
    0.567621     0.364767    -0.343164
    0.357855     0.319277    -0.432999
    0.346599     0.322293    -0.432999
    0.433188     0.315104    -0.421300
    0.087373     0.207680    -0.513357
    0.210310     0.276332    -0.477085
    0.079912     0.202068    -0.515998
   -0.041676     0.169488    -0.515998
   -0.047267     0.169178    -0.515129
   -0.058555     0.177609    -0.506760
   -0.086013     0.218537    -0.471482
   -0.272802     0.234392    -0.366946
   -0.134826     0.101338    -0.506760
   -0.265575     0.149255    -0.414593
   -0.329513     0.068813    -0.407021
   -0.526114     0.060605    -0.264990
   -0.375582    -0.356272    -0.456580
   -0.220267    -0.035643    -0.507287
   -0.279514    -0.256756    -0.507287
   -0.322915    -0.314450    -0.486872
   -0.454353    -0.430648    -0.404076
   -0.515340    -0.445949    -0.356523
   -0.379725    -0.360964    -0.453946
   -0.527756    -0.480332    -0.340721
   -0.507359    -0.481183    -0.355456
   -0.452556    -0.437353    -0.404076
   -0.463129    -0.451510    -0.393580
   -0.508272    -0.491941    -0.349436
   -0.451086    -0.487087    -0.381440
   -0.441637    -0.473003    -0.393580
   -0.450239    -0.507368    -0.366788
   -0.423794    -0.459677    -0.406809
   -0.384514    -0.470202    -0.406809
   -0.310956    -0.391427    -0.459451
   -0.309785    -0.389403    -0.460699
   -0.275776    -0.346574    -0.485333
   -0.268146    -0.340835    -0.488033
   -0.173208    -0.315396    -0.488033
   -0.144935    -0.267518    -0.509575
   -0.033798    -0.153900    -0.538825
   -0.002990    -0.127918    -0.542835
    0.068397    -0.086948    -0.537834
    0.179205    -0.061869    -0.501448
    0.272796     0.031722    -0.501448
    0.392065     0.061155    -0.455106
    0.415667     0.084243    -0.449029
    0.525529     0.149118    -0.399599
    0.535327     0.185683    -0.399599
    0.643943     0.248515    -0.332543
    0.525093     0.185683    -0.405069
    0.572148     0.318447    -0.360903
    0.446792     0.160987    -0.443384
    0.398065     0.278626    -0.443384
    0.433141     0.313702    -0.421915
    0.309185     0.242722    -0.474857
    0.232029     0.274681    -0.474857
    0.027624     0.144926    -0.539052
    0.038700     0.154132    -0.535717
    0.021945     0.137653    -0.541181
   -0.045241     0.109823    -0.541181
   -0.105945     0.033858    -0.547659
   -0.059454     0.074753    -0.550034
   -0.100534     0.033673    -0.550034
   -0.158661    -0.116438    -0.551787
   -0.189222    -0.030211    -0.523102
   -0.101899     0.009010    -0.553865
   -0.149090    -0.104920    -0.553865
   -0.240752    -0.223431    -0.523232
   -0.172366    -0.141161    -0.548003
   -0.410073    -0.420723    -0.429166
   -0.393853    -0.400825    -0.440685
   -0.319152    -0.323534    -0.486872
   -0.320908    -0.327880    -0.485333
   -0.410219    -0.425000    -0.427288
   -0.191057    -0.251171    -0.524918
   -0.184388    -0.235463    -0.530521
   -0.162243    -0.207103    -0.538825
    0.130001    -0.025344    -0.537834
    0.270969     0.031785    -0.502250
    0.288612     0.074377    -0.502250
    0.402089     0.122553    -0.461774
    0.249096     0.074377    -0.514237
    0.290996     0.224533    -0.482660
    0.124620     0.014759    -0.544506
    0.015397     0.123982    -0.544506
   -0.035663     0.068115    -0.555037
   -0.042278     0.041733    -0.558287
   -0.096031    -0.012019    -0.558287
   -0.102730    -0.062548    -0.562604
   -0.249153    -0.253535    -0.516901
   -0.144166    -0.169361    -0.548003
   -0.097764    -0.118591    -0.557573
   -0.056175    -0.113077    -0.554020
    0.049839    -0.007063    -0.554020
    0.119991     0.010528    -0.545378
   -0.042278    -0.007063    -0.563093
   -0.097764    -0.062548    -0.563093
     1      2      3
     1      3      4
     1      4      5
     1      5      6
     4      3      7
     4      7      8
     4      8      9
     9      8     10
     9     10     11
     9     11     12
    13      5      4
    13      4      9
    13      9     12
    13     12     14
    15     16     17
    15     17     18
    15     18     19
    17     20      1
    17      1      6
    17      6     21
    17     21     18
    22     23     24
    22     24     25
    22     25      2
    22      2      1
    22      1     20
    25     26     27
    25     27      7
    25      7      3
    25      3      2
     7     27     28
     7     28     29
     7     29     10
     7     10      8
    29     28     30
    29     30     31
    32     33     34
    32     34     35
    32     35     36
    11     10     29
    11     29     31
    11     31     33
    11     33     32
    14     12     11
    14     11     32
    14     32     36
    14     36     37
    14     37     38
    39     40     13
    39     13     14
    39     14     38
    39     38     41
    39     41     42
    39     42     43
    39     43     44
    21      6      5
    21      5     13
    21     13     40
    19     18     21
    19     21     40
    19     40     39
    19     39     45
    46     47     48
    46     48     49
    46     49     50
    46     50     51
    49     52     16
    49     16     15
    49     15     50
    48     53     54
    48     54     52
    48     52     49
    54     55     56
    54     56     22
    54     22     20
    54     20     17
    54     17     16
    54     16     52
    56     57     58
    56     58     59
    56     59     60
    56     60     61
    56     61     23
    56     23     22
    61     62     63
    61     63     64
    61     64     65
    61     65     24
    61     24     23
    24     65     66
    24     66     67
    24     67     68
    24     68     26
    24     26     25
    66     69     70
    66     70     67
    68     71     30
    68     30     28
    68     28     27
    68     27     26
    31     30     71
    31     71     72
    31     72     34
    31     34     33
    73     74     75
    73     75     76
    73     76     77
    36     35     74
    36     74     73
    36     73     37
    77     76     78
    77     78     79
    77     79     80
    38     37     73
    38     73     77
    38     77     80
    38     80     81
    38     81     82
    38     82     41
    83     42     41
    83     41     82
    83     82     84
    83     84     85
    83     85     86
    83     86     87
    83     87     88
    83     88     89
    90     91     43
    90     43     42
    90     42     83
    44     43     91
    44     91     92
    44     92     93
    44     93     94
    94     93     95
    94     95     96
    97     45     39
    97     39     44
    97     44     94
    97     94     96
    97     96     98
    97     98     99
    51     50     15
    51     15     19
    51     19     45
    51     45     97
    51     97    100
   101    102    103
   101    103    104
   101    104     47
   101     47     46
   104    105    106
   104    106     53
   104     53     48
   104     48     47
   107    108    106
   107    106    105
   106    108    109
   106    109     55
   106     55     54
   106     54     53
   110     57     56
   110     56     55
   110     55    109
   111    112    113
   111    113     59
   111     59     58
   111     58    114
   111    114    115
    59    113    116
    59    116    117
    59    117    118
    59    118    119
    59    119    120
    59    120     60
    60    120    121
    60    121    122
    60    122     62
    60     62     61
   122    123    124
   122    124    125
   122    125    126
   122    126     63
   122     63     62
    63    126    127
    63    127    128
    63    128     64
    64    128    129
    64    129     69
    64     69     66
    64     66     65
   129    130    131
   129    131    132
   129    132    133
   129    133     70
   129     70     69
    67     70    133
    67    133    134
    67    134     72
    67     72     71
    67     71     68
    34     72    134
    34    134    135
    34    135     75
    34     75     74
    34     74     35
    78    136    137
    78    137    138
    78    138    139
    78    139     79
    75    135    140
    75    140    136
    75    136     78
    75     78     76
   139    138    141
   139    141    142
   139    142    143
    80     79    139
    80    139    143
    80    143    144
    80    144    145
    80    145     81
    82     81    145
    82    145    146
    82    146    147
    82    147     84
    84    147    148
    84    148    149
    84    149    150
    84    150     85
    86     85    150
    86    150    151
    86    151    152
    86    152    153
    86    153    154
   155     89     88
   155     88    156
   157    158     90
   157     90     83
   157     83     89
   157     89    155
    92    159    160
    92    160     95
    92     95     93
    96     95    160
    96    160    161
    96    161    162
    96    162    163
    96    163     98
    99     98    163
    99    163    164
    99    164    165
   166    100     97
   166     97     99
   166     99    165
   166    165    167
   166    167    168
   169    170    101
   169    101     46
   169     46     51
   169     51    100
   169    100    166
   169    166    171
   172    173    174
   172    174    170
   172    170    169
   174    175    102
   174    102    101
   174    101    170
   176    177    103
   176    103    102
   176    102    175
   176    175    178
   103    177    179
   103    179    107
   103    107    105
   103    105    104
   180    181    110
   180    110    109
   180    109    108
   180    108    107
   180    107    179
   182    114     58
   182     58     57
   182     57    110
   182    110    181
   183    115    114
   183    114    182
   184    185    116
   184    116    113
   184    113    112
   116    185    186
   116    186    187
   116    187    117
   119    188    189
   119    189    121
   119    121    120
   121    189    190
   121    190    123
   121    123    122
   125    191    192
   125    192    127
   125    127    126
   127    192    193
   127    193    194
   127    194    130
   127    130    129
   127    129    128
   193    195    196
   193    196    194
   194    196    197
   194    197    198
   194    198    131
   194    131    130
   132    131    198
   132    198    199
   132    199    200
   132    200    201
   132    201    202
   134    133    132
   134    132    202
   134    202    203
   134    203    204
   134    204    205
   134    205    206
   134    206    140
   134    140    135
   140    206    207
   140    207    208
   140    208    209
   140    209    210
   140    210    137
   140    137    136
   209    211    212
   209    212    213
   209    213    210
   137    210    213
   137    213    141
   137    141    138
   141    213    212
   141    212    214
   141    214    215
   141    215    216
   141    216    142
   143    142    216
   143    216    217
   143    217    218
   143    218    144
   145    144    218
   145    218    219
   145    219    220
   145    220    146
   146    220    221
   146    221    222
   146    222    223
   146    223    148
   146    148    147
   148    223    224
   148    224    225
   148    225    149
   150    149    225
   150    225    226
   150    226    227
   150    227    151
   152    151    227
   152    227    228
   152    228    229
   230     87     86
   230     86    154
   230    154    231
   156     88     87
   156     87    230
   232    159     92
   232     92     91
   232     91     90
   232     90    158
   161    160    159
   161    159    232
   161    232    233
   234    164    163
   234    163    162
   234    162    235
   165    164    234
   165    234    236
   165    236    237
   165    237    167
   168    167    237
   168    237    238
   168    238    239
   168    239    240
   241    171    166
   241    166    168
   241    168    240
   241    240    242
   241    242    243
   241    243    244
   245    246    172
   245    172    169
   245    169    171
   245    171    241
   245    241    247
   248    249    250
   248    250    246
   248    246    245
   248    245    251
   248    251    252
   250    253    173
   250    173    172
   250    172    246
   254    255    256
   254    256    257
   254    257    253
   254    253    250
   254    250    249
   257    178    175
   257    175    174
   257    174    173
   257    173    253
   256    258    259
   256    259    176
   256    176    178
   256    178    257
   259    260    261
   259    261    180
   259    180    179
   259    179    177
   259    177    176
   261    262    263
   261    263    183
   261    183    182
   261    182    181
   261    181    180
   263    264    265
   263    265    111
   263    111    115
   263    115    183
   265    266    267
   265    267    184
   265    184    112
   265    112    111
   267    268    269
   267    269    186
   267    186    185
   267    185    184
   269    270    271
   269    271    187
   269    187    186
   118    272    273
   118    273    188
   118    188    119
   273    274    190
   273    190    189
   273    189    188
   124    275    276
   124    276    191
   124    191    125
   276    277    195
   276    195    193
   276    193    192
   276    192    191
   278    279    280
   278    280    197
   278    197    196
   278    196    195
   278    195    277
   198    197    280
   198    280    199
   200    281    282
   200    282    283
   200    283    201
   202    201    283
   202    283    284
   202    284    285
   202    285    203
   203    285    286
   203    286    287
   203    287    204
   205    288    289
   205    289    290
   205    290    291
   205    291    292
   205    292    207
   205    207    206
   207    292    293
   207    293    294
   207    294    295
   207    295    296
   207    296    208
   208    296    297
   208    297    298
   208    298    211
   208    211    209
   212    211    298
   212    298    299
   212    299    300
   212    300    214
   214    300    301
   214    301    302
   214    302    215
   216    215    302
   216    302    303
   216    303    217
   218    217    303
   218    303    304
   218    304    305
   218    305    306
   218    306    219
   219    306    307
   219    307    308
   219    308    309
   219    309    221
   219    221    220
   221    309    310
   221    310    311
   221    311    222
   222    311    312
   222    312    313
   222    313    224
   222    224    223
   225    224    313
   225    313    314
   225    314    315
   225    315    226
   227    226    315
   227    315    316
   227    316    317
   227    317    228
   229    228    317
   229    317    318
   229    318    319
   229    319    320
   321    153    152
   321    152    229
   321    229    320
   321    320    322
   321    322    323
   231    154    153
   231    153    321
   231    321    324
   325    326    157
   325    157    155
   325    155    156
   325    156    230
   325    230    231
   325    231    324
   325    324    327
   328    233    232
   328    232    158
   328    158    157
   328    157    326
   328    326    329
   235    162    161
   235    161    233
   235    233    328
   235    328    330
   331    236    234
   331    234    235
   331    235    330
   331    330    332
   238    237    236
   238    236    331
   238    331    333
   334    242    240
   334    240    239
   334    239    335
   243    242    334
   243    334    336
   337    247    241
   337    241    244
   337    244    338
   337    338    339
   340    251    245
   340    245    247
   340    247    337
   341    342    343
   341    343    248
   341    248    252
   341    252    344
   343    345    346
   343    346    254
   343    254    249
   343    249    248
   347    348    349
   347    349    346
   347    346    345
   346    349    350
   346    350    255
   346    255    254
   351    352    350
   351    350    349
   351    349    348
   350    352    353
   350    353    354
   350    354    258
   350    258    256
   350    256    255
   355    356    357
   355    357    260
   355    260    259
   355    259    258
   355    258    354
   357    358    359
   357    359    262
   357    262    261
   357    261    260
   359    360    361
   359    361    362
   359    362    363
   359    363    264
   359    264    263
   359    263    262
   363    364    266
   363    266    265
   363    265    264
   365    366    367
   365    367    268
   365    268    267
   365    267    266
   365    266    364
   367    368    270
   367    270    269
   367    269    268
   271    270    368
   271    368    369
   271    369    370
   117    187    271
   117    271    370
   117    370    371
   117    371    372
   117    372    373
   117    373    374
   117    374    272
   117    272    118
   374    375    274
   374    274    273
   374    273    272
   376    377    275
   376    275    124
   376    124    123
   376    123    190
   376    190    274
   376    274    375
   376    375    378
   379    380    381
   379    381    278
   379    278    277
   379    277    276
   379    276    275
   379    275    377
   382    383    384
   382    384    385
   382    385    279
   382    279    278
   382    278    381
   199    280    279
   199    279    385
   199    385    281
   199    281    200
   385    384    386
   385    386    282
   385    282    281
   283    282    386
   283    386    387
   283    387    284
   284    387    388
   284    388    389
   284    389    286
   284    286    285
   204    287    390
   204    390    391
   204    391    288
   204    288    205
   391    392    289
   391    289    288
   291    393    394
   291    394    293
   291    293    292
   294    293    394
   294    394    395
   294    395    396
   397    297    296
   397    296    295
   397    295    398
   399    299    298
   399    298    297
   399    297    397
   399    397    400
   301    300    299
   301    299    399
   301    399    401
   301    401    402
   303    302    301
   303    301    402
   303    402    403
   303    403    304
   304    403    404
   304    404    405
   304    405    406
   304    406    305
   305    406    407
   305    407    307
   305    307    306
   307    407    408
   307    408    409
   307    409    410
   307    410    411
   307    411    308
   310    309    308
   310    308    411
   310    411    412
   310    412    413
   414    312    311
   414    311    310
   414    310    413
   414    413    415
   414    415    416
   417    314    313
   417    313    312
   417    312    414
   315    314    417
   315    417    418
   315    418    419
   315    419    420
   315    420    316
   317    316    420
   317    420    421
   317    421    318
   318    421    422
   318    422    423
   318    423    319
   320    319    423
   320    423    424
   320    424    425
   320    425    426
   320    426    322
   323    322    426
   323    426    427
   323    427    428
   327    324    321
   327    321    323
   327    323    428
   327    428    429
   327    429    430
   327    430    431
   432    433    434
   432    434    325
   432    325    327
   432    327    431
   432    431    435
   436    329    326
   436    326    325
   436    325    434
   436    434    437
   436    437    438
   332    330    328
   332    328    329
   332    329    436
   332    436    439
   332    439    440
   441    333    331
   441    331    332
   441    332    440
   441    440    442
   335    239    238
   335    238    333
   335    333    441
   335    441    443
   444    336    334
   444    334    335
   444    335    443
   444    443    445
   446    338    244
   446    244    243
   446    243    336
   446    336    444
   446    444    447
   339    338    446
   339    446    448
   339    448    449
   450    451    340
   450    340    337
   450    337    339
   450    339    449
   450    449    452
   344    252    251
   344    251    340
   344    340    451
   344    451    453
   454    455    456
   454    456    457
   454    457    458
   454    458    342
   454    342    341
   458    459    460
   458    460    347
   458    347    345
   458    345    343
   458    343    342
   461    462    460
   461    460    459
   460    462    463
   460    463    351
   460    351    348
   460    348    347
   464    465    463
   464    463    462
   464    462    461
   466    353    352
   466    352    351
   466    351    463
   466    463    465
   467    468    469
   467    469    355
   467    355    354
   467    354    353
   467    353    466
   469    470    471
   469    471    472
   469    472    356
   469    356    355
   472    473    474
   472    474    475
   472    475    358
   472    358    357
   472    357    356
   475    476    360
   475    360    359
   475    359    358
   477    478    361
   477    361    360
   477    360    476
   362    479    365
   362    365    364
   362    364    363
   480    481    366
   480    366    365
   480    365    479
   482    369    368
   482    368    367
   482    367    366
   482    366    481
   483    371    370
   483    370    369
   483    369    482
   484    485    373
   484    373    372
   484    372    486
   378    375    374
   378    374    373
   378    373    485
   378    485    487
   378    487    488
   489    490    376
   489    376    378
   489    378    488
   489    488    491
   489    491    492
   493    494    379
   493    379    377
   493    377    376
   493    376    490
   495    380    379
   495    379    494
   495    494    496
   495    496    497
   495    497    498
   499    500    382
   499    382    381
   499    381    380
   499    380    495
   501    383    382
   501    382    500
   501    500    502
   503    388    387
   503    387    386
   503    386    384
   503    384    383
   503    383    501
   504    505    389
   504    389    388
   504    388    503
   286    389    505
   286    505    506
   286    506    507
   286    507    390
   286    390    287
   390    507    508
   390    508    509
   390    509    392
   390    392    391
   289    392    509
   289    509    510
   289    510    511
   289    511    290
   512    393    291
   512    291    290
   512    290    511
   512    511    513
   514    515    395
   514    395    394
   514    394    393
   514    393    512
   396    395    515
   396    515    516
   396    516    517
   518    398    295
   518    295    294
   518    294    396
   518    396    517
   518    517    519
   520    400    397
   520    397    398
   520    398    518
   520    518    521
   522    523    401
   522    401    399
   522    399    400
   522    400    520
   402    401    523
   402    523    524
   402    524    404
   402    404    403
   404    524    525
   404    525    526
   404    526    527
   404    527    405
   405    527    528
   405    528    408
   405    408    407
   405    407    406
   408    528    529
   408    529    530
   408    530    531
   408    531    409
   410    409    531
   410    531    532
   410    532    533
   412    411    410
   412    410    533
   412    533    534
   412    534    535
   415    413    412
   415    412    535
   415    535    536
   415    536    537
   538    416    415
   538    415    537
   538    537    539
   540    418    417
   540    417    414
   540    414    416
   540    416    538
   540    538    541
   542    419    418
   542    418    540
   542    540    543
   542    543    544
   545    422    421
   545    421    420
   545    420    419
   545    419    542
   423    422    545
   423    545    546
   423    546    547
   423    547    424
   425    424    547
   425    547    548
   425    548    549
   550    551    427
   550    427    426
   550    426    425
   550    425    549
   550    549    552
   428    427    551
   428    551    553
   428    553    554
   428    554    429
   430    429    554
   430    554    555
   437    434    433
   437    433    556
   557    438    437
   557    437    556
   557    556    558
   557    558    559
   557    559    560
   561    562    439
   561    439    436
   561    436    438
   561    438    557
   442    440    439
   442    439    562
   442    562    563
   442    563    564
   445    443    441
   445    441    442
   445    442    564
   445    564    565
   445    565    566
   567    447    444
   567    444    445
   567    445    566
   567    566    568
   569    448    446
   569    446    447
   569    447    567
   569    567    570
   452    449    448
   452    448    569
   452    569    571
   572    573    450
   572    450    452
   572    452    571
   572    571    574
   575    453    451
   575    451    450
   575    450    573
   576    577    454
   576    454    341
   576    341    344
   576    344    453
   576    453    575
   578    456    455
   578    455    579
   580    581    582
   580    582    583
   580    583    584
   580    584    457
   580    457    456
   580    456    578
   457    584    585
   457    585    464
   457    464    461
   457    461    459
   457    459    458
   583    586    587
   583    587    585
   583    585    584
   585    587    467
   585    467    466
   585    466    465
   585    465    464
   588    589    468
   588    468    467
   588    467    587
   588    587    586
   590    470    469
   590    469    468
   590    468    589
   591    592    593
   591    593    471
   591    471    470
   591    470    590
   593    594    473
   593    473    472
   593    472    471
   595    596    597
   595    597    474
   595    474    473
   595    473    594
   474    597    598
   474    598    477
   474    477    476
   474    476    475
   598    599    600
   598    600    478
   598    478    477
   361    478    600
   361    600    601
   361    601    602
   361    602    480
   361    480    479
   361    479    362
   602    603    483
   602    483    482
   602    482    481
   602    481    480
   486    372    371
   486    371    483
   486    483    603
   604    487    485
   604    485    484
   604    484    605
   488    487    604
   488    604    606
   488    606    491
   607    608    493
   607    493    490
   607    490    489
   609    496    494
   609    494    493
   609    493    608
   610    498    497
   610    497    611
   610    611    612
   613    614    499
   613    499    495
   613    495    498
   613    498    610
   615    502    500
   615    500    499
   615    499    614
   615    614    616
   617    618    504
   617    504    503
   617    503    501
   617    501    502
   617    502    615
   506    505    504
   506    504    618
   506    618    619
   506    619    620
   506    620    621
   622    508    507
   622    507    506
   622    506    621
   622    621    623
   624    510    509
   624    509    508
   624    508    622
   624    622    625
   513    511    510
   513    510    624
   513    624    626
   513    626    627
   628    629    514
   628    514    512
   628    512    513
   628    513    627
   628    627    630
   516    515    514
   516    514    629
   516    629    631
   516    631    632
   519    517    516
   519    516    632
   519    632    633
   634    521    518
   634    518    519
   634    519    633
   634    633    635
   634    635    636
   637    638    522
   637    522    520
   637    520    521
   637    521    634
   639    525    524
   639    524    523
   639    523    522
   639    522    638
   639    638    640
   641    642    643
   641    643    526
   641    526    525
   641    525    639
   529    528    527
   529    527    526
   529    526    643
   529    643    644
   529    644    645
   646    645    644
   646    644    647
   646    647    648
   649    530    529
   649    529    645
   649    645    646
   532    531    530
   532    530    649
   532    649    650
   534    533    532
   534    532    650
   534    650    651
   534    651    652
   536    535    534
   536    534    652
   536    652    653
   536    653    654
   539    537    536
   539    536    654
   539    654    655
   656    541    538
   656    538    539
   656    539    655
   656    655    657
   656    657    658
   659    543    540
   659    540    541
   659    541    656
   659    656    660
   661    544    543
   661    543    659
   661    659    662
   663    546    545
   663    545    542
   663    542    544
   663    544    661
   548    547    546
   548    546    663
   548    663    664
   552    549    548
   552    548    664
   552    664    665
   552    665    666
   553    551    550
   553    550    667
   555    554    553
   555    553    667
   555    667    668
   558    556    433
   558    433    432
   560    559    669
   560    669    670
   563    562    561
   563    561    671
   563    671    672
   565    564    563
   565    563    672
   565    672    673
   568    566    565
   568    565    673
   568    673    674
   568    674    675
   568    675    676
   677    570    567
   677    567    568
   677    568    676
   677    676    678
   574    571    569
   574    569    570
   574    570    677
   574    677    679
   680    681    682
   680    682    572
   680    572    574
   680    574    679
   682    683    576
   682    576    575
   682    575    573
   682    573    572
   684    685    686
   684    686    687
   684    687    577
   684    577    576
   684    576    683
   687    579    455
   687    455    454
   687    454    577
   688    689    581
   688    581    580
   690    691    582
   690    582    581
   690    581    689
   582    691    692
   582    692    693
   582    693    588
   582    588    586
   582    586    583
   694    695    693
   694    693    692
   694    692    696
   693    695    697
   693    697    698
   693    698    591
   693    591    590
   693    590    589
   693    589    588
   699    700    701
   699    701    698
   699    698    697
   699    697    702
   698    701    703
   698    703    592
   698    592    591
   704    705    706
   704    706    707
   704    707    703
   704    703    701
   704    701    700
   703    707    595
   703    595    594
   703    594    593
   703    593    592
   706    708    709
   706    709    596
   706    596    595
   706    595    707
   710    711    599
   710    599    598
   710    598    597
   710    597    596
   710    596    709
   712    601    600
   712    600    599
   712    599    711
   712    711    713
   714    605    484
   714    484    486
   714    486    603
   714    603    602
   714    602    601
   714    601    712
   715    606    604
   715    604    605
   715    605    714
   492    491    606
   492    606    715
   492    715    716
   717    718    609
   717    609    608
   717    608    607
   611    497    496
   611    496    609
   611    609    718
   719    616    614
   719    614    613
   720    721    617
   720    617    615
   720    615    616
   720    616    719
   722    619    618
   722    618    617
   722    617    721
   722    721    723
   724    620    619
   724    619    722
   724    722    725
   623    621    620
   623    620    724
   623    724    726
   727    626    624
   727    624    625
   727    625    728
   630    627    626
   630    626    727
   630    727    729
   730    631    629
   730    629    628
   730    628    731
   633    632    631
   633    631    730
   633    730    635
   732    640    638
   732    638    637
   733    734    641
   733    641    639
   733    639    640
   733    640    732
   735    736    642
   735    642    641
   735    641    734
   735    734    737
   738    736    735
   738    735    739
   738    739    740
   738    740    741
   647    644    643
   647    643    642
   647    642    736
   647    736    738
   742    648    647
   742    647    738
   742    738    741
   742    741    743
   651    650    649
   651    649    646
   651    646    648
   651    648    742
   653    652    651
   653    651    742
   653    742    743
   653    743    744
   653    744    745
   653    745    746
   655    654    653
   655    653    746
   655    746    747
   655    747    748
   655    748    657
   749    748    747
   749    747    750
   749    750    751
   749    751    752
   658    657    748
   658    748    749
   753    660    656
   753    656    658
   753    658    749
   753    749    752
   753    752    754
   755    662    659
   755    659    660
   755    660    753
   665    664    663
   665    663    661
   665    661    662
   665    662    755
   665    755    756
   757    666    665
   757    665    756
   757    756    758
   668    667    550
   668    550    552
   668    552    666
   668    666    757
   668    757    759
   435    431    430
   435    430    555
   435    555    668
   435    668    759
   435    759    760
   670    669    761
   670    761    762
   763    671    561
   763    561    557
   763    557    560
   763    560    670
   763    670    762
   763    762    764
   673    672    671
   673    671    763
   673    763    674
   678    676    675
   678    675    765
   678    765    766
   679    677    678
   679    678    766
   679    766    767
   679    767    680
   680    767    768
   680    768    769
   680    769    770
   680    770    681
   681    770    684
   681    684    683
   681    683    682
   771    772    773
   771    773    774
   771    774    686
   771    686    685
   686    774    688
   686    688    580
   686    580    578
   686    578    579
   686    579    687
   775    696    692
   775    692    691
   775    691    690
   775    690    776
   777    778    694
   777    694    696
   777    696    775
   779    702    697
   779    697    695
   779    695    694
   779    694    778
   780    781    699
   780    699    702
   780    702    779
   780    779    782
   783    784    704
   783    704    700
   783    700    699
   783    699    781
   785    786    787
   785    787    788
   785    788    784
   785    784    783
   788    789    705
   788    705    704
   788    704    784
   787    790    791
   787    791    792
   787    792    789
   787    789    788
   792    793    708
   792    708    706
   792    706    705
   792    705    789
   794    795    796
   794    796    710
   794    710    709
   794    709    708
   794    708    793
   794    793    797
   794    797    798
   799    713    711
   799    711    710
   799    710    796
   800    716    715
   800    715    714
   800    714    712
   800    712    713
   800    713    799
   801    802    717
   801    717    607
   801    607    489
   801    489    492
   801    492    716
   801    716    800
   801    800    803
   804    612    611
   804    611    718
   804    718    717
   804    717    802
   805    806    720
   805    720    719
   805    719    613
   805    613    610
   805    610    612
   805    612    804
   807    723    721
   807    721    720
   807    720    806
   808    725    722
   808    722    723
   808    723    807
   808    807    809
   810    726    724
   810    724    725
   810    725    808
   810    808    811
   728    625    622
   728    622    623
   728    623    726
   728    726    810
   728    810    812
   813    729    727
   813    727    728
   813    728    812
   813    812    814
   815    731    628
   815    628    630
   815    630    729
   815    729    813
   815    813    816
   636    635    730
   636    730    731
   636    731    815
   817    737    734
   817    734    733
   818    739    735
   818    735    737
   818    737    817
   818    817    819
   820    821    740
   820    740    739
   820    739    818
   822    821    820
   822    820    823
   822    823    824
   743    741    740
   743    740    821
   743    821    822
   743    822    744
   745    744    822
   745    822    824
   745    824    825
   745    825    826
   747    746    745
   747    745    826
   747    826    827
   747    827    828
   747    828    750
   829    828    827
   829    827    830
   829    830    831
   829    831    832
   751    750    828
   751    828    829
   751    829    833
   834    833    829
   834    829    832
   834    832    835
   834    835    836
   754    752    751
   754    751    833
   754    833    834
   754    834    837
   758    756    755
   758    755    753
   758    753    754
   758    754    837
   758    837    838
   838    837    834
   838    834    836
   838    836    839
   838    839    840
   760    759    757
   760    757    758
   760    758    838
   760    838    840
   760    840    841
   842    761    669
   842    669    559
   842    559    558
   842    558    432
   842    432    435
   842    435    760
   842    760    841
   842    841    843
   842    843    844
   764    762    761
   764    761    842
   764    842    845
   675    674    763
   675    763    764
   675    764    845
   675    845    846
   675    846    765
   766    765    846
   766    846    847
   766    847    768
   766    768    767
   768    847    848
   768    848    849
   768    849    769
   769    849    771
   769    771    685
   769    685    684
   769    684    770
   850    851    773
   850    773    772
   773    851    776
   773    776    690
   773    690    689
   773    689    688
   773    688    774
   852    782    779
   852    779    778
   852    778    777
   852    777    853
   854    855    856
   854    856    780
   854    780    782
   854    782    852
   856    857    785
   856    785    783
   856    783    781
   856    781    780
   858    859    786
   858    786    785
   858    785    857
   858    857    860
   861    790    787
   861    787    786
   861    786    859
   862    863    791
   862    791    790
   862    790    861
   862    861    864
   797    793    792
   797    792    791
   797    791    863
   865    866    867
   865    867    794
   865    794    798
   865    798    868
   867    869    795
   867    795    794
   870    803    800
   870    800    799
   870    799    796
   870    796    795
   870    795    869
   870    869    871
   870    871    872
   873    874    875
   873    875    801
   873    801    803
   873    803    870
   873    870    876
   875    877    805
   875    805    804
   875    804    802
   875    802    801
   878    879    880
   878    880    877
   878    877    875
   878    875    874
   880    809    807
   880    807    806
   880    806    805
   880    805    877
   881    811    808
   881    808    809
   881    809    880
   881    880    879
   881    879    882
   814    812    810
   814    810    811
   814    811    881
   883    816    813
   883    813    814
   883    814    881
   883    881    882
   883    882    884
   885    819    817
   885    817    733
   885    733    732
   885    732    637
   885    637    634
   885    634    636
   885    636    815
   885    815    816
   885    816    883
   886    887    823
   886    823    820
   886    820    818
   886    818    819
   886    819    885
   888    889    890
   888    890    887
   888    887    886
   825    824    823
   825    823    887
   825    887    890
   825    890    891
   891    890    889
   891    889    892
   891    892    893
   827    826    825
   827    825    891
   827    891    893
   827    893    894
   827    894    895
   827    895    830
   896    895    894
   896    894    897
   896    897    898
   831    830    895
   831    895    896
   831    896    899
   900    899    896
   900    896    898
   900    898    901
   900    901    902
   835    832    831
   835    831    899
   835    899    900
   839    836    835
   839    835    900
   839    900    902
   839    902    903
   839    903    904
   904    903    905
   904    905    906
   904    906    907
   841    840    839
   841    839    904
   841    904    907
   841    907    908
   841    908    909
   841    909    910
   841    910    843
   844    843    910
   844    910    911
   844    911    912
   844    912    913
   846    845    842
   846    842    844
   846    844    913
   846    913    914
   846    914    915
   846    915    848
   846    848    847
   914    916    917
   914    917    918
   914    918    919
   914    919    915
   848    915    919
   848    919    920
   848    920    850
   848    850    772
   848    772    771
   848    771    849
   919    918    854
   919    854    852
   919    852    853
   919    853    920
   920    853    777
   920    777    775
   920    775    776
   920    776    851
   920    851    850
   921    860    857
   921    857    856
   921    856    855
   922    923    924
   922    924    858
   922    858    860
   922    860    921
   924    864    861
   924    861    859
   924    859    858
   925    926    862
   925    862    864
   925    864    924
   925    924    923
   868    798    797
   868    797    863
   868    863    862
   868    862    926
   927    928    866
   927    866    865
   927    865    929
   871    869    867
   871    867    866
   871    866    928
   930    876    870
   930    870    872
   930    872    931
   932    933    934
   932    934    935
   932    935    936
   932    936    873
   932    873    876
   932    876    930
   936    937    878
   936    878    874
   936    874    873
   935    938    939
   935    939    937
   935    937    936
   884    882    879
   884    879    878
   884    878    937
   884    937    939
   884    939    940
   884    940    941
   942    941    940
   942    940    943
   942    943    944
   942    944    945
   946    947    888
   946    888    886
   946    886    885
   946    885    883
   946    883    884
   946    884    941
   946    941    942
   946    942    948
   892    889    888
   892    888    947
   892    947    949
   950    949    947
   950    947    946
   950    946    951
   950    951    952
   894    893    892
   894    892    949
   894    949    950
   894    950    953
   894    953    897
   954    953    950
   954    950    952
   954    952    955
   898    897    953
   898    953    954
   898    954    956
   898    956    901
   905    956    954
   905    954    955
   905    955    957
   905    957    958
   905    958    906
   902    901    956
   902    956    905
   902    905    903
   907    906    958
   907    958    959
   907    959    908
   908    959    960
   908    960    961
   908    961    962
   908    962    963
   908    963    909
   910    909    963
   910    963    964
   910    964    965
   910    965    966
   910    966    967
   910    967    968
   910    968    911
   911    968    969
   911    969    970
   911    970    912
   913    912    970
   913    970    971
   913    971    972
   913    972    916
   913    916    914
   972    973    974
   972    974    917
   972    917    916
   917    974    922
   917    922    921
   917    921    855
   917    855    854
   917    854    918
   975    976    925
   975    925    923
   975    923    922
   975    922    974
   975    974    973
   977    978    979
   977    979    976
   977    976    975
   979    929    865
   979    865    868
   979    868    926
   979    926    925
   979    925    976
   980    981    927
   980    927    929
   980    929    979
   980    979    978
   931    872    871
   931    871    928
   931    928    927
   931    927    981
   982    933    932
   982    932    983
   984    985    934
   984    934    933
   984    933    982
   986    938    935
   986    935    934
   986    934    985
   986    985    987
   986    987    988
   989    990    986
   989    986    988
   989    988    991
   989    991    992
   993    944    943
   993    943    990
   993    990    989
   993    989    994
   995    951    946
   995    946    948
   995    948    996
   996    948    942
   996    942    945
   996    945    997
   996    997    998
   955    952    951
   955    951    995
   955    995    999
   955    999    957
   960    999    995
   960    995    996
   960    996    998
   960    998    961
   958    957    999
   958    999    960
   958    960    959
   963    962   1000
   963   1000    964
   964   1000   1001
   964   1001   1002
   964   1002    965
   967   1003   1004
   967   1004    969
   967    969    968
   970    969   1004
   970   1004   1005
   970   1005   1006
   970   1006    971
   971   1006    977
   971    977    975
   971    975    973
   971    973    972
  1005   1007   1008
  1005   1008    980
  1005    980    978
  1005    978    977
  1005    977   1006
  1009   1010    984
  1009    984    982
  1009    982    983
  1009    983   1008
  1009   1008   1007
  1008    983    932
  1008    932    930
  1008    930    931
  1008    931    981
  1008    981    980
  1011    987    985
  1011    985    984
  1011    984   1010
  1012   1013    991
  1012    991    988
  1012    988    987
  1012    987   1011
   992    991   1013
   992   1013   1014
   997    945    944
   997    944    993
   997    993   1015
  1001   1015    993
  1001    993    994
  1001    994   1016
  1001   1016   1002
   961    998    997
   961    997   1015
   961   1015   1001
   961   1001   1000
   961   1000    962
   965   1002   1016
   965   1016   1017
   965   1017   1018
   965   1018    966
   966   1018   1019
   966   1019   1020
   966   1020   1003
   966   1003    967
  1004   1003   1020
  1004   1020   1009
  1004   1009   1007
  1004   1007   1005
  1019   1021   1012
  1019   1012   1011
  1019   1011   1010
  1019   1010   1009
  1019   1009   1020
  1014   1013   1012
  1014   1012   1021
  1014   1021   1022
  1016    994    989
  1016    989    992
  1016    992   1014
  1016   1014   1022
  1016   1022   1017
  1017   1022   1021
  1017   1021   1019
  1017   1019   1018
   943    940    939
   943    939    938
   943    938    986
   943    986    990
