1022 2040
    0.102640     0.166076     0.575381
    0.068683     0.170578     0.578282
    0.068683     0.100374     0.585197
    0.168342     0.100374     0.575381
    0.060950     0.179039     0.576688
    0.011083     0.129172     0.576688
    0.006828     0.097074     0.579430
    0.065383     0.097074     0.585197
   -0.055868     0.039773     0.567611
    0.035271    -0.051365     0.567611
    0.065383    -0.035835     0.572107
    0.210220     0.085939     0.569835
    0.204288     0.091360     0.570953
    0.082976    -0.041305     0.569835
    0.228686     0.178797     0.552566
    0.219498     0.081495     0.567579
    0.305047     0.081495     0.541628
    0.272017     0.161237     0.541628
    0.228165     0.179318     0.552566
    0.163017     0.182924     0.562684
    0.064147     0.223877     0.562684
    0.041836     0.225573     0.564973
    0.041836     0.218948     0.566983
    0.008409     0.264452     0.548979
   -0.025402     0.250447     0.548979
   -0.020053     0.237208     0.553668
   -0.018680     0.235834     0.554257
   -0.105373     0.031228     0.553668
   -0.073709     0.031228     0.563273
   -0.126286     0.022349     0.546208
   -0.212539    -0.051807     0.510726
   -0.210451    -0.079269     0.507909
   -0.149963    -0.225301     0.507909
   -0.143483    -0.218821     0.510688
   -0.108728    -0.209123     0.517997
   -0.189649    -0.323543     0.473120
   -0.167187    -0.378968     0.459130
   -0.148302    -0.386790     0.459130
    0.268663    -0.127102     0.525198
    0.146697    -0.093069     0.550847
    0.205118    -0.270032     0.489826
    0.228727    -0.260252     0.489826
    0.275664    -0.144433     0.519061
    0.270160    -0.100061     0.529398
    0.322180     0.074221     0.535517
    0.317647     0.014583     0.529398
    0.379295     0.108790     0.500726
    0.364228     0.165020     0.500726
    0.362574     0.164938     0.501622
    0.360868     0.164270     0.502630
    0.329805     0.076626     0.531786
    0.367015     0.076626     0.511896
    0.380654     0.089362     0.502782
    0.250009     0.277502     0.501622
    0.239283     0.279930     0.505144
    0.231398     0.274041     0.510990
    0.209158     0.275273     0.514444
   -0.001904     0.331827     0.514444
   -0.001904     0.297152     0.532978
   -0.023395     0.368979     0.491508
   -0.063995     0.358100     0.491508
   -0.046296     0.312885     0.518211
   -0.044827     0.269873     0.537090
   -0.094752     0.381070     0.468705
   -0.200630     0.275191     0.468705
   -0.214672     0.271726     0.463249
   -0.247205     0.273354     0.445626
   -0.263260     0.263874     0.438403
   -0.347846    -0.051807     0.438403
   -0.354278    -0.055528     0.434432
   -0.300498    -0.256235     0.434432
   -0.277902    -0.269579     0.444599
   -0.221617    -0.324635     0.459089
   -0.215457    -0.351852     0.450152
   -0.167886    -0.399423     0.450152
   -0.157645    -0.440922     0.434027
   -0.122560    -0.476789     0.424793
   -0.108260    -0.471721     0.429551
   -0.109338    -0.499180     0.414719
   -0.102159    -0.507985     0.411041
   -0.050679    -0.521779     0.411041
   -0.049555    -0.521858     0.411159
   -0.049361    -0.521650     0.411299
    0.151723    -0.445291     0.423546
    0.106404    -0.429229     0.438622
   -0.045622    -0.520577     0.411569
   -0.023599    -0.519036     0.409238
    0.132945    -0.477090     0.409238
    0.211427    -0.384254     0.439259
    0.230343    -0.307602     0.469043
    0.327052    -0.146187     0.496506
    0.308123    -0.229822     0.469043
    0.343750    -0.059066     0.504898
    0.339605    -0.133908     0.493275
    0.362388     0.010492     0.504898
    0.405071     0.090156     0.482614
    0.402948     0.118553     0.479721
    0.395798     0.154495     0.479721
    0.404360     0.089362     0.483327
    0.394110     0.178340     0.476286
    0.384670     0.178734     0.483106
    0.413907     0.241715     0.430104
    0.392709     0.273441     0.430104
    0.420070     0.214599     0.438989
    0.388872     0.289289     0.423908
    0.388665     0.354220     0.375755
    0.231805     0.459030     0.375755
    0.400596     0.327255     0.389870
    0.226988     0.469780     0.368845
   -0.023395     0.379368     0.483917
    0.209620     0.497658     0.348801
   -0.005436     0.540435     0.348801
   -0.029013     0.542198     0.351203
   -0.035955     0.533354     0.359595
   -0.035955     0.429431     0.444882
    0.225210     0.478033     0.362362
   -0.136142     0.513425     0.359595
   -0.124004     0.461225     0.404416
   -0.125441     0.426814     0.429276
   -0.158606     0.529508     0.336488
   -0.274764     0.451894     0.336488
   -0.261209     0.438339     0.353292
   -0.318544     0.465414     0.297239
   -0.365842     0.444484     0.272481
   -0.492929     0.254285     0.272481
   -0.522473     0.241047     0.253488
   -0.419119    -0.045177     0.385032
   -0.377864    -0.055528     0.417199
   -0.544508     0.236299     0.236179
   -0.575819     0.211424     0.214543
   -0.609213     0.043543     0.214543
   -0.609308     0.042274     0.214672
   -0.572533     0.001206     0.251557
   -0.513441    -0.045177     0.307624
   -0.500297    -0.111255     0.307624
   -0.420793    -0.174414     0.362561
   -0.365236    -0.234822     0.391326
   -0.319189    -0.255455     0.420929
   -0.241477    -0.371760     0.420929
   -0.218027    -0.382136     0.433203
   -0.159117    -0.441047     0.433203
   -0.143491    -0.476360     0.414719
   -0.098030    -0.517201     0.405116
   -0.081106    -0.532766     0.397057
   -0.072657    -0.543402     0.389708
   -0.049555    -0.547997     0.389708
   -0.038351    -0.562271     0.376164
   -0.014979    -0.583200     0.355174
   -0.008006    -0.582678     0.354463
    0.095584    -0.562073     0.354463
    0.119184    -0.560402     0.351064
    0.130523    -0.535095     0.367333
    0.292623    -0.391146     0.393818
    0.276806    -0.437352     0.367333
    0.294525    -0.397307     0.388295
    0.314238    -0.301871     0.428721
    0.377472    -0.132327     0.465918
    0.375360    -0.210395     0.428721
    0.389337    -0.148899     0.448872
    0.383455    -0.047848     0.478085
    0.400512     0.037906     0.478085
    0.423871     0.182808     0.441825
    0.438546     0.090156     0.441825
    0.421161     0.214490     0.437786
    0.432098     0.267220     0.393900
    0.418540     0.293828     0.393900
    0.437586     0.245260     0.400517
    0.409754     0.326657     0.381833
    0.409945     0.402670     0.310286
    0.383794     0.428822     0.310286
    0.423002     0.373358     0.325547
    0.343093     0.488513     0.280466
    0.364748     0.469082     0.285020
    0.342571     0.489256     0.279913
    0.245028     0.538957     0.279913
    0.204511     0.549084     0.292123
    0.179016     0.568335     0.276180
    0.148097     0.581544     0.268243
    0.126484     0.583393     0.270998
    0.034104     0.598024     0.270998
   -0.029694     0.603238     0.276957
   -0.029694     0.545213     0.347661
   -0.033419     0.605746     0.273182
   -0.068454     0.602883     0.269910
   -0.155497     0.589097     0.269910
   -0.155054     0.586034     0.273727
   -0.160344     0.532784     0.332416
   -0.168664     0.596125     0.253962
   -0.202723     0.587612     0.243698
   -0.288048     0.544137     0.243698
   -0.313855     0.537230     0.234213
   -0.324211     0.540168     0.221731
   -0.379375     0.515594     0.193010
   -0.456398     0.438572     0.193010
   -0.497835     0.418970     0.167005
   -0.555076     0.355177     0.153593
   -0.562705     0.349814     0.147908
   -0.624999     0.227556     0.147908
   -0.630386     0.206003     0.154403
   -0.650182     0.179786     0.138008
   -0.650889     0.171526     0.139061
   -0.661081     0.107174     0.139061
   -0.663558     0.076861     0.141893
   -0.650557     0.057554     0.161462
   -0.637037     0.042274     0.180885
   -0.628125    -0.013994     0.180885
   -0.590719    -0.054640     0.218620
   -0.583853    -0.063732     0.224306
   -0.520418    -0.109256     0.285448
   -0.436143    -0.274655     0.285448
   -0.372740    -0.319223     0.332691
   -0.352969    -0.341257     0.337324
   -0.296015    -0.368199     0.373066
   -0.160574    -0.503640     0.373066
   -0.141144    -0.512296     0.383182
   -0.132284    -0.520246     0.381319
   -0.131861    -0.520848     0.380871
   -0.071860    -0.551420     0.380871
   -0.064211    -0.562078     0.370597
   -0.056241    -0.568097     0.365613
   -0.039160    -0.583816     0.349756
   -0.014979    -0.587646     0.349756
    0.001211    -0.601971     0.329175
    0.034964    -0.624700     0.294966
    0.065451    -0.634524     0.277112
    0.074394    -0.633793     0.276276
    0.116377    -0.627144     0.276276
    0.115776    -0.622986     0.281459
    0.121551    -0.564861     0.345521
    0.145437    -0.642656     0.241080
    0.241131    -0.593897     0.241080
    0.252245    -0.578085     0.252861
    0.252326    -0.576487     0.254669
    0.270186    -0.538731     0.278364
    0.379860    -0.391735     0.313406
    0.368358    -0.440559     0.278364
    0.383847    -0.405790     0.296467
    0.388583    -0.359138     0.325388
    0.442583    -0.143609     0.390187
    0.471141    -0.197109     0.325388
    0.446127    -0.102174     0.395469
    0.444869     0.083010     0.432741
    0.469633     0.046235     0.395469
    0.485137     0.229583     0.321303
    0.483057     0.232877     0.324384
    0.473439     0.045355     0.388565
    0.509391     0.045355     0.321303
    0.480301     0.237770     0.327851
    0.476872     0.250444     0.324510
    0.435842     0.349499     0.324510
    0.429175     0.372061     0.317173
    0.432849     0.410749     0.263207
    0.404664     0.447480     0.263207
    0.395342     0.465476     0.252877
    0.395310     0.465702     0.252552
    0.350299     0.500241     0.252552
    0.339147     0.505546     0.257811
    0.312248     0.525538     0.248260
    0.263927     0.539817     0.263974
    0.225328     0.555805     0.263974
    0.117403     0.598486     0.247104
    0.058265     0.604181     0.253529
    0.118894     0.597993     0.247553
   -0.000464     0.611912     0.253529
   -0.033419     0.614805     0.256235
   -0.086226     0.624797     0.224535
   -0.131212     0.618874     0.224535
   -0.061490     0.626968     0.226565
   -0.165249     0.615597     0.220837
   -0.207793     0.620898     0.178784
   -0.279695     0.591115     0.178784
   -0.195406     0.624249     0.182049
   -0.315741     0.580463     0.167062
   -0.344813     0.570666     0.146825
   -0.423335     0.510414     0.146825
   -0.322810     0.581135     0.157202
   -0.449402     0.496911     0.131862
   -0.493893     0.452420     0.131862
   -0.497971     0.449460     0.128939
   -0.564995     0.362112     0.128939
   -0.571751     0.347913     0.135636
   -0.614686     0.290143     0.115124
   -0.615276     0.289047     0.115075
   -0.626126     0.252330     0.127016
   -0.641876     0.214305     0.127016
   -0.651267     0.179596     0.136163
   -0.662173     0.160233     0.122445
   -0.664655     0.152723     0.120184
   -0.666858     0.129845     0.122669
   -0.670995     0.098422     0.122669
   -0.672887     0.076861     0.124440
   -0.675508     0.070812     0.118046
   -0.673700     0.050203     0.116354
   -0.666454    -0.004834     0.116354
   -0.666215    -0.007315     0.116084
   -0.669333    -0.018184     0.102105
   -0.661794    -0.046052     0.094760
   -0.595570    -0.205931     0.094760
   -0.590566    -0.211249     0.099898
   -0.579858    -0.225657     0.105014
   -0.547390    -0.251270     0.134517
   -0.425421    -0.410224     0.134517
   -0.366097    -0.453286     0.177030
   -0.339324    -0.457048     0.215670
   -0.275532    -0.490094     0.252288
   -0.211390    -0.539311     0.252288
   -0.155778    -0.565770     0.278517
   -0.123071    -0.562663     0.324139
   -0.116933    -0.564477     0.326135
   -0.039442    -0.596575     0.326135
   -0.036797    -0.597291     0.326832
   -0.019237    -0.607182     0.314391
    0.001533    -0.620299     0.294966
    0.065855    -0.634744     0.276602
    0.108715    -0.653314     0.231302
    0.119052    -0.655154     0.225315
    0.123072    -0.654801     0.224985
    0.144822    -0.651937     0.224985
    0.144808    -0.651736     0.225366
    0.146136    -0.644164     0.238247
    0.183176    -0.662941     0.175654
    0.189006    -0.661364     0.174118
    0.222178    -0.647624     0.174118
    0.230162    -0.645265     0.171521
    0.230365    -0.645114     0.171593
    0.328931    -0.569049     0.172294
    0.232485    -0.644105     0.170593
    0.327208    -0.571421     0.170593
    0.356461    -0.541518     0.172294
    0.370383    -0.531413     0.162317
    0.482725    -0.385006     0.162317
    0.488041    -0.380812     0.157486
    0.479865    -0.201153     0.309001
    0.533840    -0.191688     0.217179
    0.499511    -0.375481     0.140496
    0.506719    -0.367820     0.133094
    0.560716    -0.237459     0.133094
    0.547869    -0.192682     0.190686
    0.530673     0.006050     0.271806
    0.563929    -0.070700     0.190686
    0.566198     0.139427     0.105155
    0.554814     0.169086     0.131668
    0.568645    -0.072059     0.175643
    0.590027    -0.072059     0.105155
    0.544613     0.196731     0.151832
    0.536724     0.212705     0.169609
    0.473365     0.393775     0.169609
    0.470860     0.396529     0.174726
    0.470033     0.396286     0.177758
    0.434387     0.411812     0.257789
    0.435946     0.452096     0.174726
    0.426011     0.458763     0.192487
    0.424219     0.457491     0.200498
    0.397084     0.467475     0.245336
    0.405652     0.479122     0.192487
    0.390675     0.484891     0.216558
    0.371482     0.495525     0.225983
    0.330518     0.521265     0.225983
    0.309551     0.531728     0.234362
    0.243239     0.554965     0.245951
    0.300376     0.536987     0.230368
    0.126155     0.595935     0.245951
    0.067708     0.616824     0.210856
    0.047036     0.618946     0.212700
   -0.061490     0.631174     0.212700
   -0.129135     0.646303     0.137700
   -0.187249     0.639755     0.137700
   -0.096402     0.639756     0.171441
   -0.190440     0.639428     0.137415
   -0.235653     0.640746     0.080501
   -0.305466     0.616318     0.080501
   -0.307806     0.615581     0.079863
   -0.317341     0.614012     0.066192
   -0.318521     0.613424     0.065721
   -0.408154     0.557103     0.065721
   -0.408944     0.556390     0.066389
   -0.427340     0.541015     0.069291
   -0.437591     0.529010     0.078820
   -0.508170     0.458432     0.078820
   -0.521607     0.440763     0.089883
   -0.542690     0.415539     0.085904
   -0.560095     0.384125     0.101329
   -0.597462     0.324657     0.101329
   -0.628247     0.266415     0.105222
   -0.641392     0.224640     0.116616
   -0.654682     0.186659     0.116616
   -0.671748     0.133503     0.106164
   -0.673566     0.115785     0.107745
   -0.678633     0.070812     0.107745
   -0.678913     0.069675     0.106401
   -0.685164     0.038422     0.074185
   -0.683522     0.020507     0.072945
   -0.681177    -0.000299     0.072945
   -0.679690    -0.014796     0.071652
   -0.681173    -0.065670     0.007612
   -0.670382    -0.103737    -0.000785
   -0.657341    -0.141004    -0.000785
   -0.644121    -0.183021    -0.012245
   -0.642774    -0.185370    -0.011222
   -0.634817    -0.201315    -0.017595
   -0.577822    -0.292023    -0.017595
   -0.560911    -0.310770    -0.001737
   -0.534026    -0.342936     0.003338
   -0.477799    -0.390951     0.047967
   -0.442942    -0.425809     0.047967
   -0.378652    -0.474700     0.088223
   -0.354843    -0.483872     0.126491
   -0.283924    -0.523165     0.161315
   -0.244937    -0.547662     0.161315
   -0.186727    -0.576712     0.184581
   -0.148254    -0.583043     0.239737
   -0.116771    -0.592949     0.248323
   -0.006224    -0.631631     0.248323
    0.006412    -0.635213     0.251111
    0.022525    -0.641159     0.239358
    0.031537    -0.644619     0.231302
    0.182939    -0.663665     0.173526
    0.141295    -0.660622     0.199027
    0.168062    -0.665976     0.171436
    0.182919    -0.664302     0.171436
    0.223862    -0.659730     0.139045
    0.213547    -0.665195     0.132882
    0.224356    -0.661412     0.132882
    0.245914    -0.657865     0.101976
    0.287194    -0.631927     0.101976
    0.309491    -0.619573     0.091028
    0.318719    -0.616018     0.076197
    0.346414    -0.594957     0.058855
    0.432996    -0.508374     0.058855
    0.478597    -0.469433     0.022660
    0.569446    -0.340498    -0.007740
    0.480899    -0.467888     0.018543
    0.510873    -0.434657    -0.009566
    0.569945    -0.340645    -0.009566
    0.573994    -0.243523     0.089841
    0.593107    -0.237269     0.033636
    0.581169    -0.328302    -0.032496
    0.602259    -0.268032    -0.032496
    0.601354    -0.237017     0.006544
    0.609459    -0.165090     0.006544
    0.594447    -0.090040     0.083905
    0.609812    -0.165316     0.003179
    0.617280    -0.165316    -0.072647
    0.599460     0.015617    -0.072647
    0.594447     0.063310    -0.069444
    0.592398     0.081498    -0.069444
    0.583240     0.123380    -0.030051
    0.533332     0.287904    -0.030051
    0.523351     0.318859    -0.023478
    0.518201     0.331127    -0.007616
    0.501919     0.366569     0.022391
    0.475115     0.395133     0.152399
    0.481548     0.404682     0.022391
    0.460120     0.436575     0.071763
    0.458681     0.436079     0.090963
    0.437994     0.453976     0.153376
    0.454044     0.443978     0.071763
    0.432517     0.465505     0.111922
    0.431456     0.464445     0.132011
    0.406491     0.480036     0.182960
    0.401227     0.491184     0.111922
    0.392465     0.497071     0.125486
    0.392262     0.496483     0.133339
    0.277333     0.558611     0.125486
    0.248365     0.571918     0.100960
    0.238470     0.576072     0.088166
    0.053147     0.632289     0.088166
    0.018996     0.639756     0.056043
   -0.016965     0.647146     0.016970
   -0.131093     0.658387     0.016970
   -0.131093     0.649368     0.108536
   -0.160300     0.658387    -0.012237
   -0.227514     0.651767    -0.012237
   -0.228526     0.651661    -0.012169
   -0.229448     0.649368     0.010181
   -0.236448     0.641935     0.069158
   -0.229512     0.651445    -0.013096
   -0.277531     0.636878    -0.013096
   -0.301129     0.629269    -0.008086
   -0.301132     0.629223    -0.007583
   -0.303187     0.628324    -0.009828
   -0.353784     0.601279    -0.009828
   -0.365754     0.594466    -0.005149
   -0.383241     0.583478    -0.005149
   -0.389151     0.579070    -0.000554
   -0.443318     0.534615    -0.000554
   -0.457208     0.522362     0.008337
   -0.471892     0.507678     0.008337
   -0.490799     0.486246     0.022058
   -0.533564     0.434138     0.022058
   -0.556075     0.403959     0.045520
   -0.586540     0.351869     0.060500
   -0.564729     0.390186     0.045520
   -0.622112     0.285318     0.060500
   -0.633239     0.261095     0.081008
   -0.649547     0.212785     0.085620
   -0.642543     0.234507     0.081008
   -0.674337     0.131064     0.085620
   -0.678913     0.109286     0.066789
   -0.678715     0.111044     0.066789
   -0.679292     0.105675     0.066546
   -0.685916     0.038422     0.066546
   -0.683522    -0.051326     0.001112
   -0.685916    -0.027012     0.001112
   -0.682106    -0.064791     0.000208
   -0.670477    -0.119722    -0.055695
   -0.661286    -0.150019    -0.055695
   -0.676144    -0.093804    -0.031317
   -0.654060    -0.172429    -0.060453
   -0.622031    -0.233172    -0.065394
   -0.652965    -0.175038    -0.063826
   -0.651733    -0.177720    -0.066097
   -0.623054    -0.231373    -0.066097
   -0.607863    -0.255719    -0.065394
   -0.586170    -0.284800    -0.042785
   -0.527049    -0.354108    -0.019462
   -0.559190    -0.317676    -0.042785
   -0.507517    -0.373640    -0.019462
   -0.461570    -0.414175     0.009953
   -0.417695    -0.450182     0.009953
   -0.367418    -0.487687     0.049041
   -0.308865    -0.522004     0.065396
   -0.350700    -0.498191     0.049041
   -0.197258    -0.581659     0.065396
   -0.166300    -0.595880     0.091608
   -0.159229    -0.598354     0.091608
   -0.133758    -0.606568     0.097016
    0.043015    -0.660191     0.097016
    0.046742    -0.660957     0.101065
    0.046606    -0.660622     0.104339
    0.169705    -0.673068     0.101065
    0.169705    -0.668546     0.146978
    0.213589    -0.668546     0.103094
    0.185015    -0.673068     0.085755
    0.212873    -0.670324     0.085755
    0.214875    -0.667180     0.113931
    0.243037    -0.661646     0.080519
    0.241155    -0.664512     0.055026
    0.242893    -0.663985     0.055026
    0.246399    -0.658491     0.095821
    0.300899    -0.636616     0.014049
    0.282529    -0.647347     0.003776
    0.301164    -0.637386     0.003776
    0.338673    -0.612185    -0.054289
    0.357700    -0.597992    -0.069082
    0.409105    -0.555805    -0.069082
    0.446716    -0.522624    -0.093159
    0.449706    -0.519634    -0.098738
    0.475898    -0.489944    -0.117744
    0.546727    -0.403639    -0.117744
    0.551788    -0.396854    -0.123018
    0.558344    -0.386421    -0.123018
    0.581552    -0.328599    -0.036260
    0.561940    -0.380104    -0.125488
    0.591117    -0.325517    -0.125488
    0.594258    -0.318680    -0.119699
    0.596243    -0.313950    -0.113582
    0.595241    -0.314011    -0.102656
    0.604042    -0.269225    -0.049521
    0.606040    -0.281653    -0.113582
    0.609264    -0.266912    -0.099717
    0.609913    -0.263751    -0.096282
    0.609812    -0.263792    -0.095297
    0.617280    -0.188951    -0.096282
    0.610317    -0.188951    -0.166985
    0.600807    -0.141407    -0.215993
    0.599460    -0.126712    -0.214976
    0.577432     0.068797    -0.214976
    0.574388     0.098457    -0.212330
    0.572338     0.104013    -0.216382
    0.562992     0.136979    -0.209110
    0.516872     0.268784    -0.209110
    0.514313     0.276916    -0.206892
    0.504702     0.335321    -0.123159
    0.506554     0.336759    -0.104948
    0.479566     0.403999    -0.004059
    0.477247     0.379017    -0.123159
    0.466303     0.407427    -0.077495
    0.470816     0.411569    -0.030457
    0.451909     0.441844     0.031327
    0.424106     0.449624    -0.077495
    0.429695     0.455716    -0.014005
    0.400596     0.489353     0.087480
    0.404177     0.457301    -0.109526
    0.277162     0.537110    -0.109526
    0.278218     0.538471    -0.096138
    0.238490     0.575752     0.084685
    0.224140     0.545835    -0.185541
    0.212257     0.549574    -0.188782
    0.029270     0.613604    -0.188782
    0.018289     0.619026    -0.176562
    0.016785     0.619581    -0.175465
    0.003255     0.624774    -0.163370
   -0.016334     0.645578     0.001675
   -0.069970     0.633025    -0.163370
   -0.108977     0.639966    -0.140777
   -0.131806     0.645578    -0.113797
   -0.159941     0.651205    -0.084795
   -0.160300     0.651767    -0.079451
   -0.180145     0.648929    -0.084795
   -0.184915     0.648439    -0.084370
   -0.215137     0.647409    -0.063297
   -0.232827     0.647924    -0.041028
   -0.258821     0.640555    -0.035294
   -0.273076     0.635567    -0.035294
   -0.306763     0.624968    -0.026106
   -0.327577     0.613038    -0.035168
   -0.340279     0.606700    -0.030091
   -0.388915     0.576139    -0.030091
   -0.390211     0.575422    -0.029455
   -0.426362     0.545205    -0.035158
   -0.486905     0.483638    -0.040723
   -0.432349     0.538194    -0.040723
   -0.511709     0.453142    -0.043045
   -0.512110     0.452697    -0.042669
   -0.493826     0.474538    -0.046421
   -0.588320     0.331410    -0.042669
   -0.599395     0.311736    -0.036379
   -0.603275     0.305391    -0.030865
   -0.589680     0.328685    -0.043758
   -0.661074     0.140211    -0.030865
   -0.665930     0.123083    -0.034644
   -0.665528     0.109300    -0.051993
   -0.679292    -0.012864    -0.051993
   -0.680589    -0.027012    -0.052972
   -0.676144    -0.049238    -0.075883
   -0.669647    -0.075665    -0.107115
   -0.663996    -0.125825    -0.107115
   -0.661210    -0.133082    -0.113602
   -0.641341    -0.188794    -0.116501
   -0.656940    -0.141198    -0.124664
   -0.642278    -0.183100    -0.124664
   -0.635228    -0.201043    -0.111605
   -0.595503    -0.266412    -0.102686
   -0.602606    -0.252961    -0.111605
   -0.596302    -0.264339    -0.106018
   -0.571464    -0.298022    -0.082893
   -0.481833    -0.389680    -0.071878
   -0.493683    -0.375804    -0.082893
   -0.439232    -0.425287    -0.065158
   -0.427208    -0.431949    -0.071062
   -0.270654    -0.530319    -0.071062
   -0.229102    -0.551777    -0.079536
   -0.238842    -0.546195    -0.083777
   -0.177483    -0.568019    -0.093614
   -0.003109    -0.629035    -0.093614
    0.014733    -0.634093    -0.097550
    0.021043    -0.636422    -0.092948
    0.022022    -0.636797    -0.092073
    0.042243    -0.658272     0.078298
    0.182875    -0.658272    -0.062334
    0.169731    -0.653440    -0.092073
    0.182875    -0.656671    -0.076539
    0.185015    -0.661621    -0.030466
    0.242317    -0.661621     0.026836
    0.249270    -0.649190    -0.076539
    0.251244    -0.652142    -0.048373
    0.282613    -0.645977    -0.011156
    0.263344    -0.641785    -0.095722
    0.301193    -0.628542    -0.095722
    0.307440    -0.624721    -0.101151
    0.323167    -0.610419    -0.130369
    0.341156    -0.596390    -0.148388
    0.380440    -0.571706    -0.148388
    0.401161    -0.553016    -0.165916
    0.415666    -0.540892    -0.168204
    0.427383    -0.527171    -0.179095
    0.494673    -0.459881    -0.179095
    0.496248    -0.457810    -0.180392
    0.530329    -0.417036    -0.173959
    0.536968    -0.409676    -0.167734
    0.569292    -0.358233    -0.167734
    0.572231    -0.354464    -0.163958
    0.585219    -0.331802    -0.154092
    0.586933    -0.326355    -0.155578
    0.600201    -0.288439    -0.155578
    0.600698    -0.286683    -0.155965
    0.600526    -0.280781    -0.163395
    0.603741    -0.249453    -0.166190
    0.609264    -0.200439    -0.166190
    0.598452    -0.141407    -0.223756
    0.576974    -0.091836    -0.276150
    0.561877    -0.036253    -0.305272
    0.551266    -0.003325    -0.324556
    0.535638     0.115383    -0.324556
    0.535575     0.116040    -0.324484
    0.524396     0.135887    -0.338545
    0.522833     0.141665    -0.337022
    0.482800     0.238312    -0.337022
    0.478702     0.252180    -0.332512
    0.481650     0.283214    -0.289223
    0.488686     0.288078    -0.264429
    0.469644     0.373622    -0.157138
    0.411737     0.374327    -0.289223
    0.426798     0.389387    -0.227937
    0.402618     0.455103    -0.119348
    0.411187     0.374404    -0.290017
    0.397521     0.381483    -0.297861
    0.260288     0.486786    -0.297861
    0.247134     0.493044    -0.304065
    0.238947     0.492267    -0.315484
    0.226455     0.495958    -0.319547
    0.117099     0.541255    -0.319547
    0.101506     0.554767    -0.300224
    0.085484     0.563792    -0.288872
    0.035171     0.595568    -0.241816
    0.017434     0.597903    -0.241816
   -0.015922     0.608652    -0.222281
   -0.024749     0.613431    -0.211166
   -0.115654     0.639380    -0.140229
   -0.141486     0.635979    -0.140229
   -0.255932     0.636371    -0.052545
   -0.299552     0.618303    -0.052545
   -0.329085     0.609576    -0.042941
   -0.367730     0.580855    -0.056662
   -0.438779     0.520718    -0.069600
   -0.378962     0.566618    -0.069600
   -0.464457     0.485344    -0.094950
   -0.483246     0.437505    -0.136209
   -0.528244     0.378861    -0.136209
   -0.466688     0.469469    -0.117861
   -0.542297     0.349323    -0.150140
   -0.538240     0.306603    -0.209731
   -0.541472     0.295664    -0.213288
   -0.607639     0.135924    -0.213288
   -0.610296     0.126102    -0.215877
   -0.661251     0.109431    -0.066044
   -0.628502    -0.073891    -0.240841
   -0.628575    -0.074026    -0.240672
   -0.634086    -0.074026    -0.223734
   -0.604919     0.107362    -0.239981
   -0.605681     0.099447    -0.240841
   -0.639773    -0.075665    -0.205596
   -0.649510    -0.141425    -0.149072
   -0.635137    -0.146127    -0.191337
   -0.621188    -0.130133    -0.240672
   -0.624365    -0.141208    -0.226427
   -0.633524    -0.180526    -0.156724
   -0.617141    -0.187661    -0.193505
   -0.611965    -0.171144    -0.226427
   -0.613281    -0.184992    -0.207110
   -0.539645    -0.285185    -0.199639
   -0.546387    -0.272170    -0.207110
   -0.519679    -0.305151    -0.199639
   -0.513517    -0.308343    -0.203176
   -0.321872    -0.455397    -0.203176
   -0.299019    -0.466270    -0.213955
   -0.261513    -0.494145    -0.200638
   -0.054682    -0.573777    -0.217183
   -0.210637    -0.509179    -0.217183
   -0.015582    -0.584356    -0.227487
    0.000549    -0.593442    -0.216059
    0.001663    -0.594146    -0.215017
    0.153376    -0.616827    -0.206695
    0.146768    -0.613249    -0.215017
    0.168448    -0.623358    -0.190765
    0.169731    -0.627809    -0.176567
    0.263348    -0.641671    -0.096099
    0.271438    -0.609799    -0.190765
    0.272800    -0.612781    -0.181050
    0.271986    -0.609238    -0.191680
    0.349555    -0.577108    -0.191680
    0.354510    -0.572445    -0.196468
    0.371736    -0.559642    -0.202585
    0.372038    -0.559499    -0.202442
    0.427467    -0.516967    -0.202442
    0.432002    -0.514617    -0.199839
    0.479116    -0.467503    -0.199839
    0.488586    -0.460630    -0.193053
    0.528362    -0.408792    -0.193053
    0.532974    -0.405154    -0.188862
    0.567154    -0.359164    -0.172533
    0.572921    -0.339647    -0.178879
    0.588019    -0.303198    -0.178879
    0.593458    -0.283093    -0.184178
    0.586601    -0.259192    -0.214919
    0.591129    -0.212172    -0.220028
    0.594467    -0.186819    -0.220028
    0.537093     0.017723    -0.345889
    0.521162     0.058572    -0.365631
    0.517047     0.067255    -0.370426
    0.506134     0.136156    -0.370426
    0.505880     0.139134    -0.370046
    0.482202     0.170490    -0.389655
    0.480748     0.173336    -0.390161
    0.479983     0.176396    -0.389239
    0.440521     0.253843    -0.389239
    0.438717     0.260585    -0.386761
    0.422465     0.278697    -0.390569
    0.413602     0.282890    -0.396131
    0.303986     0.392505    -0.396131
    0.294800     0.396598    -0.400914
    0.253732     0.433447    -0.392280
    0.250278     0.438361    -0.388619
    0.169821     0.479356    -0.388619
    0.160075     0.492937    -0.375528
    0.150373     0.500263    -0.369461
    0.119268     0.528889    -0.340584
    0.106367     0.530932    -0.340584
    0.072865     0.560577    -0.297996
   -0.030095     0.607493    -0.220957
   -0.141479     0.635875    -0.140425
   -0.111274     0.594636    -0.220957
   -0.145506     0.612908    -0.179496
   -0.150972     0.611542    -0.177849
   -0.395733     0.486830    -0.177849
   -0.402631     0.477018    -0.185161
   -0.405086     0.428070    -0.240532
   -0.411653     0.414188    -0.249244
   -0.495924     0.329916    -0.249244
   -0.503011     0.314008    -0.257527
   -0.481737     0.239016    -0.347911
   -0.534208     0.136035    -0.347911
   -0.539778     0.118785    -0.350801
   -0.537897     0.121275    -0.352359
   -0.569996    -0.040600    -0.342098
   -0.541101     0.103319    -0.352773
   -0.560833    -0.021268    -0.352773
   -0.570546    -0.042010    -0.341416
   -0.590950    -0.072311    -0.310706
   -0.597785    -0.073891    -0.298307
   -0.611949    -0.129478    -0.258117
   -0.600633    -0.131463    -0.277369
   -0.584714    -0.111687    -0.310706
   -0.584293    -0.116605    -0.310079
   -0.589460    -0.126284    -0.298355
   -0.602239    -0.166763    -0.247598
   -0.564895    -0.174613    -0.298264
   -0.564961    -0.174366    -0.298355
   -0.556823    -0.183608    -0.300156
   -0.540289    -0.191430    -0.310532
   -0.411334    -0.320385    -0.310532
   -0.386520    -0.331439    -0.323452
   -0.313608    -0.396862    -0.308122
   -0.273020    -0.407724    -0.323041
   -0.085114    -0.503467    -0.323041
   -0.024642    -0.532687    -0.315388
   -0.048504    -0.512618    -0.334074
   -0.037063    -0.521257    -0.326919
    0.128067    -0.560949    -0.308258
    0.122458    -0.555985    -0.315388
    0.146042    -0.573053    -0.290040
    0.146768    -0.576192    -0.284346
    0.271904    -0.608078    -0.193870
    0.250596    -0.556493    -0.290040
    0.278352    -0.571309    -0.256422
    0.286238    -0.569338    -0.254046
    0.366156    -0.528618    -0.254046
    0.377577    -0.531858    -0.240281
    0.405083    -0.519604    -0.225960
    0.463634    -0.461053    -0.225960
    0.480835    -0.452916    -0.215165
    0.518583    -0.410848    -0.206320
    0.521606    -0.399554    -0.210471
    0.571217    -0.302187    -0.210471
    0.581750    -0.260043    -0.223171
    0.563670    -0.226172    -0.264196
    0.568616    -0.168343    -0.271568
    0.572965    -0.140888    -0.271568
    0.495865     0.090910    -0.391671
    0.495031     0.102059    -0.390535
    0.482634     0.164382    -0.390535
    0.437541     0.220315    -0.412531
    0.437464     0.220350    -0.412581
    0.394858     0.284114    -0.412581
    0.371643     0.294386    -0.424732
    0.296864     0.369166    -0.424732
    0.296544     0.369889    -0.424354
    0.209371     0.428135    -0.424354
    0.208782     0.429451    -0.423508
    0.177446     0.458271    -0.408586
    0.171126     0.466227    -0.403089
    0.109472     0.478491    -0.403089
    0.109472     0.486945    -0.393584
    0.106367     0.500683    -0.377442
   -0.107774     0.570415    -0.251146
    0.104593     0.472276    -0.408986
   -0.120629     0.427476    -0.408986
   -0.121984     0.427380    -0.408790
   -0.146254     0.405059    -0.420347
   -0.152960     0.390093    -0.429969
   -0.381489     0.237395    -0.429969
   -0.408652     0.230818    -0.419349
   -0.412779     0.232093    -0.415648
   -0.422883     0.242196    -0.400183
   -0.480796     0.238415    -0.349358
   -0.464319     0.154959    -0.415648
   -0.473030     0.151056    -0.410048
   -0.491876     0.130564    -0.400291
   -0.498663     0.125173    -0.395601
   -0.519766     0.037802    -0.391414
   -0.514291     0.046604    -0.395601
   -0.534159     0.008520    -0.379527
   -0.568954    -0.063291    -0.339248
   -0.560613    -0.118957    -0.336177
   -0.562123    -0.097634    -0.339248
   -0.560086    -0.119530    -0.336450
   -0.544852    -0.126356    -0.346244
   -0.499596    -0.194087    -0.346244
   -0.457519    -0.212706    -0.368268
   -0.389854    -0.280371    -0.368268
   -0.296455    -0.302985    -0.404784
   -0.155356    -0.397264    -0.404784
   -0.069037    -0.416882    -0.433068
   -0.056906    -0.428039    -0.427292
    0.115655    -0.471526    -0.416989
   -0.045505    -0.428846    -0.428934
    0.105774    -0.458937    -0.428934
    0.122458    -0.499897    -0.383732
    0.116147    -0.471967    -0.416547
    0.248341    -0.540889    -0.309489
    0.250803    -0.516105    -0.336805
    0.183938    -0.458482    -0.416547
    0.242457    -0.500380    -0.356351
    0.364626    -0.526223    -0.257730
    0.359148    -0.457939    -0.323749
    0.368475    -0.467266    -0.309471
    0.322782    -0.446708    -0.356351
    0.507110    -0.236498    -0.323749
    0.508204    -0.231682    -0.325327
    0.504787    -0.226909    -0.330237
    0.508847    -0.169579    -0.338494
    0.531665    -0.054866    -0.338494
    0.465348     0.090910    -0.416716
    0.463847     0.112355    -0.414446
    0.434881     0.220458    -0.414446
    0.431506     0.222451    -0.415965
    0.370595     0.282032    -0.431646
    0.346389     0.288006    -0.441052
    0.267704     0.366691    -0.441052
    0.252285     0.370180    -0.446115
    0.209986     0.413424    -0.434982
    0.192886     0.414371    -0.437637
    0.114235     0.435446    -0.437637
    0.104593     0.436120    -0.438658
    0.035951     0.371886    -0.480168
    0.033747     0.371732    -0.479934
    0.054053     0.381995    -0.474827
   -0.155531     0.328492    -0.474472
   -0.120356     0.330440    -0.479934
   -0.248482     0.249513    -0.487010
   -0.323698     0.232490    -0.462311
   -0.212696     0.270051    -0.489517
   -0.354359     0.201829    -0.462311
   -0.405128     0.189301    -0.442584
   -0.425115     0.169749    -0.437439
   -0.449085     0.155595    -0.426654
   -0.474855     0.083428    -0.421954
   -0.467242     0.087832    -0.426654
   -0.532476    -0.015531    -0.376982
   -0.502305    -0.128133    -0.376982
   -0.485270    -0.138192    -0.384646
   -0.453806    -0.168968    -0.392746
   -0.240251    -0.298214    -0.436239
   -0.341874    -0.196591    -0.436239
   -0.095348    -0.331009    -0.483820
   -0.071609    -0.355279    -0.477572
   -0.010507    -0.358663    -0.487062
    0.080974    -0.383175    -0.487062
    0.099352    -0.384461    -0.489006
    0.100020    -0.385177    -0.488528
    0.105774    -0.408109    -0.470647
    0.178316    -0.434303    -0.437308
    0.141172    -0.374151    -0.488528
    0.157155    -0.386087    -0.476678
    0.178971    -0.418606    -0.448649
    0.305412    -0.429339    -0.377885
    0.258984    -0.284258    -0.476678
    0.292398    -0.276012    -0.463695
    0.324852    -0.244266    -0.455340
    0.342791    -0.233673    -0.447268
    0.418975     0.050650    -0.447268
    0.427535     0.055602    -0.441984
    0.376629     0.050650    -0.469903
    0.375567     0.064622    -0.468469
    0.283922     0.285873    -0.468469
    0.281724     0.286764    -0.469024
    0.250503     0.317984    -0.469024
    0.238972     0.318623    -0.470815
    0.093153     0.379023    -0.470815
   -0.070050     0.312610    -0.496670
   -0.011164     0.317087    -0.502711
   -0.166643     0.272600    -0.496670
   -0.268462     0.229533    -0.487010
   -0.338185     0.201277    -0.469410
   -0.396995     0.090408    -0.463833
   -0.384109     0.090408    -0.469410
   -0.405161     0.087832    -0.459837
   -0.367180     0.083220    -0.475448
   -0.252541    -0.193542    -0.475448
   -0.094171    -0.296519    -0.498959
   -0.159402    -0.231287    -0.498959
    0.051089    -0.336832    -0.507552
   -0.038843    -0.299581    -0.507552
    0.096312    -0.340269    -0.512192
    0.099352    -0.349907    -0.507476
    0.136890    -0.363212    -0.494988
    0.097381    -0.337752    -0.513090
    0.135482    -0.321970    -0.513090
    0.141574    -0.306937    -0.516885
    0.167380    -0.281131    -0.516885
    0.168157    -0.267104    -0.519063
    0.256961    -0.052712    -0.519063
    0.256999    -0.052202    -0.519116
    0.203662    -0.052202    -0.535295
    0.198340    -0.012059    -0.531866
   -0.005765     0.192046    -0.531866
   -0.016965     0.236712    -0.526363
   -0.011164     0.248825    -0.523418
   -0.031245     0.234819    -0.525143
   -0.197349     0.068715    -0.525143
   -0.227635     0.083220    -0.517779
   -0.112264    -0.009049    -0.541183
   -0.107473    -0.045187    -0.538095
    0.083423    -0.265464    -0.533264
    0.080259    -0.232919    -0.538095
    0.083423    -0.245539    -0.536541
    0.097381    -0.294605    -0.526178
    0.144966    -0.183996    -0.536541
    0.156755    -0.095073    -0.544138
    0.080259    -0.095073    -0.551672
   -0.005765    -0.009049    -0.551672
     1      2      3
     1      3      4
     3      2      5
     3      5      6
     3      6      7
     3      7      8
     8      7      9
     8      9     10
     8     10     11
    12     13      4
    12      4      3
    12      3      8
    12      8     11
    12     11     14
    15     13     12
    15     12     16
    15     16     17
    15     17     18
    19     20      1
    19      1      4
    19      4     13
    19     13     15
    21     22     23
    21     23      5
    21      5      2
    21      2      1
    21      1     20
    24     25     26
    24     26     27
    24     27     23
    24     23     22
    23     27      6
    23      6      5
     6     27     26
     6     26     28
     6     28     29
     6     29      9
     6      9      7
    29     28     30
    29     30     31
    29     31     32
    29     32     33
    29     33     34
    10      9     29
    10     29     34
    10     34     35
    35     34     33
    35     33     36
    35     36     37
    35     37     38
    39     40     41
    39     41     42
    39     42     43
    44     16     12
    44     12     14
    44     14     40
    44     40     39
    45     17     16
    45     16     44
    45     44     46
    47     48     49
    47     49     50
    47     50     51
    47     51     52
    47     52     53
    50     18     17
    50     17     45
    50     45     51
    49     54     55
    49     55     56
    49     56     19
    49     19     15
    49     15     18
    49     18     50
    56     57     21
    56     21     20
    56     20     19
    58     59     24
    58     24     22
    58     22     21
    58     21     57
    60     61     62
    60     62     59
    60     59     58
    62     63     25
    62     25     24
    62     24     59
    64     65     63
    64     63     62
    64     62     61
    66     30     28
    66     28     26
    66     26     25
    66     25     63
    66     63     65
    67     68     69
    67     69     31
    67     31     30
    67     30     66
    31     69     70
    31     70     71
    31     71     72
    31     72     32
    33     32     72
    33     72     73
    33     73     36
    36     73     74
    36     74     75
    36     75     37
    38     37     75
    38     75     76
    38     76     77
    38     77     78
    78     77     79
    78     79     80
    78     80     81
    78     81     82
    78     82     83
    84     85     86
    84     86     87
    84     87     88
    42     41     85
    42     85     84
    42     84     89
    42     89     90
    91     43     42
    91     42     90
    91     90     92
    93     46     44
    93     44     39
    93     39     43
    93     43     91
    93     91     94
    52     51     45
    52     45     46
    52     46     93
    52     93     95
    96     97     98
    96     98     47
    96     47     53
    96     53     99
   100    101     48
   100     48     47
   100     47     98
   102    103    101
   102    101    100
   102    100    104
   105     54     49
   105     49     48
   105     48    101
   105    101    103
   106    107     55
   106     55     54
   106     54    105
   106    105    108
   109    110     60
   109     60     58
   109     58     57
   109     57     56
   109     56     55
   109     55    107
   111    112    113
   111    113    114
   111    114    115
   111    115    110
   111    110    109
   111    109    116
   114    117    118
   114    118    115
   115    118    119
   115    119     64
   115     64     61
   115     61     60
   115     60    110
   120    121    122
   120    122    119
   120    119    118
   120    118    117
   119    122     67
   119     67     66
   119     66     65
   119     65     64
   123    124    125
   123    125     68
   123     68     67
   123     67    122
   123    122    121
   125    126    127
   125    127    128
   125    128     70
   125     70     69
   125     69     68
   129    130    131
   129    131    132
   129    132    133
   129    133    134
   129    134    127
   129    127    126
   127    134    135
   127    135    136
   127    136    128
    70    128    136
    70    136    137
    70    137    138
    70    138     71
    72     71    138
    72    138    139
    72    139    140
    72    140     74
    72     74     73
    75     74    140
    75    140    141
    75    141     76
    76    141    142
    76    142     79
    76     79     77
    80    143    144
    80    144     81
    82     81    144
    82    144    145
    82    145    146
    86     83     82
    86     82    146
    86    146    147
    86    147    148
    86    148    149
    86    149    150
    86    150     87
    88     87    150
    88    150    151
    88    151    152
   153     89     84
   153     84     88
   153     88    152
   153    152    154
   153    154    155
    92     90     89
    92     89    153
    92    153    156
   157     94     91
   157     91     92
   157     92    156
   157    156    158
   157    158    159
   160     95     93
   160     93     94
   160     94    157
    99     53     52
    99     52     95
    99     95    160
    99    160    161
   162     97     96
   162     96    163
   164    104    100
   164    100     98
   164     98     97
   164     97    162
   165    166    102
   165    102    104
   165    104    164
   165    164    167
   168    108    105
   168    105    103
   168    103    102
   168    102    166
   169    170    106
   169    106    108
   169    108    168
   169    168    171
   172    116    109
   172    109    107
   172    107    106
   172    106    170
   172    170    173
   174    175    176
   174    176    111
   174    111    116
   174    116    172
   176    177    178
   176    178    179
   176    179    112
   176    112    111
   180    181    182
   180    182    113
   180    113    112
   180    112    179
   183    184    185
   183    185    186
   183    186    182
   183    182    181
   113    182    186
   113    186    187
   113    187    120
   113    120    117
   113    117    114
   186    185    188
   186    188    189
   186    189    190
   186    190    187
   187    190    191
   187    191    123
   187    123    121
   187    121    120
   191    192    193
   191    193    194
   191    194    124
   191    124    123
   194    195    196
   194    196    129
   194    129    126
   194    126    125
   194    125    124
   196    197    198
   196    198    199
   196    199    130
   196    130    129
   199    200    201
   199    201    131
   199    131    130
   131    201    202
   131    202    203
   131    203    204
   131    204    205
   131    205    132
   132    205    206
   132    206    207
   132    207    133
   133    207    208
   133    208    209
   133    209    135
   133    135    134
   136    135    209
   136    209    210
   136    210    211
   136    211    137
   138    137    211
   138    211    212
   138    212    213
   138    213    139
   140    139    213
   140    213    214
   140    214    215
   140    215    142
   140    142    141
    79    142    215
    79    215    216
    79    216    143
    79    143     80
   144    143    216
   144    216    217
   144    217    218
   144    218    145
   146    145    218
   146    218    219
   146    219    220
   146    220    147
   147    220    221
   147    221    222
   147    222    148
   149    148    222
   149    222    223
   149    223    224
   149    224    225
   149    225    226
   149    226    227
   149    227    228
   151    150    149
   151    149    228
   151    228    229
   229    228    227
   229    227    230
   229    230    231
   229    231    232
   229    232    233
   154    152    151
   154    151    229
   154    229    233
   154    233    234
   235    155    154
   235    154    234
   235    234    236
   235    236    237
   158    156    153
   158    153    155
   158    155    235
   158    235    238
   239    159    158
   239    158    238
   239    238    240
   241    161    160
   241    160    157
   241    157    159
   241    159    239
   242    163     96
   242     96     99
   242     99    161
   242    161    241
   242    241    243
   244    245    242
   244    242    243
   244    243    246
   244    246    247
   248    167    164
   248    164    162
   248    162    163
   248    163    242
   248    242    245
   249    250    165
   249    165    167
   249    167    248
   251    171    168
   251    168    166
   251    166    165
   251    165    250
   252    253    169
   252    169    171
   252    171    251
   254    173    170
   254    170    169
   254    169    253
   255    256    257
   255    257    174
   255    174    172
   255    172    173
   255    173    254
   257    258    259
   257    259    175
   257    175    174
   259    260    177
   259    177    176
   259    176    175
   261    262    180
   261    180    179
   261    179    178
   261    178    263
   264    265    183
   264    183    181
   264    181    180
   264    180    262
   266    267    184
   266    184    183
   266    183    265
   266    265    268
   269    188    185
   269    185    184
   269    184    267
   270    271    189
   270    189    188
   270    188    269
   270    269    272
   189    271    273
   189    273    192
   189    192    191
   189    191    190
   274    275    193
   274    193    192
   274    192    273
   274    273    276
   193    275    277
   193    277    278
   193    278    195
   193    195    194
   278    279    280
   278    280    281
   278    281    197
   278    197    196
   278    196    195
   281    282    283
   281    283    284
   281    284    198
   281    198    197
   198    284    285
   198    285    286
   198    286    200
   198    200    199
   286    287    288
   286    288    289
   286    289    202
   286    202    201
   286    201    200
   202    289    290
   202    290    291
   202    291    203
   203    291    292
   203    292    293
   203    293    294
   203    294    204
   204    294    295
   204    295    206
   204    206    205
   206    295    296
   206    296    297
   206    297    298
   206    298    299
   206    299    208
   206    208    207
   209    208    299
   209    299    300
   209    300    301
   209    301    210
   211    210    301
   211    301    302
   211    302    303
   211    303    304
   211    304    212
   213    212    304
   213    304    305
   213    305    214
   215    214    305
   215    305    306
   215    306    307
   215    307    308
   215    308    217
   215    217    216
   218    217    308
   218    308    309
   218    309    219
   219    309    310
   219    310    311
   219    311    221
   219    221    220
   222    221    311
   222    311    312
   222    312    223
   223    312    313
   223    313    224
   225    314    315
   225    315    316
   225    316    317
   225    317    318
   225    318    319
   225    319    226
   227    226    319
   227    319    320
   227    320    230
   320    319    318
   320    318    321
   320    321    322
   320    322    323
   231    230    320
   231    320    323
   231    323    324
   231    324    325
   326    232    231
   326    231    325
   326    325    327
   326    327    328
   234    233    232
   234    232    326
   234    326    329
   234    329    236
   237    236    329
   237    329    330
   237    330    331
   240    238    235
   240    235    237
   240    237    331
   240    331    332
   240    332    333
   334    333    332
   334    332    335
   334    335    336
   334    336    337
   334    337    338
   246    243    241
   246    241    239
   246    239    240
   246    240    333
   246    333    334
   339    247    246
   339    246    334
   339    334    338
   339    338    340
   341    342    339
   341    339    340
   341    340    343
   341    343    344
   342    345    346
   342    346    244
   342    244    247
   342    247    339
   346    347    348
   346    348    349
   346    349    249
   346    249    248
   346    248    245
   346    245    244
   349    350    252
   349    252    251
   349    251    250
   349    250    249
   348    351    352
   348    352    353
   348    353    350
   348    350    349
   353    354    255
   353    255    254
   353    254    253
   353    253    252
   353    252    350
   352    355    356
   352    356    354
   352    354    353
   356    357    256
   356    256    255
   356    255    354
   358    359    258
   358    258    257
   358    257    256
   358    256    357
   360    260    259
   360    259    258
   360    258    359
   360    359    361
   263    178    177
   263    177    260
   263    260    360
   263    360    362
   363    364    264
   363    264    262
   363    262    261
   365    268    265
   365    265    264
   365    264    364
   366    367    266
   366    266    268
   366    268    365
   366    365    368
   369    272    269
   369    269    267
   369    267    266
   369    266    367
   370    371    270
   370    270    272
   370    272    369
   372    276    273
   372    273    271
   372    271    270
   372    270    371
   373    374    375
   373    375    376
   373    376    274
   373    274    276
   373    276    372
   376    377    378
   376    378    277
   376    277    275
   376    275    274
   378    379    380
   378    380    279
   378    279    278
   378    278    277
   380    381    382
   380    382    280
   380    280    279
   280    382    383
   280    383    282
   280    282    281
   283    384    385
   283    385    285
   283    285    284
   285    385    386
   285    386    287
   285    287    286
   288    387    388
   288    388    290
   288    290    289
   290    388    389
   290    389    292
   290    292    291
   292    389    390
   292    390    391
   292    391    392
   292    392    393
   292    393    293
   293    393    394
   293    394    296
   293    296    295
   293    295    294
   296    394    395
   296    395    396
   296    396    397
   296    397    297
   297    397    398
   297    398    399
   297    399    298
   299    298    399
   299    399    400
   299    400    401
   299    401    402
   299    402    300
   301    300    402
   301    402    403
   301    403    404
   301    404    302
   303    302    404
   303    404    405
   303    405    406
   303    406    407
   305    304    303
   305    303    407
   305    407    408
   305    408    306
   306    408    409
   306    409    410
   306    410    411
   306    411    307
   308    307    411
   308    411    412
   308    412    310
   308    310    309
   311    310    412
   311    412    413
   311    413    414
   311    414    313
   311    313    312
   224    313    414
   224    414    415
   224    415    314
   224    314    225
   415    416    315
   415    315    314
   417    317    316
   417    316    418
   417    418    419
   417    419    420
   318    317    417
   318    417    321
   421    322    321
   421    321    417
   421    417    420
   421    420    422
   421    422    423
   323    322    421
   323    421    324
   325    324    421
   325    421    423
   325    423    424
   325    424    425
   325    425    327
   328    327    425
   328    425    426
   330    329    326
   330    326    328
   330    328    426
   330    426    427
   330    427    428
   330    428    429
   332    331    330
   332    330    429
   332    429    430
   332    430    335
   431    336    335
   431    335    430
   431    430    432
   431    432    433
   431    433    434
   337    336    431
   337    431    435
   436    435    431
   436    431    434
   436    434    437
   436    437    438
   436    438    439
   340    338    337
   340    337    435
   340    435    436
   340    436    343
   344    343    436
   344    436    439
   344    439    440
   344    440    441
   441    440    442
   441    442    443
   441    443    444
   441    444    445
   344    441    445
   344    445    446
   344    446    447
   344    447    341
   447    448    449
   447    449    450
   447    450    345
   447    345    342
   447    342    341
   450    451    452
   450    452    347
   450    347    346
   450    346    345
   453    454    455
   453    455    452
   453    452    451
   452    455    456
   452    456    351
   452    351    348
   452    348    347
   457    458    459
   457    459    456
   457    456    455
   457    455    454
   456    459    460
   456    460    355
   456    355    352
   456    352    351
   461    462    463
   461    463    460
   461    460    459
   461    459    458
   460    463    358
   460    358    357
   460    357    356
   460    356    355
   464    361    359
   464    359    358
   464    358    463
   464    463    462
   465    362    360
   465    360    361
   465    361    464
   466    467    363
   466    363    261
   466    261    263
   466    263    362
   466    362    465
   468    368    365
   468    365    364
   468    364    363
   468    363    467
   469    470    471
   469    471    366
   469    366    368
   469    368    468
   472    473    474
   472    474    475
   472    475    471
   472    471    470
   471    475    476
   471    476    370
   471    370    369
   471    369    367
   471    367    366
   477    478    479
   477    479    480
   477    480    476
   477    476    475
   477    475    474
   476    480    373
   476    373    372
   476    372    371
   476    371    370
   479    481    482
   479    482    483
   479    483    374
   479    374    373
   479    373    480
   483    484    485
   483    485    375
   483    375    374
   375    485    486
   375    486    487
   375    487    377
   375    377    376
   487    488    489
   487    489    379
   487    379    378
   487    378    377
   490    491    381
   490    381    380
   490    380    379
   490    379    489
   492    383    382
   492    382    381
   492    381    491
   492    491    493
   494    495    384
   494    384    283
   494    283    282
   494    282    383
   494    383    492
   496    386    385
   496    385    384
   496    384    495
   496    495    497
   498    387    288
   498    288    287
   498    287    386
   498    386    496
   499    390    389
   499    389    388
   499    388    387
   499    387    498
   499    498    500
   501    502    391
   501    391    390
   501    390    499
   503    392    391
   503    391    502
   503    502    504
   505    395    394
   505    394    393
   505    393    392
   505    392    503
   506    507    396
   506    396    395
   506    395    505
   506    505    508
   398    397    396
   398    396    507
   398    507    509
   510    400    399
   510    399    398
   510    398    509
   510    509    511
   510    511    512
   510    512    513
   401    400    510
   401    510    514
   401    514    515
   516    403    402
   516    402    401
   516    401    515
   516    515    517
   404    403    516
   404    516    518
   404    518    519
   404    519    405
   406    405    519
   406    519    520
   406    520    521
   522    409    408
   522    408    407
   522    407    406
   522    406    521
   522    521    523
   410    409    522
   410    522    524
   410    524    525
   412    411    410
   412    410    525
   412    525    526
   412    526    527
   412    527    413
   414    413    527
   414    527    528
   414    528    529
   414    529    530
   414    530    416
   414    416    415
   315    416    530
   315    530    418
   315    418    316
   419    418    530
   419    530    529
   419    529    531
   419    531    532
   533    532    531
   533    531    534
   533    534    535
   422    420    419
   422    419    532
   422    532    533
   422    533    536
   537    536    533
   537    533    535
   537    535    538
   537    538    539
   424    423    422
   424    422    536
   424    536    537
   424    537    540
   541    540    537
   541    537    539
   541    539    542
   541    542    543
   426    425    424
   426    424    540
   426    540    541
   426    541    427
   428    427    541
   428    541    543
   428    543    544
   428    544    545
   428    545    546
   430    429    428
   430    428    546
   430    546    547
   430    547    432
   432    547    548
   432    548    549
   432    549    550
   432    550    433
   434    433    550
   434    550    551
   434    551    552
   434    552    553
   434    553    437
   552    554    555
   552    555    556
   552    556    557
   552    557    558
   552    558    553
   437    553    558
   437    558    559
   437    559    438
   559    558    557
   559    557    560
   559    560    561
   559    561    562
   559    562    563
   439    438    559
   439    559    563
   439    563    442
   439    442    440
   442    563    562
   442    562    564
   442    564    443
   443    564    565
   443    565    566
   443    566    567
   443    567    444
   445    444    567
   445    567    568
   445    568    569
   445    569    446
   446    569    570
   446    570    571
   446    571    448
   446    448    447
   571    572    573
   571    573    574
   571    574    575
   571    575    449
   571    449    448
   449    575    576
   449    576    453
   449    453    451
   449    451    450
   574    577    578
   574    578    579
   574    579    576
   574    576    575
   576    579    580
   576    580    457
   576    457    454
   576    454    453
   578    581    582
   578    582    580
   578    580    579
   580    582    583
   580    583    461
   580    461    458
   580    458    457
   584    585    586
   584    586    583
   584    583    582
   584    582    581
   583    586    587
   583    587    466
   583    466    465
   583    465    464
   583    464    462
   583    462    461
   588    589    590
   588    590    591
   588    591    587
   588    587    586
   588    586    585
   587    591    592
   587    592    593
   587    593    594
   587    594    469
   587    469    468
   587    468    467
   587    467    466
   593    595    596
   593    596    597
   593    597    594
   594    597    598
   594    598    599
   594    599    472
   594    472    470
   594    470    469
   599    473    472
   598    600    601
   598    601    602
   598    602    603
   598    603    477
   598    477    474
   598    474    473
   598    473    599
   603    604    478
   603    478    477
   605    606    481
   605    481    479
   605    479    478
   605    478    604
   607    608    482
   607    482    481
   607    481    606
   482    608    609
   482    609    610
   482    610    484
   482    484    483
   611    486    485
   611    485    484
   611    484    610
   612    488    487
   612    487    486
   612    486    611
   612    611    613
   614    615    490
   614    490    489
   614    489    488
   614    488    612
   614    612    616
   617    493    491
   617    491    490
   617    490    615
   618    619    494
   618    494    492
   618    492    493
   618    493    617
   618    617    620
   621    497    495
   621    495    494
   621    494    619
   622    500    498
   622    498    496
   622    496    497
   622    497    621
   623    624    501
   623    501    499
   623    499    500
   623    500    622
   625    504    502
   625    502    501
   625    501    624
   626    508    505
   626    505    503
   626    503    504
   626    504    625
   627    628    506
   627    506    508
   627    508    626
   509    507    506
   509    506    628
   509    628    629
   509    629    511
   630    512    511
   630    511    629
   630    629    631
   630    631    632
   513    512    630
   513    630    633
   634    514    510
   634    510    513
   634    513    633
   634    633    635
   634    635    636
   517    515    514
   517    514    634
   517    634    637
   638    518    516
   638    516    517
   638    517    637
   638    637    639
   520    519    518
   520    518    638
   520    638    640
   523    521    520
   523    520    640
   523    640    641
   523    641    642
   643    524    522
   643    522    523
   643    523    642
   643    642    644
   526    525    524
   526    524    643
   526    643    645
   526    645    646
   528    527    526
   528    526    646
   528    646    647
   528    647    648
   528    648    649
   528    649    650
   651    650    649
   651    649    652
   651    652    653
   531    529    528
   531    528    650
   531    650    651
   531    651    654
   531    654    534
   535    534    654
   535    654    655
   535    655    538
   655    654    651
   655    651    653
   655    653    656
   655    656    657
   539    538    655
   539    655    657
   539    657    658
   539    658    542
   658    657    656
   658    656    659
   658    659    660
   543    542    658
   543    658    660
   543    660    661
   543    661    544
   544    661    662
   544    662    663
   544    663    664
   544    664    545
   546    545    664
   546    664    665
   546    665    666
   546    666    548
   546    548    547
   548    666    667
   548    667    668
   548    668    549
   550    549    668
   550    668    669
   550    669    670
   550    670    671
   550    671    551
   551    671    672
   551    672    673
   551    673    554
   551    554    552
   673    674    555
   673    555    554
   555    674    675
   555    675    676
   555    676    556
   557    556    676
   557    676    677
   557    677    560
   560    677    678
   560    678    679
   560    679    680
   560    680    561
   562    561    680
   562    680    565
   562    565    564
   567    566    681
   567    681    682
   567    682    683
   567    683    568
   568    683    684
   568    684    685
   568    685    686
   568    686    570
   568    570    569
   570    686    687
   570    687    688
   570    688    572
   570    572    571
   688    689    690
   688    690    691
   688    691    692
   688    692    573
   688    573    572
   573    692    693
   573    693    577
   573    577    574
   691    694    695
   691    695    693
   691    693    692
   693    695    696
   693    696    584
   693    584    581
   693    581    578
   693    578    577
   697    698    699
   697    699    696
   697    696    695
   697    695    694
   696    699    700
   696    700    588
   696    588    585
   696    585    584
   700    701    702
   700    702    703
   700    703    704
   700    704    589
   700    589    588
   704    705    706
   704    706    590
   704    590    589
   590    706    707
   590    707    708
   590    708    709
   590    709    592
   590    592    591
   592    709    595
   592    595    593
   596    710    600
   596    600    598
   596    598    597
   711    601    600
   711    600    710
   602    712    605
   602    605    604
   602    604    603
   713    714    607
   713    607    606
   713    606    605
   713    605    712
   715    609    608
   715    608    607
   715    607    714
   716    613    611
   716    611    610
   716    610    609
   716    609    715
   716    715    717
   718    616    612
   718    612    613
   718    613    716
   719    720    614
   719    614    616
   719    616    718
   719    718    721
   722    620    617
   722    617    615
   722    615    614
   722    614    720
   723    724    725
   723    725    618
   723    618    620
   723    620    722
   725    726    727
   725    727    623
   725    623    622
   725    622    621
   725    621    619
   725    619    618
   728    729    730
   728    730    727
   728    727    726
   728    726    731
   728    731    732
   727    730    733
   727    733    627
   727    627    626
   727    626    625
   727    625    624
   727    624    623
   733    734    631
   733    631    629
   733    629    628
   733    628    627
   735    734    733
   735    733    730
   735    730    729
   735    729    736
   735    736    737
   632    631    734
   632    734    735
   632    735    738
   739    738    735
   739    735    737
   739    737    740
   739    740    741
   635    633    630
   635    630    632
   635    632    738
   635    738    739
   742    636    635
   742    635    739
   742    739    741
   742    741    743
   639    637    634
   639    634    636
   639    636    742
   639    742    744
   641    640    638
   641    638    639
   641    639    744
   641    744    745
   641    745    746
   644    642    641
   644    641    746
   644    746    747
   644    747    748
   749    645    643
   749    643    644
   749    644    748
   749    748    750
   647    646    645
   647    645    749
   647    749    751
   647    751    752
   647    752    753
   754    648    647
   754    647    753
   754    753    755
   652    649    648
   652    648    754
   652    754    756
   652    756    757
   656    653    652
   656    652    757
   656    757    758
   656    758    659
   758    757    756
   758    756    759
   758    759    760
   660    659    758
   660    758    760
   660    760    662
   660    662    661
   662    760    759
   662    759    761
   662    761    762
   662    762    663
   664    663    762
   664    762    763
   664    763    764
   664    764    765
   664    765    665
   665    765    766
   665    766    767
   665    767    667
   665    667    666
   668    667    767
   668    767    768
   668    768    769
   668    769    669
   669    769    770
   669    770    771
   669    771    670
   670    771    772
   670    772    672
   670    672    671
   672    772    773
   672    773    774
   672    774    675
   672    675    674
   672    674    673
   676    675    774
   676    774    775
   676    775    678
   676    678    677
   679    678    775
   679    775    776
   679    776    777
   679    777    778
   565    680    679
   565    679    778
   565    778    681
   565    681    566
   684    779    780
   684    780    685
   685    780    781
   685    781    782
   685    782    783
   685    783    687
   685    687    686
   687    783    784
   687    784    785
   687    785    786
   687    786    689
   687    689    688
   786    787    788
   786    788    690
   786    690    689
   690    788    789
   690    789    697
   690    697    694
   690    694    691
   789    790    791
   789    791    698
   789    698    697
   791    792    793
   791    793    794
   791    794    701
   791    701    700
   791    700    699
   791    699    698
   794    795    796
   794    796    702
   794    702    701
   702    796    797
   702    797    798
   702    798    703
   703    798    799
   703    799    800
   703    800    705
   703    705    704
   800    707    706
   800    706    705
   708    801    802
   708    802    711
   708    711    710
   708    710    596
   708    596    595
   708    595    709
   803    804    802
   803    802    801
   802    804    805
   802    805    713
   802    713    712
   802    712    602
   802    602    601
   802    601    711
   806    717    715
   806    715    714
   806    714    713
   806    713    805
   807    721    718
   807    718    716
   807    716    717
   807    717    806
   808    809    810
   808    810    719
   808    719    721
   808    721    807
   810    811    723
   810    723    722
   810    722    720
   810    720    719
   812    813    724
   812    724    723
   812    723    811
   814    731    726
   814    726    725
   814    725    724
   814    724    813
   814    813    815
   816    732    731
   816    731    814
   816    814    817
   816    817    818
   819    820    821
   819    821    728
   819    728    732
   819    732    816
   821    822    736
   821    736    729
   821    729    728
   823    822    821
   823    821    820
   823    820    824
   823    824    825
   823    825    826
   740    737    736
   740    736    822
   740    822    823
   740    823    827
   828    827    823
   828    823    826
   828    826    829
   743    741    740
   743    740    827
   743    827    828
   743    828    830
   745    744    742
   745    742    743
   745    743    830
   745    830    831
   745    831    832
   747    746    745
   747    745    832
   747    832    833
   747    833    834
   750    748    747
   750    747    834
   750    834    835
   750    835    836
   837    751    749
   837    749    750
   837    750    836
   837    836    838
   837    838    839
   840    752    751
   840    751    837
   840    837    841
   755    753    752
   755    752    840
   755    840    842
   755    842    843
   759    756    754
   759    754    755
   759    755    843
   759    843    844
   759    844    761
   844    843    842
   844    842    845
   844    845    846
   762    761    844
   762    844    846
   762    846    847
   762    847    763
   763    847    848
   763    848    849
   763    849    764
   764    849    850
   764    850    766
   764    766    765
   767    766    850
   767    850    851
   767    851    852
   767    852    768
   768    852    853
   768    853    770
   768    770    769
   770    853    854
   770    854    855
   770    855    773
   770    773    772
   770    772    771
   775    774    773
   775    773    855
   775    855    856
   775    856    776
   777    776    856
   777    856    857
   777    857    858
   777    858    859
   681    778    777
   681    777    859
   681    859    682
   781    860    861
   781    861    782
   782    861    862
   782    862    784
   782    784    783
   785    863    787
   785    787    786
   864    865    790
   864    790    789
   864    789    788
   864    788    787
   864    787    863
   866    867    868
   866    868    792
   866    792    791
   866    791    790
   866    790    865
   868    869    870
   868    870    793
   868    793    792
   793    870    871
   793    871    872
   793    872    795
   793    795    794
   872    873    874
   872    874    797
   872    797    796
   872    796    795
   797    874    875
   797    875    799
   797    799    798
   799    875    876
   799    876    803
   799    803    801
   799    801    708
   799    708    707
   799    707    800
   877    878    879
   877    879    876
   877    876    875
   877    875    874
   877    874    873
   876    879    880
   876    880    808
   876    808    807
   876    807    806
   876    806    805
   876    805    804
   876    804    803
   880    881    882
   880    882    883
   880    883    884
   880    884    885
   880    885    809
   880    809    808
   885    886    812
   885    812    811
   885    811    810
   885    810    809
   884    887    888
   884    888    886
   884    886    885
   888    889    890
   888    890    815
   888    815    813
   888    813    812
   888    812    886
   891    817    814
   891    814    815
   891    815    890
   891    890    892
   893    818    817
   893    817    891
   894    824    820
   894    820    819
   895    825    824
   895    824    894
   895    894    896
   829    826    825
   829    825    895
   829    895    897
   831    830    828
   831    828    829
   831    829    897
   831    897    898
   831    898    899
   833    832    831
   833    831    899
   833    899    900
   833    900    901
   835    834    833
   835    833    901
   835    901    902
   835    902    903
   838    836    835
   838    835    903
   838    903    904
   838    904    905
   906    839    838
   906    838    905
   906    905    907
   906    907    908
   909    841    837
   909    837    839
   909    839    906
   909    906    910
   845    842    840
   845    840    841
   845    841    909
   845    909    911
   912    911    909
   912    909    910
   912    910    913
   912    913    914
   915    848    847
   915    847    846
   915    846    845
   915    845    911
   915    911    912
   916    917    915
   916    915    912
   916    912    914
   916    914    918
   850    849    848
   850    848    915
   850    915    917
   850    917    851
   854    853    852
   854    852    851
   854    851    917
   854    917    916
   854    916    919
   856    855    854
   856    854    919
   856    919    920
   856    920    857
   858    857    920
   858    920    921
   858    921    922
   858    922    923
   682    859    858
   682    858    923
   682    923    779
   682    779    684
   682    684    683
   924    925    862
   924    862    861
   924    861    860
   784    862    925
   784    925    926
   784    926    864
   784    864    863
   784    863    785
   926    927    928
   926    928    866
   926    866    865
   926    865    864
   928    929    930
   928    930    867
   928    867    866
   930    931    932
   930    932    869
   930    869    868
   930    868    867
   932    933    934
   932    934    871
   932    871    870
   932    870    869
   871    934    935
   871    935    877
   871    877    873
   871    873    872
   936    937    878
   936    878    877
   936    877    935
   936    935    938
   939    881    880
   939    880    879
   939    879    878
   939    878    937
   939    937    940
   941    942    882
   941    882    881
   941    881    939
   941    939    943
   944    945    883
   944    883    882
   944    882    942
   883    945    946
   883    946    947
   883    947    887
   883    887    884
   948    889    888
   948    888    887
   948    887    947
   948    947    949
   892    890    889
   892    889    948
   950    896    894
   950    894    819
   950    819    816
   950    816    818
   950    818    893
   898    897    895
   898    895    896
   898    896    950
   898    950    951
   900    899    898
   900    898    951
   900    951    952
   900    952    953
   954    902    901
   954    901    900
   954    900    953
   954    953    955
   903    902    954
   903    954    956
   903    956    957
   903    957    904
   905    904    957
   905    957    958
   905    958    959
   905    959    907
   908    907    959
   908    959    960
   908    960    961
   908    961    962
   913    910    906
   913    906    908
   913    908    962
   913    962    963
   963    962    961
   963    961    964
   963    964    965
   963    965    966
   918    914    913
   918    913    963
   918    963    966
   918    966    967
   967    966    965
   967    965    968
   967    968    969
   920    919    916
   920    916    918
   920    918    967
   920    967    969
   920    969    970
   920    970    971
   920    971    921
   921    971    972
   921    972    973
   921    973    922
   923    922    973
   923    973    924
   923    924    860
   923    860    781
   923    781    780
   923    780    779
   973    972    974
   973    974    975
   973    975    927
   973    927    926
   973    926    925
   973    925    924
   975    976    929
   975    929    928
   975    928    927
   977    978    931
   977    931    930
   977    930    929
   977    929    976
   979    980    933
   979    933    932
   979    932    931
   979    931    978
   938    935    934
   938    934    933
   938    933    980
   981    940    937
   981    937    936
   981    936    982
   983    943    939
   983    939    940
   983    940    981
   984    985    944
   984    944    942
   984    942    941
   986    946    945
   986    945    944
   986    944    985
   986    985    987
   988    949    947
   988    947    946
   988    946    986
   952    951    950
   952    950    893
   952    893    891
   952    891    892
   952    892    948
   952    948    949
   952    949    988
   955    953    952
   955    952    988
   955    988    986
   955    986    987
   955    987    989
   955    989    990
   991    956    954
   991    954    955
   991    955    990
   991    990    992
   993    958    957
   993    957    956
   993    956    991
   993    991    994
   959    958    993
   959    993    995
   959    995    996
   959    996    960
   961    960    996
   961    996    997
   961    997    964
   997    996    995
   997    995    998
   997    998    999
   965    964    997
   965    997    999
   965    999   1000
   965   1000   1001
   965   1001    968
   969    968   1001
   969   1001   1002
   969   1002   1003
   969   1003    970
   970   1003   1004
   970   1004    974
   970    974    972
   970    972    971
   974   1004   1005
   974   1005   1006
   974   1006    977
   974    977    976
   974    976    975
  1006   1007   1008
  1006   1008   1009
  1006   1009    979
  1006    979    978
  1006    978    977
  1009    982    936
  1009    936    938
  1009    938    980
  1009    980    979
  1008   1010    983
  1008    983    981
  1008    981    982
  1008    982   1009
  1011   1012    984
  1011    984    941
  1011    941    943
  1011    943    983
  1011    983   1010
   989    987    985
   989    985    984
   989    984   1012
   992    990    989
   992    989   1012
   992   1012   1011
   992   1011   1013
   992   1013   1014
  1015    994    991
  1015    991    992
  1015    992   1014
  1015   1014   1016
  1015   1016   1017
  1018    998    995
  1018    995    993
  1018    993    994
  1018    994   1015
   999    998   1018
   999   1018   1000
  1001   1000   1018
  1001   1018   1015
  1001   1015   1017
  1001   1017   1019
  1001   1019   1002
  1002   1019   1020
  1002   1020   1005
  1002   1005   1004
  1002   1004   1003
  1005   1020   1021
  1005   1021   1022
  1005   1022   1007
  1005   1007   1006
  1022   1013   1011
  1022   1011   1010
  1022   1010   1008
  1022   1008   1007
  1021   1016   1014
  1021   1014   1013
  1021   1013   1022
  1017   1016   1021
  1017   1021   1020
  1017   1020   1019
    14     11     10
    14     10     35
    14     35     38
    14     38     78
    14     78     83
    14     83     86
    14     86     85
    14     85     41
    14     41     40
