$$SOE
 2018-Jun-08 06:44:46.108  m  267.12733 -25.67915  0.156791  1.67082681132728  -4.4720556    3.9527 265.4779  -1.8406
 2018-Jun-08 06:48:50.462  m  267.12656 -25.67923  0.156792  1.67081951295913  -4.4643578    3.9515 265.4778  -1.8407
 2018-Jun-08 06:52:55.671  m  267.12580 -25.67932  0.156793  1.67081220165884  -4.4566767    3.9502 265.4778  -1.8408
 2018-Jun-08 06:56:58.647  m  267.12504 -25.67940  0.156793  1.67080496931814  -4.4491108    3.9490 265.4777  -1.8409
 2018-Jun-08 07:01:01.848  m  267.12428 -25.67948  0.156794  1.67079774255062  -4.4415850    3.9478 265.4777  -1.8409
 2018-Jun-08 07:31:41.969  m  267.11853 -25.68009  0.156799  1.67074345211293  -4.3863665    3.9384 265.4773  -1.8415
 2018-Jun-08 07:35:46.382  m  267.11777 -25.68017  0.156800  1.67073629147981  -4.3792872    3.9372 265.4773  -1.8416
 2018-Jun-08 07:39:52.541  m  267.11700 -25.68026  0.156800  1.67072909132628  -4.3722238    3.9359 265.4772  -1.8417
 2018-Jun-08 07:43:56.521  m  267.11624 -25.68034  0.156801  1.67072196632655  -4.3652905    3.9347 265.4772  -1.8417
 2018-Jun-08 07:47:59.720  m  267.11549 -25.68042  0.156802  1.67071487532759  -4.3584481    3.9334 265.4772  -1.8418
 2018-Jun-12 04:13:13.820     266.09154 -25.79207  0.157573  1.66253820358575  -2.8453381    2.2983 265.4222  -1.9460
 2018-Jun-12 04:17:18.070     266.09075 -25.79215  0.157573  1.66253356449192  -2.8373517    2.2971 265.4221  -1.9460
 2018-Jun-12 04:21:23.812     266.08996 -25.79223  0.157574  1.66252891024195  -2.8292911    2.2959 265.4221  -1.9461
 2018-Jun-12 04:25:27.190     266.08917 -25.79231  0.157574  1.66252431383439  -2.8212850    2.2947 265.4220  -1.9462
 2018-Jun-12 04:29:30.982     266.08838 -25.79239  0.157575  1.66251972268283  -2.8132444    2.2936 265.4219  -1.9463
 2018-Jun-17 03:01:14.896     264.74049 -25.91645  0.158000  1.65804654464606  -0.5423061    0.9855 265.3372  -2.0760
 2018-Jun-17 03:05:19.184     264.73969 -25.91652  0.158000  1.65804566523415  -0.5347582    0.9857 265.3372  -2.0761
 2018-Jun-17 03:09:25.023     264.73888 -25.91659  0.158000  1.65804479272257  -0.5271130    0.9859 265.3371  -2.0761
 2018-Jun-17 03:13:29.387     264.73808 -25.91666  0.158000  1.65804393793541  -0.5194668    0.9862 265.3371  -2.0762
 2018-Jun-17 03:17:33.234     264.73728 -25.91673  0.158000  1.65804309744359  -0.5117921    0.9864 265.3370  -2.0763
 2018-Jul-10 03:39:43.674     259.00790 -26.21737  0.151982  1.72369818183076  10.0363463   10.1857 265.2053  -2.6055
 2018-Jul-10 03:43:47.453     259.00731 -26.21739  0.151981  1.72371454314870  10.0440385   10.1868 265.2053  -2.6055
 2018-Jul-10 03:47:52.734     259.00672 -26.21740  0.151979  1.72373101789708  10.0517482   10.1880 265.2053  -2.6056
 2018-Jul-10 03:51:56.639     259.00613 -26.21741  0.151978  1.72374741273471  10.0593827   10.1891 265.2054  -2.6056
 2018-Jul-10 03:55:59.920     259.00554 -26.21742  0.151976  1.72376377799980  10.0669640   10.1902 265.2054  -2.6057
 2018-Jul-10 04:44:06.865     258.99857 -26.21754  0.151959  1.72395890016438  10.1536521   10.2034 265.2058  -2.6063
 2018-Jul-10 04:48:11.622     258.99798 -26.21755  0.151958  1.72397551849368  10.1606653   10.2045 265.2059  -2.6064
 2018-Jul-10 04:52:17.000     258.99739 -26.21756  0.151956  1.72399219045430  10.1676347   10.2056 265.2059  -2.6065
 2018-Jul-10 04:56:20.805     258.99681 -26.21757  0.151955  1.72400876681021  10.1744964   10.2067 265.2059  -2.6065
 2018-Jul-10 05:00:22.122     258.99623 -26.21758  0.151953  1.72402518496917  10.1812245   10.2078 265.2060  -2.6066
$$EOE
