1012 2020
    0.108006     0.081931     0.502092
    0.105641     0.073457     0.503875
    0.100853     0.015677     0.512587
    0.100853    -0.043702     0.520048
    0.119414    -0.043702     0.514418
    0.124489    -0.041547     0.512608
    0.150050    -0.019571     0.502092
    0.105970     0.118711     0.496380
    0.105641     0.105475     0.498610
    0.200139     0.475824     0.391604
    0.198398     0.476545     0.391604
    0.163997     0.395514     0.420507
    0.159566     0.375387     0.427169
    0.122001     0.244033     0.466975
    0.099376     0.188206     0.481068
    0.105970     0.171882     0.486848
    0.100701     0.016220     0.512473
   -0.020835    -0.277194     0.512473
    0.004137    -0.277194     0.520048
   -0.065538    -0.296172     0.496528
   -0.033408    -0.373740     0.496528
   -0.008483    -0.348815     0.507220
    0.002861    -0.308160     0.515770
    0.004137    -0.292760     0.518092
   -0.006079    -0.348144     0.507726
    0.002861    -0.329479     0.512265
   -0.035115    -0.377964     0.495032
   -0.009725    -0.388481     0.495032
   -0.006079    -0.379892     0.498096
    0.007870    -0.330876     0.511212
    0.022833    -0.367916     0.498096
    0.009013    -0.310233     0.514418
    0.370298     0.294264     0.340385
    0.327451     0.454172     0.340385
    0.160739    -0.016200     0.496862
    0.343219    -0.016200     0.399324
    0.363371     0.002618     0.385857
    0.387297     0.051293     0.366097
    0.324980     0.498793     0.333455
    0.219507     0.495192     0.379749
    0.377471     0.665038     0.240616
    0.260580     0.781929     0.240616
    0.226307     0.694376     0.292323
    0.363112     0.549851     0.295600
    0.365657     0.558724     0.290754
    0.208914     0.688211     0.298110
    0.198398     0.654870     0.314425
    0.261928     0.808858     0.226030
    0.226017     0.818481     0.226030
    0.208914     0.788916     0.244282
    0.135000     0.769110     0.244282
    0.123555     0.749729     0.253003
    0.154614     0.670388     0.299859
    0.063604     0.736160     0.233316
   -0.438624     0.233933     0.233316
   -0.362051     0.203957     0.278538
   -0.184792    -0.296172     0.444915
   -0.511862     0.237598     0.193645
   -0.519874     0.232866     0.190040
   -0.574693     0.028277     0.190040
   -0.577197    -0.007516     0.193828
   -0.565557    -0.047452     0.205769
   -0.516202    -0.190140     0.252586
   -0.503093    -0.216809     0.263413
   -0.477750    -0.257556     0.282795
   -0.474694    -0.261955     0.285058
   -0.437363    -0.296813     0.310005
   -0.422874    -0.305195     0.318950
   -0.213400    -0.305195     0.430916
   -0.394599    -0.410720     0.318950
   -0.359726    -0.484237     0.327060
   -0.348813    -0.499485     0.330709
   -0.337189    -0.506349     0.335939
   -0.313754    -0.505176     0.348634
   -0.279530    -0.491779     0.368845
   -0.144314    -0.487164     0.428194
   -0.274163    -0.544768     0.348634
   -0.247527    -0.550796     0.357380
   -0.217217    -0.542101     0.373935
   -0.144332    -0.487669     0.427973
   -0.143335    -0.487724     0.428127
   -0.009725    -0.440369     0.472575
   -0.034235    -0.516958     0.428127
   -0.001312    -0.519261     0.431611
   -0.001312    -0.467045     0.459521
    0.091202    -0.499834     0.428745
    0.047361    -0.571386     0.396779
    0.112391    -0.553962     0.396779
    0.088956    -0.434040     0.457623
    0.265738    -0.440075     0.380031
    0.173933    -0.599923     0.351151
    0.296729    -0.477126     0.351151
    0.270430    -0.441911     0.377259
    0.328631    -0.224701     0.377259
    0.398258     0.073793     0.353429
    0.380159     0.315821     0.328773
    0.379421     0.319530     0.328773
    0.391170     0.055617     0.362214
    0.403720     0.787575     0.160725
    0.398881     0.808865     0.153749
    0.392526     0.818377     0.153749
    0.381104     0.683817     0.229055
    0.387913     0.837427     0.146301
    0.383073     0.842267     0.146301
    0.378490     0.843377     0.148093
    0.279445     0.834970     0.203523
    0.315345     0.885569     0.148093
    0.279155     0.893794     0.159951
    0.277319     0.885898     0.166731
    0.228276     0.868188     0.189271
    0.226017     0.859184     0.196292
    0.273734     0.900618     0.155236
    0.233074     0.908706     0.155236
    0.228276     0.909064     0.155725
    0.223217     0.913594     0.151181
    0.200166     0.911870     0.148833
    0.137903     0.899485     0.148833
    0.140057     0.890223     0.156786
    0.132804     0.903136     0.143588
   -0.034826     0.865038     0.088661
   -0.194869     0.758100     0.088661
   -0.317429     0.728426     0.040745
   -0.486566     0.559289     0.040745
   -0.512192     0.520367     0.047604
   -0.529719     0.447976     0.075906
   -0.585630     0.364299     0.075906
   -0.586752     0.361165     0.076630
   -0.615636     0.234075     0.118273
   -0.615146     0.231826     0.119754
   -0.613104     0.228974     0.122687
   -0.618614     0.151165     0.133894
   -0.618607     0.149890     0.134149
   -0.621795     0.107257     0.138492
   -0.621500     0.106088     0.138924
   -0.443758    -0.314523     0.301866
   -0.344264    -0.519502     0.324150
   -0.338977    -0.527414     0.324150
   -0.334869    -0.544380     0.317518
   -0.317925    -0.548483     0.324142
   -0.295754    -0.563297     0.324142
   -0.272400    -0.568605     0.331794
   -0.122452    -0.548812     0.387584
   -0.031760    -0.566852     0.387584
    0.047715    -0.572795     0.395681
    0.052693    -0.576761     0.391808
    0.117207    -0.634531     0.333866
    0.121368    -0.634219     0.333443
    0.175271    -0.623497     0.333443
    0.174643    -0.620797     0.335761
    0.175422    -0.602143     0.349237
    0.198086    -0.639832     0.309974
    0.223538    -0.634047     0.301635
    0.260480    -0.609363     0.301635
    0.304660    -0.482447     0.344315
    0.284666    -0.603507     0.292179
    0.308242    -0.579931     0.292179
    0.311717    -0.565581     0.297789
    0.331294    -0.493302     0.319131
    0.322975    -0.481682     0.331084
    0.332613    -0.534307     0.297789
    0.336502    -0.517194     0.303396
    0.339116    -0.253738     0.363914
    0.347264    -0.212775     0.363914
    0.406612     0.086200     0.340855
    0.388170     0.311870     0.319774
    0.385127     0.331079     0.319774
    0.406628     0.793023     0.154126
    0.401851     0.812138     0.148365
    0.399570     0.816614     0.148365
    0.394108     0.837023     0.140864
    0.396310     0.844783     0.131511
    0.381973     0.859119     0.131511
    0.379303     0.864764     0.127969
    0.362044     0.880251     0.124340
    0.335482     0.887359     0.134103
    0.298738     0.906081     0.134103
    0.272541     0.912629     0.141998
    0.268627     0.915584     0.139550
    0.257200     0.916562     0.141007
    0.232055     0.920544     0.141007
    0.223217     0.921266     0.141832
    0.215232     0.926644     0.133739
    0.185809     0.924239     0.130991
    0.169913     0.921722     0.130991
    0.134348     0.918679     0.126457
    0.118464     0.927159     0.107217
    0.116370     0.927363     0.105741
   -0.016437     0.894169     0.065720
   -0.067849     0.867973     0.065720
   -0.210504     0.829796     0.013286
   -0.221389     0.823139     0.012720
   -0.316837     0.737494     0.032787
   -0.341638     0.726446     0.019875
   -0.468710     0.599374     0.019875
   -0.557324     0.470069     0.037029
   -0.597788     0.339504     0.076630
   -0.621428     0.244925     0.105131
   -0.621331     0.159509     0.128973
   -0.621951     0.155592     0.128973
   -0.625071     0.117423     0.132538
   -0.513238    -0.208852     0.252586
   -0.506183    -0.220247     0.258984
   -0.504728    -0.221829     0.260452
   -0.357233    -0.494209     0.324055
   -0.344276    -0.519639     0.324055
   -0.337067    -0.546577     0.314154
   -0.343973    -0.572183     0.283836
   -0.341395    -0.574761     0.283836
   -0.336377    -0.566909     0.295920
   -0.337518    -0.549430     0.311260
   -0.340999    -0.582667     0.274892
   -0.288623    -0.609354     0.274892
   -0.269373    -0.599079     0.298207
   -0.159569    -0.608470     0.312206
    0.117207    -0.652307     0.312206
    0.128915    -0.662668     0.297322
    0.140940    -0.670765     0.285135
    0.196704    -0.661933     0.285135
    0.196221    -0.658594     0.289296
    0.203218    -0.665410     0.277245
    0.258646    -0.637168     0.277245
    0.275842    -0.632566     0.270924
    0.283200    -0.625964     0.272470
    0.289886    -0.622986     0.268989
    0.334666    -0.578206     0.268989
    0.336441    -0.577366     0.267875
    0.343104    -0.577032     0.260338
    0.355479    -0.552745     0.260338
    0.353619    -0.232289     0.352406
    0.382589    -0.049378     0.352406
    0.543719     0.086200     0.084346
    0.536894     0.163968     0.077961
    0.473391     0.646320     0.077961
    0.464381     0.739887     0.067796
    0.446667     0.771335     0.090075
    0.431679     0.788631     0.111509
    0.407803     0.846271     0.111509
    0.403312     0.844248     0.121285
    0.397249     0.845523     0.129511
    0.407952     0.847836     0.109326
    0.395880     0.863569     0.109326
    0.395202     0.862890     0.111265
    0.395337     0.867432     0.103750
    0.359613     0.894844     0.103750
    0.358906     0.895181     0.104084
    0.353085     0.899506     0.102017
    0.326554     0.907347     0.110645
    0.298802     0.918842     0.110645
    0.272925     0.925843     0.117465
    0.267120     0.924177     0.124932
    0.252019     0.925631     0.126572
    0.230322     0.928488     0.126572
    0.215232     0.929812     0.127811
    0.202676     0.935253     0.114540
    0.167160     0.932136     0.111624
    0.159024     0.931064     0.111624
    0.097672     0.932728     0.081692
    0.072891     0.931883     0.064412
   -0.022915     0.905963     0.039162
   -0.047928     0.895602     0.039162
   -0.169777     0.859595    -0.000463
   -0.172065     0.858363    -0.000363
   -0.248794     0.810101    -0.000205
   -0.360751     0.724193    -0.000205
   -0.368129     0.720371    -0.004440
   -0.452593     0.635908    -0.004440
   -0.467883     0.606391     0.012503
   -0.537819     0.515248     0.012503
   -0.559535     0.469604     0.034030
   -0.579749     0.442406     0.024372
   -0.599439     0.375775     0.046040
   -0.644096     0.267964     0.046040
   -0.646945     0.257431     0.048816
   -0.642307     0.241263     0.069611
   -0.642711     0.237064     0.070067
   -0.651642     0.169227     0.070067
   -0.645718     0.155554     0.084519
   -0.598229    -0.070676     0.138924
   -0.579166    -0.100860     0.167154
   -0.527805    -0.192044     0.231757
   -0.360744    -0.571367     0.258984
   -0.359357    -0.576064     0.257457
   -0.351099    -0.577800     0.268660
   -0.365113    -0.636667     0.172921
   -0.362900    -0.634454     0.179248
   -0.349286    -0.593182     0.252499
   -0.373433    -0.662477     0.120844
   -0.372332    -0.670307     0.109544
   -0.360762    -0.644622     0.165453
   -0.303766    -0.642029     0.213520
   -0.374465    -0.718887     0.018803
   -0.371959    -0.724281     0.010814
   -0.290643    -0.757963     0.010814
   -0.283078    -0.760010     0.012808
   -0.273742    -0.765268     0.006193
   -0.271303    -0.766808     0.003912
   -0.029025    -0.798705     0.003912
    0.070363    -0.807428     0.012072
    0.112719    -0.789076     0.056839
    0.147722    -0.770122     0.100920
    0.147722    -0.700096     0.231930
    0.205574    -0.714837     0.190102
    0.168700    -0.767361     0.100920
    0.178684    -0.761055     0.110257
    0.206810    -0.732286     0.157154
    0.211215    -0.682665     0.244835
    0.264799    -0.685103     0.199646
    0.257379    -0.711339     0.157154
    0.270891    -0.698626     0.170209
    0.278971    -0.694782     0.166398
    0.374639    -0.621373     0.166398
    0.367148    -0.613881     0.187816
    0.369077    -0.597503     0.205023
    0.422213    -0.614688     0.097739
    0.428678    -0.606263     0.097739
    0.396456    -0.591748     0.167877
    0.395526    -0.571306     0.185117
    0.477644    -0.583504     0.025205
    0.489524    -0.554823     0.025205
    0.506415    -0.535332     0.001051
    0.575633     0.012545     0.006497
    0.506846    -0.534911     0.000349
    0.509272    -0.531069    -0.003244
    0.565221    -0.106098    -0.003244
    0.615504     0.012545    -0.124940
    0.612209     0.048493    -0.127429
    0.594703     0.203861    -0.127429
    0.572457     0.386457    -0.121917
    0.571240     0.395929    -0.121422
    0.562143     0.460283    -0.119504
    0.521055     0.627983    -0.061087
    0.506413     0.683000    -0.038350
    0.503518     0.693055    -0.033524
    0.491527     0.725549    -0.009823
    0.488314     0.732057    -0.002580
    0.472040     0.778565    -0.002580
    0.464850     0.793164     0.004332
    0.444253     0.826840     0.033598
    0.444054     0.827058     0.034004
    0.432331     0.842091     0.049062
    0.412276     0.850826     0.094087
    0.422226     0.858173     0.049062
    0.416693     0.864306     0.054250
    0.412125     0.867372     0.062416
    0.409075     0.865207     0.076050
    0.397406     0.869501     0.095331
    0.396569     0.882928     0.062416
    0.393747     0.885074     0.064183
    0.391334     0.886004     0.068062
    0.385967     0.888977     0.070697
    0.370481     0.898708     0.070697
    0.352721     0.907571     0.077796
    0.349329     0.908129     0.082658
    0.318170     0.917933     0.091157
    0.312594     0.919885     0.091157
    0.282108     0.928527     0.097882
    0.281284     0.928673     0.098354
    0.272087     0.928405     0.109931
    0.247087     0.930970     0.112161
    0.226478     0.933293     0.112161
    0.202676     0.935474     0.113809
    0.187743     0.938461     0.098416
    0.166891     0.939436     0.087459
    0.136607     0.936659     0.085362
    0.133151     0.936369     0.084857
    0.066243     0.932077     0.056044
    0.058370     0.930813     0.051090
    0.015222     0.923164     0.026354
   -0.036659     0.908457     0.014909
   -0.047018     0.904832     0.014909
   -0.132277     0.878005    -0.008345
   -0.147212     0.872528    -0.010287
   -0.192011     0.848410    -0.008334
   -0.255275     0.808658    -0.008334
   -0.268034     0.801589    -0.014599
   -0.279786     0.793783    -0.017388
   -0.317913     0.764527    -0.017388
   -0.366969     0.723524    -0.009650
   -0.378148     0.715023    -0.016649
   -0.459948     0.633223    -0.016649
   -0.459970     0.633193    -0.016631
   -0.527410     0.552508    -0.029359
   -0.530945     0.546127    -0.026226
   -0.600812     0.434935    -0.026226
   -0.601898     0.432758    -0.025356
   -0.637890     0.369961    -0.052697
   -0.639456     0.366896    -0.053509
   -0.639653     0.366497    -0.053698
   -0.675912     0.262874    -0.053698
   -0.680120     0.248029    -0.050423
   -0.675224     0.248179    -0.034339
   -0.664064     0.172808     0.030447
   -0.684175     0.237465    -0.059867
   -0.689528     0.189957    -0.059867
   -0.691100     0.172808    -0.058680
   -0.691954     0.168542    -0.063077
   -0.692209     0.163076    -0.065949
   -0.692209     0.125928    -0.079747
   -0.687210     0.071396    -0.083522
   -0.674665    -0.039944    -0.083522
   -0.674057    -0.045867    -0.084050
   -0.674130    -0.048380    -0.087214
   -0.626143    -0.217658    -0.124557
   -0.511200    -0.546146    -0.124557
   -0.510028    -0.549869    -0.125572
   -0.463015    -0.631897    -0.089859
   -0.452108    -0.645883    -0.075850
   -0.389116    -0.673319     0.065576
   -0.419908    -0.697128    -0.075850
   -0.397019    -0.722504    -0.054385
   -0.394370    -0.725000    -0.051042
   -0.385416    -0.731008    -0.035034
   -0.379257    -0.726639    -0.007511
   -0.378152    -0.722574     0.003800
   -0.382391    -0.734033    -0.035034
   -0.381124    -0.734996    -0.034241
   -0.380962    -0.735059    -0.033981
   -0.377800    -0.730601    -0.014059
   -0.376524    -0.730885    -0.012459
   -0.372349    -0.740471    -0.033981
   -0.370167    -0.742172    -0.036166
   -0.353719    -0.751599    -0.043327
   -0.348496    -0.754268    -0.044712
   -0.344831    -0.755422    -0.043712
   -0.281839    -0.777463    -0.043712
   -0.266383    -0.781845    -0.040303
   -0.249865    -0.787940    -0.052351
   -0.198312    -0.801661    -0.073656
   -0.171311    -0.808276    -0.083061
   -0.125450    -0.812983    -0.078970
   -0.087756    -0.817230    -0.078970
   -0.037068    -0.821876    -0.075461
    0.013188    -0.819528    -0.049052
    0.031265    -0.818594    -0.039260
    0.059021    -0.813043    -0.010650
    0.070363    -0.810254     0.002755
    0.086954    -0.808385     0.002755
    0.129263    -0.797397     0.023262
    0.140302    -0.793160     0.033130
    0.159986    -0.785896     0.047487
    0.163146    -0.784336     0.051004
    0.212034    -0.767229     0.051004
    0.225735    -0.758849     0.062912
    0.240329    -0.750484     0.069266
    0.275685    -0.732840     0.055135
    0.367682    -0.675035     0.055135
    0.405321    -0.654180     0.036653
    0.412416    -0.648251     0.037772
    0.424078    -0.616553     0.090148
    0.450704    -0.619133     0.013797
    0.470284    -0.599552     0.013797
    0.476022    -0.594653     0.009243
    0.478389    -0.584019     0.022580
    0.483608    -0.589562    -0.004318
    0.494582    -0.577395    -0.014610
    0.494954    -0.576804    -0.014610
    0.505516    -0.563260    -0.028177
    0.506750    -0.561903    -0.030697
    0.507023    -0.561516    -0.031156
    0.513325    -0.551214    -0.040110
    0.518768    -0.541044    -0.046368
    0.523995    -0.530431    -0.051393
    0.525646    -0.525712    -0.051393
    0.529408    -0.518094    -0.059871
    0.533481    -0.507057    -0.067921
    0.540070    -0.484167    -0.078908
    0.547068    -0.457871    -0.089775
    0.578833    -0.328226    -0.134936
    0.587906    -0.259308    -0.134936
    0.596511    -0.188678    -0.137068
    0.613433    -0.038494    -0.137068
    0.617037     0.000825    -0.134346
    0.617037     0.001728    -0.134011
    0.616845     0.005841    -0.131850
    0.614175     0.032948    -0.131850
    0.613243     0.042084    -0.131527
    0.612209     0.051931    -0.130866
    0.604030     0.124517    -0.130866
    0.489167     0.737562    -0.024075
    0.484648     0.750475    -0.024075
    0.483477     0.753668    -0.023659
    0.458721     0.804630     0.004332
    0.439884     0.837723     0.017269
    0.439376     0.838533     0.017269
    0.429273     0.852076     0.027798
    0.420095     0.863260     0.027798
    0.414938     0.869105     0.031541
    0.411631     0.872412     0.037709
    0.407325     0.876211     0.040466
    0.400266     0.882004     0.040466
    0.394391     0.886386     0.045034
    0.390143     0.889241     0.051611
    0.380756     0.894584     0.055281
    0.374199     0.898088     0.055281
    0.351919     0.908324     0.074145
    0.345826     0.910456     0.074145
    0.322815     0.917876     0.079030
    0.302150     0.924144     0.079030
    0.241140     0.933196     0.098354
    0.240223     0.933293     0.098416
    0.138219     0.939436     0.058786
    0.107080     0.936369     0.058786
   -0.006248     0.918470     0.006159
   -0.023250     0.913945    -0.000867
   -0.049957     0.905844    -0.000867
   -0.085176     0.894487    -0.008345
   -0.150528     0.871005    -0.013095
   -0.195184     0.847136    -0.013095
   -0.199033     0.844945    -0.014599
   -0.320917     0.762091    -0.017691
   -0.378658     0.714704    -0.017691
   -0.386098     0.708140    -0.022454
   -0.458171     0.636067    -0.022454
   -0.468535     0.624319    -0.029974
   -0.469072     0.623692    -0.030209
   -0.527691     0.552264    -0.030209
   -0.531335     0.547380    -0.034007
   -0.554948     0.511831    -0.042444
   -0.596473     0.445744    -0.042444
   -0.611401     0.419519    -0.052697
   -0.642484     0.360334    -0.058916
   -0.652090     0.334141    -0.062323
   -0.674483     0.270144    -0.062323
   -0.675359     0.267429    -0.062899
   -0.683836     0.239483    -0.062899
   -0.684440     0.237216    -0.061962
   -0.686025     0.223728    -0.062546
   -0.689528     0.192637    -0.062546
   -0.690358     0.184740    -0.063077
   -0.691458     0.109850    -0.088196
   -0.687275     0.067381    -0.088196
   -0.687210     0.066763    -0.088155
   -0.674249    -0.048268    -0.088155
   -0.674220    -0.048401    -0.088280
   -0.633260    -0.202308    -0.151882
   -0.621617    -0.240690    -0.151882
   -0.612586    -0.268694    -0.157828
   -0.559996    -0.418988    -0.157828
   -0.516981    -0.536282    -0.142572
   -0.511420    -0.548386    -0.132323
   -0.489368    -0.589644    -0.132323
   -0.488892    -0.590501    -0.132128
   -0.457479    -0.645689    -0.110552
   -0.454052    -0.651143    -0.110552
   -0.450647    -0.656269    -0.109336
   -0.446675    -0.661683    -0.105566
   -0.423929    -0.692175    -0.081860
   -0.420161    -0.696909    -0.076612
   -0.402447    -0.716988    -0.063758
   -0.401018    -0.718506    -0.061844
   -0.388346    -0.730314    -0.047186
   -0.385854    -0.732359    -0.047186
   -0.378951    -0.737508    -0.041819
   -0.373935    -0.740660    -0.041819
   -0.370077    -0.742856    -0.043327
   -0.347994    -0.754499    -0.045137
   -0.327679    -0.761949    -0.047779
   -0.285267    -0.776790    -0.047779
   -0.263733    -0.783734    -0.052351
   -0.166298    -0.809165    -0.085936
   -0.102264    -0.816380    -0.085936
   -0.094179    -0.817230    -0.085393
   -0.055535    -0.821036    -0.085393
   -0.037547    -0.821876    -0.075940
    0.065653    -0.813043    -0.017281
    0.032129    -0.818503    -0.039202
    0.063838    -0.813416    -0.019253
    0.141737    -0.793613     0.023262
    0.174535    -0.783037     0.030226
    0.207357    -0.771552     0.030226
    0.207494    -0.771489     0.030342
    0.292209    -0.726208     0.030342
    0.309324    -0.716466     0.023651
    0.401594    -0.658490     0.023651
    0.429053    -0.638006     0.002302
    0.456337    -0.615615     0.002302
    0.475026    -0.599127    -0.009662
    0.481972    -0.592181    -0.009662
    0.495961    -0.576324    -0.019813
    0.496307    -0.575903    -0.019813
    0.509884    -0.557259    -0.037746
    0.527849    -0.522041    -0.058497
    0.529293    -0.518679    -0.060564
    0.532482    -0.510154    -0.067264
    0.599125    -0.166446    -0.138031
    0.613433    -0.039457    -0.138031
    0.613799    -0.035976    -0.138265
    0.616689    -0.006632    -0.138265
    0.604791     0.117105    -0.131527
    0.516423     0.644321    -0.057482
    0.507300     0.678483    -0.043710
    0.481587     0.756965    -0.025095
    0.462505     0.795203    -0.009812
    0.445256     0.822654    -0.009812
    0.433848     0.843245     0.000299
    0.433807     0.843350     0.000469
    0.426656     0.852753     0.006356
    0.413798     0.865612     0.006356
    0.408939     0.872851     0.019299
    0.405502     0.875952     0.022207
    0.393865     0.883264     0.022207
    0.393041     0.883907     0.023033
    0.387093     0.889316     0.034083
    0.376913     0.895542     0.042930
    0.319515     0.915626     0.042930
    0.318952     0.915786     0.042805
    0.305264     0.920837     0.052790
    0.193656     0.933196     0.050870
    0.283743     0.923046     0.050870
    0.138219     0.938278     0.047032
    0.100898     0.930813     0.008562
    0.098848     0.930309     0.006139
   -0.006019     0.918494     0.006139
   -0.073554     0.896771    -0.022133
   -0.057316     0.901374    -0.025715
   -0.150629     0.870911    -0.013552
   -0.119165     0.880811    -0.022133
   -0.183576     0.852297    -0.024857
   -0.195326     0.846433    -0.020160
   -0.175812     0.856477    -0.024516
   -0.274141     0.796910    -0.020160
   -0.383587     0.709708    -0.027577
   -0.386166     0.706688    -0.029974
   -0.484436     0.603490    -0.042859
   -0.571088     0.482702    -0.056748
   -0.612485     0.416819    -0.056748
   -0.628477     0.384773    -0.069556
   -0.657704     0.316298    -0.067189
   -0.676070     0.263813    -0.067189
   -0.680085     0.249648    -0.070314
   -0.688331     0.201253    -0.064551
   -0.690358     0.183266    -0.064551
   -0.690663     0.105875    -0.092293
   -0.687275     0.068919    -0.089735
   -0.675894    -0.032092    -0.089735
   -0.618761    -0.245190    -0.168434
   -0.613689    -0.263081    -0.164487
   -0.630472    -0.209862    -0.157392
   -0.628867    -0.214610    -0.159226
   -0.567679    -0.394573    -0.164487
   -0.509376    -0.549549    -0.148348
   -0.478397    -0.607204    -0.132128
   -0.429073    -0.684829    -0.091073
   -0.424957    -0.690529    -0.085220
   -0.402757    -0.716526    -0.064585
   -0.386547    -0.731558    -0.049604
   -0.365895    -0.744535    -0.049604
   -0.361910    -0.746523    -0.051196
   -0.279963    -0.776963    -0.060794
   -0.256618    -0.785132    -0.060794
   -0.162628    -0.809058    -0.090555
   -0.134045    -0.811991    -0.093105
   -0.095094    -0.816380    -0.093105
   -0.065035    -0.819135    -0.095185
   -0.011926    -0.819528    -0.074166
    0.004352    -0.817693    -0.074166
    0.115510    -0.798767    -0.007854
    0.186908    -0.773784    -0.007854
    0.214095    -0.765230    -0.000439
    0.269635    -0.733397    -0.024620
    0.279882    -0.728283    -0.020524
    0.435598    -0.630440    -0.020524
    0.453458    -0.614331    -0.035632
    0.460213    -0.608685    -0.036698
    0.462471    -0.606967    -0.035284
    0.500696    -0.568743    -0.035284
    0.508555    -0.558409    -0.041755
    0.511142    -0.551694    -0.052548
    0.520421    -0.536926    -0.052548
    0.533684    -0.502851    -0.077734
    0.540913    -0.479875    -0.084000
    0.542261    -0.474830    -0.086034
    0.599707    -0.160769    -0.138538
    0.613799    -0.035704    -0.138538
    0.616273    -0.008710    -0.140407
    0.612932    -0.008710    -0.151423
    0.602969     0.104801    -0.142103
    0.590350     0.200650    -0.142103
    0.561205     0.461949    -0.120684
    0.517379     0.623938    -0.077993
    0.507858     0.646923    -0.077993
    0.474418     0.760088    -0.041192
    0.461902     0.776928    -0.047171
    0.461737     0.777198    -0.047157
    0.449781     0.802328    -0.035305
    0.423880     0.836083    -0.035305
    0.417616     0.848174    -0.028364
    0.418378     0.848936    -0.025263
    0.412774     0.864168    -0.000094
    0.416238     0.848888    -0.029155
    0.398230     0.862707    -0.029155
    0.401045     0.866779    -0.014804
    0.372315     0.868157    -0.043629
    0.328165     0.886445    -0.043629
    0.328390     0.886938    -0.042020
    0.392578     0.862170    -0.037039
    0.309332     0.881041    -0.067852
    0.254019     0.886368    -0.073861
    0.138631     0.901559    -0.073861
    0.121756     0.904097    -0.071762
    0.110919     0.907041    -0.066084
    0.098848     0.912271    -0.053325
    0.130004     0.902316    -0.074570
    0.059392     0.908808    -0.050086
    0.020586     0.903699    -0.050086
   -0.059065     0.896029    -0.041432
   -0.104046     0.881520    -0.037346
   -0.066768     0.891691    -0.046889
   -0.067309     0.891459    -0.047028
   -0.136359     0.868136    -0.037346
   -0.267429     0.798405    -0.028579
   -0.203430     0.837541    -0.031906
   -0.289995     0.779606    -0.031993
   -0.386616     0.705467    -0.031993
   -0.399556     0.687640    -0.044768
   -0.483280     0.603916    -0.044768
   -0.572084     0.478224    -0.062363
   -0.493514     0.584161    -0.056107
   -0.503811     0.567200    -0.062363
   -0.608829     0.405214    -0.090589
   -0.621887     0.387643    -0.084350
   -0.599781     0.420010    -0.089820
   -0.636358     0.338675    -0.100275
   -0.659246     0.283418    -0.100275
   -0.667246     0.253849    -0.108068
   -0.668236     0.233623    -0.113208
   -0.679949     0.144646    -0.113208
   -0.666529     0.251350    -0.111282
   -0.683352     0.105875    -0.116392
   -0.664239     0.046621    -0.157392
   -0.665905     0.065608    -0.158951
   -0.587815    -0.300131    -0.207359
   -0.568814    -0.370361    -0.188849
   -0.536022    -0.449528    -0.188849
   -0.506035    -0.551005    -0.155849
   -0.479381    -0.602782    -0.137674
   -0.500421    -0.558559    -0.158532
   -0.462198    -0.625175    -0.137674
   -0.445167    -0.658053    -0.118802
   -0.445132    -0.658298    -0.118448
   -0.432361    -0.675893    -0.105839
   -0.371993    -0.723374    -0.103169
   -0.373717    -0.720892    -0.105839
   -0.371884    -0.723216    -0.103727
   -0.223388    -0.779616    -0.117722
   -0.328849    -0.735933    -0.117722
   -0.167830    -0.794647    -0.132365
   -0.167233    -0.794984    -0.131941
   -0.083190    -0.804461    -0.136817
   -0.122353    -0.799305    -0.136817
   -0.065052    -0.806053    -0.138306
   -0.065035    -0.806114    -0.138110
    0.004392    -0.816394    -0.078434
   -0.059621    -0.803112    -0.145146
    0.011242    -0.793783    -0.145146
    0.011808    -0.793728    -0.145084
    0.033727    -0.781382    -0.160614
    0.035583    -0.780880    -0.160125
    0.250169    -0.691996    -0.160125
    0.292135    -0.681740    -0.140600
    0.311546    -0.660247    -0.169337
    0.339064    -0.639795    -0.179107
    0.351509    -0.624020    -0.193442
    0.463783    -0.537869    -0.193442
    0.480221    -0.554307    -0.126552
    0.503009    -0.545923    -0.088898
    0.464132    -0.535387    -0.197024
    0.491358    -0.499905    -0.197024
    0.510332    -0.513022    -0.130162
    0.490438    -0.490220    -0.210534
    0.541768    -0.366300    -0.210534
    0.547669    -0.359490    -0.202095
    0.562181    -0.333726    -0.183842
    0.562222    -0.333661    -0.183780
    0.591914    -0.108134    -0.183780
    0.597517    -0.044284    -0.189023
    0.595214    -0.044284    -0.193332
    0.578877     0.155625    -0.174657
    0.578519     0.157885    -0.174657
    0.552380     0.463497    -0.135698
    0.547430     0.470052    -0.139797
    0.507144     0.631233    -0.091225
    0.496014     0.653076    -0.091225
    0.492173     0.663819    -0.088746
    0.430112     0.816214    -0.049886
    0.424822     0.828088    -0.043705
    0.439436     0.802051    -0.052382
    0.402390     0.850521    -0.043705
    0.394012     0.855348    -0.046294
    0.396436     0.853173    -0.046804
    0.354096     0.866030    -0.060966
    0.351757     0.867222    -0.060966
    0.309921     0.877679    -0.073573
    0.282658     0.870334    -0.093981
    0.239646     0.874013    -0.099464
    0.218608     0.877345    -0.099464
    0.305482     0.875309    -0.078951
    0.187523     0.879885    -0.102368
    0.032593     0.900640    -0.058767
    0.026403     0.899660    -0.058767
   -0.090844     0.877702    -0.054382
   -0.130234     0.867857    -0.042512
   -0.074397     0.886107    -0.051461
   -0.174578     0.845263    -0.042512
   -0.391418     0.688599    -0.053316
   -0.393522     0.684153    -0.056107
   -0.597912     0.422092    -0.090258
   -0.506815     0.560457    -0.065874
   -0.633150     0.314335    -0.123992
   -0.635078     0.310551    -0.123992
   -0.649112     0.254404    -0.140912
   -0.620555     0.101871    -0.233157
   -0.625963     0.067724    -0.233157
   -0.645081     0.246854    -0.150057
   -0.618561     0.125182    -0.230185
   -0.626136     0.065608    -0.233354
   -0.611309     0.043590    -0.255670
   -0.586201    -0.020794    -0.286786
   -0.584569    -0.040764    -0.284921
   -0.559797    -0.296832    -0.257298
   -0.563806    -0.304341    -0.248203
   -0.566643    -0.153944    -0.284921
   -0.555937    -0.279120    -0.268963
   -0.534712    -0.420742    -0.213126
   -0.532015    -0.426036    -0.213126
   -0.496317    -0.559422    -0.164099
   -0.471552    -0.595506    -0.159370
   -0.463587    -0.613385    -0.150061
   -0.492532    -0.563640    -0.164986
   -0.415414    -0.661559    -0.150061
   -0.379691    -0.692470    -0.144400
   -0.412883    -0.662686    -0.151379
   -0.342455    -0.702435    -0.158087
   -0.280986    -0.733755    -0.158087
   -0.173201    -0.784653    -0.146617
   -0.169030    -0.787802    -0.144009
   -0.264968    -0.737758    -0.162914
   -0.102295    -0.794194    -0.151320
   -0.111683    -0.792707    -0.151320
   -0.059621    -0.797682    -0.155306
   -0.027299    -0.783962    -0.173012
   -0.055689    -0.795034    -0.159292
   -0.021476    -0.781202    -0.176228
    0.020949    -0.774483    -0.176228
    0.035150    -0.773268    -0.174418
    0.291280    -0.666918    -0.174890
    0.056385    -0.757233    -0.187698
    0.100923    -0.731023    -0.201938
    0.231675    -0.664206    -0.225158
    0.275216    -0.632278    -0.239960
    0.358716    -0.589733    -0.239960
    0.370721    -0.572655    -0.252685
    0.419432    -0.528946    -0.262927
    0.453658    -0.524913    -0.226968
    0.422152    -0.523196    -0.266536
    0.423038    -0.521823    -0.267117
    0.456301    -0.488559    -0.267117
    0.457803    -0.489742    -0.263920
    0.479331    -0.485217    -0.234711
    0.455102    -0.484330    -0.272213
    0.468082    -0.435829    -0.290040
    0.469432    -0.432055    -0.290911
    0.476299    -0.418577    -0.290911
    0.480915    -0.400108    -0.296477
    0.490072    -0.382188    -0.293294
    0.496011    -0.374324    -0.288376
    0.499189    -0.337174    -0.293112
    0.512392    -0.253813    -0.293112
    0.529336    -0.204826    -0.277039
    0.531760    -0.196510    -0.274553
    0.585496    -0.058715    -0.207958
    0.571021     0.134859    -0.188238
    0.569420     0.142908    -0.188238
    0.546246     0.470170    -0.141102
    0.534742     0.482678    -0.147059
    0.461956     0.709041    -0.088746
    0.396666     0.849660    -0.049886
    0.358376     0.858931    -0.064856
    0.348496     0.865533    -0.064856
    0.255450     0.867602    -0.103138
    0.233418     0.871984    -0.103138
    0.276737     0.866094    -0.100072
    0.192969     0.875009    -0.107259
    0.033127     0.897470    -0.062733
    0.003861     0.891648    -0.062733
   -0.119494     0.851353    -0.068024
   -0.154243     0.843455    -0.056638
   -0.393561     0.683548    -0.056638
   -0.401369     0.665903    -0.065874
   -0.623438     0.316667    -0.131475
   -0.632193     0.303564    -0.131475
   -0.607811     0.094088    -0.249225
   -0.609635     0.068337    -0.252934
   -0.615508     0.120918    -0.234571
   -0.609622     0.066145    -0.253373
   -0.583301    -0.024032    -0.289694
   -0.567880    -0.055406    -0.302431
   -0.561656    -0.138630    -0.293952
   -0.551550    -0.272993    -0.275265
   -0.558502    -0.154487    -0.293952
   -0.550395    -0.268967    -0.277464
   -0.531570    -0.421032    -0.216602
   -0.524498    -0.431616    -0.216602
   -0.413478    -0.653580    -0.159370
   -0.334976    -0.701770    -0.163282
   -0.403471    -0.656003    -0.163282
   -0.293964    -0.711091    -0.176721
   -0.107035    -0.791194    -0.154061
   -0.121515    -0.788314    -0.154061
    0.001502    -0.768150    -0.187698
   -0.007665    -0.768835    -0.188631
    0.290135    -0.618557    -0.247065
    0.356092    -0.571354    -0.262849
    0.363288    -0.562528    -0.266536
    0.427593    -0.511527    -0.272506
    0.454768    -0.484352    -0.272506
    0.465627    -0.439503    -0.290040
    0.475306    -0.406207    -0.299381
    0.492576    -0.346830    -0.298387
    0.496276    -0.328230    -0.298387
    0.499948    -0.279128    -0.303389
    0.517980     0.000451    -0.253709
    0.410775     0.400544    -0.253709
    0.474009     0.485213    -0.190934
    0.451427     0.584992    -0.158170
    0.253239     0.783178    -0.158170
    0.255022     0.818810    -0.138870
    0.277323     0.852051    -0.110218
    0.190711     0.836042    -0.138870
    0.192969     0.845040    -0.131854
    0.182426     0.827169    -0.144799
    0.164523     0.796220    -0.163906
   -0.125034     0.718634    -0.163906
   -0.167877     0.646084    -0.196549
   -0.165210     0.592807    -0.225407
   -0.609191     0.148827    -0.225407
   -0.568590     0.041571    -0.288162
   -0.582288    -0.009552    -0.288162
   -0.552087    -0.070153    -0.312984
   -0.548186    -0.125917    -0.307083
   -0.520560    -0.229018    -0.307083
   -0.522085    -0.403185    -0.232514
   -0.324658    -0.649313    -0.207390
   -0.322337    -0.602932    -0.232514
   -0.294404    -0.700546    -0.184339
   -0.055635    -0.764524    -0.184339
   -0.007665    -0.767881    -0.189415
    0.045454    -0.710993    -0.227430
    0.063853    -0.679189    -0.247065
    0.395037    -0.508763    -0.290726
    0.465502    -0.438027    -0.290866
    0.395024    -0.508505    -0.290866
    0.472679    -0.406316    -0.301279
    0.469897    -0.402591    -0.304041
    0.488134    -0.334528    -0.304041
    0.491456    -0.287058    -0.309064
    0.392137    -0.287058    -0.362151
    0.239345    -0.238869    -0.436918
    0.228278    -0.232044    -0.441856
    0.177194    -0.188124    -0.462871
    0.381816     0.389207    -0.270812
    0.103350    -0.156774    -0.489210
    0.072402    -0.137078    -0.499074
    0.047613    -0.117720    -0.506332
   -0.010385     0.022298    -0.506332
    0.105065     0.308094    -0.405131
    0.179264     0.382293    -0.359715
    0.187189     0.614450    -0.257818
    0.104635     0.308272    -0.405131
    0.104635     0.416534    -0.358275
    0.164523     0.606416    -0.265358
   -0.128562     0.499185    -0.280698
   -0.018423     0.018412    -0.508521
   -0.094634    -0.013156    -0.508521
   -0.111302    -0.006423    -0.502619
   -0.124445    -0.011750    -0.499301
   -0.461797    -0.000233    -0.351231
   -0.420636    -0.075319    -0.382506
   -0.437016    -0.070153    -0.374491
   -0.139194    -0.047357    -0.499301
   -0.205058    -0.075319    -0.475808
   -0.467790    -0.208361    -0.338248
   -0.288863    -0.202253    -0.416782
   -0.192426    -0.105815    -0.475808
   -0.300650    -0.547530    -0.265233
    0.075602    -0.381086    -0.404721
    0.063853    -0.418340    -0.386491
   -0.133849    -0.082152    -0.496551
    0.045617    -0.156490    -0.496551
    0.075602    -0.227119    -0.471358
    0.388566    -0.492009    -0.300609
    0.384893    -0.384417    -0.347833
    0.144965    -0.198389    -0.471358
    0.427154    -0.385859    -0.329283
    0.038862    -0.113529    -0.508460
    0.031443    -0.106748    -0.509859
   -0.035969    -0.039337    -0.521837
   -0.026359    -0.004899    -0.514595
   -0.018423     0.014260    -0.509780
   -0.038643    -0.037679    -0.522005
   -0.040942    -0.035379    -0.522005
   -0.040947    -0.035358    -0.522002
   -0.041106    -0.035379    -0.521988
   -0.046619    -0.035752    -0.521409
   -0.051433    -0.035353    -0.520683
   -0.080567    -0.027223    -0.514556
   -0.078298    -0.035353    -0.516266
   -0.103361    -0.047357    -0.510171
   -0.105028    -0.053332    -0.508915
   -0.045617    -0.036754    -0.521409
    0.038224    -0.114168    -0.508460
    0.045617    -0.129604    -0.504707
     1      2      3
     1      3      4
     1      4      5
     1      5      6
     1      6      7
     8      9      2
     8      2      1
    10     11     12
    10     12     13
    14     15     16
    17      3      2
    17      2      9
    18     19      4
    18      4      3
    18      3     17
    20     21     22
    20     22     23
    20     23     24
    20     24     19
    20     19     18
    22     25     26
    22     26     23
    27     28     29
    27     29     25
    27     25     22
    27     22     21
    30     26     25
    30     25     29
    30     29     31
    32     24     23
    32     23     26
    32     26     30
     4     19     24
     4     24     32
     4     32      5
    33     34     35
    33     35     36
    33     36     37
    33     37     38
    39     40     10
    39     10     13
    39     13     14
    39     14     16
    39     16      8
    39      8      1
    39      1      7
    39      7     35
    39     35     34
    41     42     43
    41     43     40
    41     40     39
    41     39     44
    41     44     45
    43     46     47
    43     47     11
    43     11     10
    43     10     40
    48     49     50
    48     50     46
    48     46     43
    48     43     42
    50     51     52
    50     52     53
    50     53     47
    50     47     46
    47     53     12
    47     12     11
    13     12     53
    13     53     52
    13     52     54
    13     54     55
    13     55     56
    13     56     15
    13     15     14
    16     15     56
    16     56     57
    16     57     20
    16     20     18
    16     18     17
    16     17      9
    16      9      8
    55     58     59
    55     59     60
    55     60     61
    55     61     62
    55     62     63
    55     63     64
    55     64     65
    55     65     66
    55     66     67
    55     67     68
    55     68     69
    55     69     57
    55     57     56
    68     70     71
    68     71     72
    68     72     73
    68     73     74
    68     74     75
    68     75     69
    57     69     75
    57     75     76
    57     76     27
    57     27     21
    57     21     20
    75     74     77
    75     77     78
    75     78     79
    75     79     80
    75     80     76
    76     80     81
    76     81     82
    76     82     28
    76     28     27
    82     81     83
    82     83     84
    82     84     85
    86     85     84
    86     84     87
    86     87     88
    31     29     28
    31     28     82
    31     82     85
    31     85     86
    31     86     89
    90     89     86
    90     86     88
    90     88     91
    90     91     92
    90     92     93
     6      5     32
     6     32     30
     6     30     31
     6     31     89
     6     89     90
    35      7      6
    35      6     90
    35     90     93
    35     93     94
    35     94     36
    95     96     97
    95     97     33
    95     33     38
    95     38     98
    97     44     39
    97     39     34
    97     34     33
    99    100    101
    99    101    102
   102    101    103
   102    103    104
   102    104    105
   102    105    106
   102    106     48
   102     48     42
   102     42     41
   105    107    108
   105    108    109
   105    109    106
   106    109    110
   106    110    111
   106    111     49
   106     49     48
   108    112    113
   108    113    114
   108    114    110
   108    110    109
   110    114    115
   110    115    116
   110    116    117
   110    117    118
   110    118    111
   111    118     51
   111     51     50
   111     50     49
    52     51    118
    52    118    117
    52    117    119
    52    119    120
    52    120    121
    52    121     54
    54    121    122
    54    122    123
    54    123    124
    54    124    125
    54    125     58
    54     58     55
   125    126    127
   125    127    128
   125    128    129
   125    129    130
   125    130     59
   125     59     58
    59    130    131
    59    131    132
    59    132     60
    60    132    133
    60    133    134
    60    134     61
    66    135     67
    67    135     70
    67     70     68
    72    136    137
    72    137     73
    73    137    138
    73    138    139
    73    139     77
    73     77     74
    77    139    140
    77    140    141
    77    141     78
    83     81     80
    83     80     79
    83     79    142
    87     84     83
    87     83    142
    87    142    143
    87    143    144
   145    146    147
   145    147    148
   145    148    149
    91     88     87
    91     87    144
    91    144    145
    91    145    149
    91    149    150
   150    149    148
   150    148    151
   150    151    152
   150    152    153
   154     92     91
   154     91    150
   154    150    153
   154    153    155
   154    155    156
   154    156    157
   158    159    154
   158    154    157
   158    157    160
   158    160    161
    94     93     92
    94     92    154
    94    154    159
    94    159    162
    37     36     94
    37     94    162
    37    162    163
   164    165    166
   164    166     96
   164     96     95
   166     45     44
   166     44     97
   166     97     96
   167    168    169
   167    169    100
   167    100     99
   169    170    103
   169    103    101
   169    101    100
   103    170    171
   103    171    172
   103    172    104
   104    172    173
   104    173    174
   104    174    175
   104    175    107
   104    107    105
   175    176    177
   175    177    112
   175    112    108
   175    108    107
   177    178    179
   177    179    113
   177    113    112
   113    179    180
   113    180    181
   113    181    115
   113    115    114
   115    181    182
   115    182    183
   115    183    184
   115    184    116
   116    184    185
   116    185    119
   116    119    117
   119    185    186
   119    186    187
   119    187    188
   119    188    189
   119    189    120
   120    189    190
   120    190    191
   120    191    192
   120    192    122
   120    122    121
   122    192    193
   122    193    194
   122    194    123
   124    195    126
   124    126    125
   127    196    197
   127    197    128
   129    198    131
   129    131    130
   131    198    199
   131    199    200
   131    200    133
   131    133    132
    63    201    202
    63    202    203
    63    203     64
    64    203     65
   204    205    136
   204    136     72
   204     72     71
   206    138    137
   206    137    136
   206    136    205
   207    208    209
   207    209    210
   210    209    140
   210    140    139
   210    139    138
   210    138    206
   141    140    209
   141    209    208
   141    208    211
   141    211    212
   141    212    213
   142     79     78
   142     78    141
   142    141    213
   142    213    214
   142    214    143
   144    143    214
   144    214    215
   144    215    146
   144    146    145
   215    216    217
   215    217    218
   215    218    219
   215    219    147
   215    147    146
   148    147    219
   148    219    151
   151    219    218
   151    218    220
   151    220    221
   151    221    152
   153    152    221
   153    221    222
   153    222    223
   153    223    155
   155    223    224
   155    224    225
   155    225    156
   157    156    225
   157    225    226
   157    226    160
   161    160    226
   161    226    227
   161    227    228
   163    162    159
   163    159    158
   163    158    229
    98     38     37
    98     37    163
    98    163    229
    98    229    230
   231    232    233
   231    233    165
   231    165    164
   233    234    235
   233    235    236
   233    236    167
   233    167     99
   233     99    102
   233    102     41
   233     41     45
   233     45    166
   233    166    165
   236    237    238
   236    238    168
   236    168    167
   238    239    171
   238    171    170
   238    170    169
   238    169    168
   240    241    242
   240    242    239
   240    239    238
   240    238    237
   242    173    172
   242    172    171
   242    171    239
   243    244    245
   243    245    174
   243    174    173
   243    173    242
   243    242    241
   174    245    246
   174    246    247
   174    247    176
   174    176    175
   247    248    249
   247    249    250
   247    250    178
   247    178    177
   247    177    176
   250    251    180
   250    180    179
   250    179    178
   180    251    252
   180    252    253
   180    253    182
   180    182    181
   182    253    254
   182    254    255
   182    255    256
   182    256    183
   183    256    186
   183    186    185
   183    185    184
   187    257    258
   187    258    259
   187    259    260
   187    260    188
   188    260    261
   188    261    262
   188    262    190
   188    190    189
   191    263    264
   191    264    193
   191    193    192
   193    264    265
   193    265    266
   193    266    267
   193    267    194
   123    194    267
   123    267    268
   123    268    269
   123    269    195
   123    195    124
   269    270    271
   269    271    196
   269    196    127
   269    127    126
   269    126    195
   271    272    273
   271    273    274
   271    274    197
   271    197    196
   128    197    274
   128    274    275
   128    275    199
   128    199    198
   128    198    129
   275    276    277
   275    277    200
   275    200    199
    61    134    278
    61    278    279
    61    279     62
    62    279    280
    62    280    201
    62    201     63
    65    203    202
    65    202    281
    65    281    204
    65    204     71
    65     71     70
    65     70    135
    65    135     66
   281    282    283
   281    283    207
   281    207    210
   281    210    206
   281    206    205
   281    205    204
   284    285    286
   284    286    283
   284    283    282
   283    286    211
   283    211    208
   283    208    207
   287    288    289
   287    289    285
   287    285    284
   212    211    286
   212    286    285
   212    285    289
   212    289    290
   290    289    288
   290    288    291
   290    291    292
   290    292    293
   290    293    294
   214    213    212
   214    212    290
   214    290    294
   214    294    295
   214    295    216
   214    216    215
   295    296    297
   295    297    298
   295    298    299
   295    299    300
   295    300    301
   295    301    217
   295    217    216
   302    301    300
   302    300    303
   302    303    304
   302    304    305
   218    217    301
   218    301    302
   218    302    306
   218    306    220
   307    306    302
   307    302    305
   307    305    308
   307    308    309
   221    220    306
   221    306    307
   221    307    222
   224    223    222
   224    222    307
   224    307    309
   224    309    310
   224    310    311
   224    311    312
   226    225    224
   226    224    312
   226    312    313
   226    313    227
   313    312    311
   313    311    314
   313    314    315
   313    315    316
   228    227    313
   228    313    316
   228    316    317
   317    316    315
   317    315    318
   317    318    319
   230    229    158
   230    158    161
   230    161    228
   230    228    317
   230    317    319
   230    319    320
   321    231    164
   321    164     95
   321     95     98
   321     98    230
   321    230    320
   321    320    322
   321    322    323
   321    323    324
   325    326    327
   325    327    328
   325    328    329
   325    329    232
   325    232    231
   325    231    321
   329    330    331
   329    331    332
   329    332    333
   329    333    334
   329    334    335
   329    335    234
   329    234    233
   329    233    232
   335    336    337
   335    337    338
   335    338    339
   335    339    235
   335    235    234
   235    339    340
   235    340    341
   235    341    240
   235    240    237
   235    237    236
   340    342    343
   340    343    344
   340    344    345
   340    345    341
   341    345    346
   341    346    243
   341    243    241
   341    241    240
   344    347    348
   344    348    349
   344    349    346
   344    346    345
   346    349    350
   346    350    244
   346    244    243
   350    351    352
   350    352    353
   350    353    246
   350    246    245
   350    245    244
   246    353    354
   246    354    248
   246    248    247
   354    355    356
   354    356    357
   354    357    358
   354    358    249
   354    249    248
   249    358    359
   249    359    252
   249    252    251
   249    251    250
   359    360    361
   359    361    254
   359    254    253
   359    253    252
   254    361    362
   254    362    363
   254    363    364
   254    364    255
   186    256    255
   186    255    364
   186    364    365
   186    365    257
   186    257    187
   258    366    367
   258    367    368
   258    368    369
   258    369    370
   258    370    259
   259    370    371
   259    371    372
   259    372    261
   259    261    260
   190    262    373
   190    373    374
   190    374    263
   190    263    191
   374    375    376
   374    376    377
   374    377    378
   374    378    265
   374    265    264
   374    264    263
   265    378    379
   265    379    380
   265    380    381
   265    381    266
   267    266    381
   267    381    382
   267    382    383
   267    383    268
   268    383    384
   268    384    385
   268    385    270
   268    270    269
   385    386    387
   385    387    272
   385    272    271
   385    271    270
   387    388    389
   387    389    390
   387    390    391
   387    391    273
   387    273    272
   274    273    391
   274    391    392
   274    392    276
   274    276    275
   391    390    393
   391    393    394
   391    394    395
   391    395    392
   277    276    392
   277    392    395
   277    395    396
   277    396    397
   277    397    398
   277    398    399
   277    399    400
   133    200    277
   133    277    400
   133    400    401
   133    401    278
   133    278    134
   278    401    402
   278    402    403
   278    403    404
   278    404    280
   278    280    279
   280    404    405
   280    405    406
   280    406    407
   280    407    408
   280    408    287
   280    287    284
   280    284    282
   280    282    281
   280    281    202
   280    202    201
   407    409    410
   407    410    411
   407    411    412
   407    412    413
   407    413    414
   407    414    408
   408    414    291
   408    291    288
   408    288    287
   412    415    416
   412    416    417
   412    417    418
   412    418    413
   291    414    413
   291    413    418
   291    418    419
   291    419    292
   418    417    420
   418    420    419
   292    419    420
   292    420    421
   292    421    422
   292    422    423
   292    423    424
   292    424    293
   294    293    424
   294    424    425
   294    425    426
   294    426    296
   294    296    295
   426    427    428
   426    428    429
   426    429    430
   426    430    297
   426    297    296
   297    430    431
   297    431    432
   297    432    433
   297    433    434
   297    434    435
   297    435    436
   297    436    298
   298    436    437
   298    437    438
   298    438    439
   298    439    299
   300    299    439
   300    439    440
   300    440    441
   300    441    303
   304    303    441
   304    441    442
   304    442    443
   308    305    304
   308    304    443
   308    443    444
   310    309    308
   310    308    444
   310    444    445
   310    445    446
   314    311    310
   314    310    446
   314    446    447
   314    447    448
   314    448    449
   449    448    450
   449    450    451
   318    315    314
   318    314    449
   318    449    451
   318    451    452
   318    452    453
   453    452    454
   453    454    455
   453    455    456
   320    319    318
   320    318    453
   320    453    456
   320    456    457
   320    457    322
   322    457    458
   322    458    459
   322    459    460
   322    460    461
   322    461    462
   322    462    463
   322    463    323
   324    323    463
   324    463    464
   324    464    465
   324    465    466
   324    466    467
   324    467    468
   324    468    469
   324    469    470
   324    470    471
   324    471    472
   324    472    473
   324    473    474
   324    474    325
   324    325    321
   474    475    476
   474    476    477
   474    477    326
   474    326    325
   477    478    327
   477    327    326
   333    479    334
   334    479    480
   334    480    481
   334    481    336
   334    336    335
   337    482    483
   337    483    338
   338    483    484
   338    484    485
   338    485    342
   338    342    340
   338    340    339
   485    486    487
   485    487    488
   485    488    343
   485    343    342
   343    488    489
   343    489    347
   343    347    344
   489    490    491
   489    491    492
   489    492    348
   489    348    347
   348    492    493
   348    493    351
   348    351    350
   348    350    349
   493    494    495
   493    495    352
   493    352    351
   352    495    496
   352    496    497
   352    497    355
   352    355    354
   352    354    353
   497    498    356
   497    356    355
   357    499    500
   357    500    360
   357    360    359
   357    359    358
   362    361    360
   362    360    500
   364    363    501
   364    501    502
   364    502    365
   365    502    366
   365    366    258
   365    258    257
   503    504    505
   503    505    369
   503    369    368
   369    505    506
   369    506    371
   369    371    370
   261    372    507
   261    507    508
   261    508    373
   261    373    262
   373    508    509
   373    509    375
   373    375    374
   377    510    511
   377    511    379
   377    379    378
   379    511    512
   379    512    513
   379    513    380
   381    380    513
   381    513    514
   381    514    515
   381    515    516
   381    516    382
   382    516    517
   382    517    518
   382    518    519
   382    519    384
   382    384    383
   384    519    520
   384    520    386
   384    386    385
   521    522    523
   521    523    389
   521    389    388
   389    523    524
   389    524    525
   389    525    526
   389    526    393
   389    393    390
   393    526    527
   393    527    528
   393    528    394
   395    394    528
   395    528    529
   395    529    396
   398    530    531
   398    531    532
   398    532    399
   400    399    532
   400    532    533
   400    533    402
   400    402    401
   402    533    534
   402    534    535
   402    535    536
   402    536    403
   403    536    537
   403    537    538
   403    538    539
   403    539    540
   403    540    405
   403    405    404
   405    540    541
   405    541    542
   405    542    543
   405    543    406
   406    543    544
   406    544    545
   406    545    546
   406    546    547
   406    547    548
   406    548    409
   406    409    407
   548    549    550
   548    550    410
   548    410    409
   411    551    415
   411    415    412
   552    553    416
   552    416    415
   552    415    551
   420    417    416
   420    416    553
   420    553    554
   420    554    421
   421    554    555
   421    555    422
   424    423    556
   424    556    557
   424    557    558
   424    558    425
   425    558    559
   425    559    427
   425    427    426
   429    560    561
   429    561    562
   429    562    431
   429    431    430
   431    562    563
   431    563    564
   431    564    432
   565    435    434
   565    434    566
   565    566    567
   437    436    435
   437    435    565
   440    439    438
   440    438    568
   440    568    569
   442    441    440
   442    440    569
   442    569    570
   442    570    571
   444    443    442
   444    442    571
   444    571    572
   444    572    445
   446    445    572
   446    572    573
   446    573    574
   446    574    447
   447    574    575
   447    575    576
   447    576    450
   447    450    448
   451    450    576
   451    576    577
   451    577    578
   451    578    454
   451    454    452
   454    578    579
   454    579    580
   454    580    455
   456    455    580
   456    580    458
   456    458    457
   459    581    460
   463    462    582
   463    582    583
   463    583    464
   464    583    584
   464    584    465
   470    585    586
   470    586    471
   471    586    587
   471    587    588
   471    588    472
   473    475    474
   589    478    477
   589    477    476
   331    590    591
   331    591    332
   332    591    480
   332    480    479
   332    479    333
   481    592    593
   481    593    482
   481    482    337
   481    337    336
   593    594    595
   593    595    596
   593    596    484
   593    484    483
   593    483    482
   484    596    597
   484    597    486
   484    486    485
   597    598    599
   597    599    487
   597    487    486
   487    599    600
   487    600    490
   487    490    489
   487    489    488
   600    601    602
   600    602    603
   600    603    491
   600    491    490
   491    603    604
   491    604    494
   491    494    493
   491    493    492
   604    605    496
   604    496    495
   604    495    494
   496    605    606
   496    606    607
   496    607    498
   496    498    497
   608    499    357
   608    357    356
   608    356    498
   608    498    607
   608    607    609
   610    501    363
   610    363    362
   610    362    500
   610    500    499
   610    499    608
   611    367    366
   611    366    502
   611    502    501
   611    501    610
   612    613    503
   612    503    368
   612    368    367
   612    367    611
   614    506    505
   614    505    504
   614    504    615
   616    507    372
   616    372    371
   616    371    506
   616    506    614
   616    614    617
   618    619    509
   618    509    508
   618    508    507
   618    507    616
   618    616    620
   509    619    621
   509    621    376
   509    376    375
   622    512    511
   622    511    510
   513    512    622
   513    622    623
   513    623    514
   515    624    517
   515    517    516
   518    625    626
   518    626    520
   518    520    519
   520    626    627
   520    627    521
   520    521    388
   520    388    387
   520    387    386
   628    629    524
   628    524    523
   628    523    522
   525    524    629
   525    629    630
   528    527    631
   528    631    632
   528    632    529
   396    529    632
   396    632    397
   633    634    531
   633    531    530
   532    531    634
   532    634    635
   532    635    534
   532    534    533
   636    637    537
   636    537    536
   636    536    535
   636    535    638
   636    638    639
   537    637    640
   537    640    538
   539    641    541
   539    541    540
   542    642    544
   542    544    543
   546    643    644
   546    644    547
   547    644    645
   547    645    549
   547    549    548
   410    550    646
   410    646    552
   410    552    551
   410    551    411
   646    647    555
   646    555    554
   646    554    553
   646    553    552
   422    555    647
   422    647    648
   422    648    556
   422    556    423
   557    649    650
   557    650    559
   557    559    558
   559    650    428
   559    428    427
   651    652    653
   651    653    561
   651    561    560
   563    562    561
   563    561    653
   563    653    654
   432    564    655
   432    655    433
   566    434    433
   566    433    655
   566    655    656
   568    438    437
   568    437    565
   568    565    567
   568    567    657
   570    569    568
   570    568    657
   570    657    658
   570    658    659
   572    571    570
   572    570    659
   572    659    660
   572    660    661
   572    661    573
   573    661    662
   573    662    575
   573    575    574
   576    575    662
   576    662    663
   576    663    664
   576    664    665
   576    665    577
   579    578    577
   579    577    665
   579    665    666
   458    580    579
   458    579    666
   458    666    667
   458    667    581
   458    581    459
   460    581    667
   460    667    668
   460    668    669
   460    669    461
   461    669    582
   461    582    462
   465    584    670
   465    670    671
   465    671    466
   466    671    672
   466    672    467
   673    674    587
   673    587    586
   673    586    585
   587    674    675
   587    675    588
   472    588    675
   472    675    676
   472    676    677
   472    677    589
   472    589    476
   472    476    475
   472    475    473
   677    678    328
   677    328    327
   677    327    478
   677    478    589
   679    680    590
   679    590    331
   679    331    330
   681    682    592
   681    592    481
   681    481    480
   681    480    591
   681    591    590
   681    590    680
   683    684    685
   683    685    594
   683    594    593
   683    593    592
   683    592    682
   685    686    687
   685    687    688
   685    688    595
   685    595    594
   595    688    689
   595    689    598
   595    598    597
   595    597    596
   687    690    691
   687    691    692
   687    692    689
   687    689    688
   689    692    601
   689    601    600
   689    600    599
   689    599    598
   693    694    695
   693    695    602
   693    602    601
   693    601    692
   693    692    691
   693    691    696
   602    695    606
   602    606    605
   602    605    604
   602    604    603
   609    607    606
   609    606    695
   609    695    694
   609    694    697
   609    697    698
   609    698    699
   700    701    702
   700    702    612
   700    612    611
   700    611    610
   700    610    608
   700    608    609
   700    609    699
   700    699    703
   702    704    613
   702    613    612
   615    504    503
   615    503    613
   615    613    704
   615    704    705
   615    705    706
   707    617    614
   707    614    615
   707    615    706
   707    706    708
   707    708    709
   710    620    616
   710    616    617
   710    617    707
   711    621    619
   711    619    618
   711    618    712
   713    714    623
   713    623    622
   713    622    510
   713    510    377
   713    377    376
   713    376    621
   713    621    711
   514    623    714
   514    714    715
   514    715    716
   514    716    624
   514    624    515
   717    625    518
   717    518    517
   717    517    624
   717    624    716
   717    716    718
   717    718    719
   720    721    627
   720    627    626
   720    626    625
   720    625    717
   720    717    722
   723    724    628
   723    628    522
   723    522    521
   723    521    627
   723    627    721
   630    629    628
   630    628    724
   630    724    725
   726    727    631
   726    631    527
   726    527    526
   726    526    525
   726    525    630
   726    630    725
   726    725    728
   397    632    631
   397    631    727
   397    727    729
   397    729    633
   397    633    530
   397    530    398
   730    635    634
   730    634    633
   730    633    729
   730    729    731
   534    635    730
   534    730    638
   534    638    535
   732    733    640
   732    640    637
   732    637    636
   538    640    733
   538    733    734
   538    734    735
   538    735    641
   538    641    539
   736    642    542
   736    542    541
   736    541    641
   736    641    735
   736    735    737
   738    739    740
   738    740    545
   738    545    544
   738    544    642
   738    642    736
   545    740    741
   545    741    643
   545    643    546
   742    645    644
   742    644    643
   742    643    741
   742    741    743
   742    743    744
   648    647    646
   648    646    550
   648    550    549
   648    549    645
   648    645    742
   745    649    557
   745    557    556
   745    556    648
   745    648    742
   745    742    744
   745    744    746
   747    748    651
   747    651    560
   747    560    429
   747    429    428
   747    428    650
   747    650    649
   747    649    745
   749    652    651
   749    651    748
   749    748    750
   654    653    652
   654    652    749
   654    749    751
   654    751    752
   656    655    564
   656    564    563
   656    563    654
   656    654    752
   656    752    753
   753    752    751
   753    751    754
   753    754    755
   753    755    756
   657    567    566
   657    566    656
   657    656    753
   657    753    756
   657    756    757
   657    757    758
   657    758    658
   659    658    758
   659    758    759
   659    759    760
   659    760    660
   662    661    660
   662    660    760
   662    760    761
   662    761    762
   662    762    663
   664    663    762
   664    762    763
   664    763    764
   664    764    765
   666    665    664
   666    664    765
   666    765    766
   666    766    668
   666    668    667
   766    765    764
   766    764    767
   766    767    768
   766    768    769
   582    669    668
   582    668    766
   582    766    769
   582    769    670
   582    670    584
   582    584    583
   670    769    768
   670    768    770
   670    770    771
   670    771    772
   670    772    672
   670    672    671
   467    672    772
   467    772    773
   467    773    774
   467    774    468
   469    468    774
   469    774    775
   469    775    673
   469    673    585
   469    585    470
   775    776    676
   775    676    675
   775    675    674
   775    674    673
   676    776    777
   676    777    778
   676    778    678
   676    678    677
   328    678    778
   328    778    779
   328    779    780
   328    780    679
   328    679    330
   328    330    329
   780    781    782
   780    782    681
   780    681    680
   780    680    679
   782    783    784
   782    784    683
   782    683    682
   782    682    681
   785    786    686
   785    686    685
   785    685    684
   785    684    787
   788    690    687
   788    687    686
   788    686    786
   789    696    691
   789    691    690
   789    690    788
   789    788    790
   791    792    693
   791    693    696
   791    696    789
   697    694    693
   697    693    792
   697    792    793
   794    795    796
   794    796    698
   794    698    697
   794    697    793
   794    793    797
   703    699    698
   703    698    796
   703    796    798
   799    705    704
   799    704    702
   799    702    701
   708    706    705
   708    705    799
   708    799    800
   801    802    710
   801    710    707
   801    707    709
   801    709    803
   804    712    618
   804    618    620
   804    620    710
   804    710    802
   805    715    714
   805    714    713
   718    716    715
   718    715    805
   718    805    806
   807    722    717
   807    717    719
   807    719    808
   809    810    723
   809    723    721
   809    721    720
   728    725    724
   728    724    723
   728    723    810
   728    810    811
   812    813    726
   812    726    728
   812    728    811
   812    811    814
   812    814    815
   731    729    727
   731    727    726
   731    726    813
   731    813    816
   639    638    730
   639    730    731
   639    731    816
   639    816    817
   639    817    818
   639    818    819
   820    821    732
   820    732    636
   820    636    639
   820    639    819
   820    819    822
   820    822    823
   824    734    733
   824    733    732
   824    732    821
   737    735    734
   737    734    824
   737    824    825
   737    825    826
   827    828    738
   827    738    736
   827    736    737
   827    737    826
   827    826    829
   830    739    738
   830    738    828
   831    743    741
   831    741    740
   831    740    739
   831    739    830
   831    830    832
   746    744    743
   746    743    831
   746    831    833
   746    833    834
   835    836    747
   835    747    745
   835    745    746
   835    746    834
   835    834    837
   838    750    748
   838    748    747
   838    747    836
   838    836    839
   754    751    749
   754    749    750
   754    750    838
   754    838    840
   841    755    754
   841    754    840
   841    840    842
   757    756    755
   757    755    841
   757    841    843
   757    843    844
   757    844    845
   846    759    758
   846    758    757
   846    757    845
   846    845    847
   846    847    848
   846    848    849
   762    761    846
   762    846    849
   762    849    850
   762    850    851
   762    851    763
   764    763    851
   764    851    852
   764    852    853
   764    853    854
   764    854    767
   854    853    855
   854    855    856
   854    856    857
   854    857    858
   768    767    854
   768    854    858
   768    858    859
   768    859    770
   858    857    860
   858    860    861
   858    861    862
   858    862    863
   858    863    859
   770    859    863
   770    863    864
   770    864    865
   770    865    866
   770    866    771
   772    771    866
   772    866    867
   772    867    868
   772    868    869
   772    869    773
   774    773    869
   774    869    870
   774    870    871
   774    871    777
   774    777    776
   774    776    775
   871    872    779
   871    779    778
   871    778    777
   779    872    873
   779    873    874
   779    874    781
   779    781    780
   874    875    783
   874    783    782
   874    782    781
   784    876    787
   784    787    684
   784    684    683
   877    790    788
   877    788    786
   877    786    785
   878    879    791
   878    791    789
   878    789    790
   878    790    877
   797    793    792
   797    792    791
   797    791    879
   880    881    795
   880    795    794
   880    794    882
   798    796    795
   798    795    881
   798    881    883
   884    800    799
   884    799    701
   884    701    700
   803    709    708
   803    708    800
   803    800    884
   803    884    885
   886    887    804
   886    804    802
   886    802    801
   888    806    805
   888    805    713
   888    713    711
   888    711    712
   888    712    804
   888    804    887
   808    719    718
   808    718    806
   808    806    888
   808    888    889
   890    891    809
   890    809    720
   890    720    722
   890    722    807
   814    811    810
   814    810    809
   814    809    891
   892    893    812
   892    812    815
   892    815    894
   895    817    816
   895    816    813
   895    813    812
   895    812    893
   822    819    818
   822    818    896
   822    896    897
   822    897    898
   899    823    822
   899    822    898
   899    898    900
   899    900    901
   902    825    824
   902    824    821
   902    821    820
   829    826    825
   829    825    902
   829    902    903
   904    832    830
   904    830    828
   904    828    827
   905    833    831
   905    831    832
   905    832    904
   905    904    906
   837    834    833
   837    833    905
   837    905    907
   908    839    836
   908    836    835
   908    835    909
   842    840    838
   842    838    839
   842    839    908
   910    844    843
   910    843    911
   845    844    910
   845    910    847
   851    850    912
   851    912    913
   851    913    852
   852    913    914
   852    914    855
   852    855    853
   856    915    916
   856    916    860
   856    860    857
   860    916    917
   860    917    861
   863    862    918
   863    918    864
   866    865    919
   866    919    920
   866    920    867
   867    920    921
   867    921    868
   870    922    873
   870    873    872
   870    872    871
   923    924    875
   923    875    874
   923    874    873
   923    873    922
   925    876    784
   925    784    783
   925    783    875
   925    875    924
   926    927    928
   926    928    878
   926    878    877
   926    877    785
   926    785    787
   926    787    876
   926    876    925
   928    882    794
   928    794    797
   928    797    879
   928    879    878
   929    930    880
   929    880    882
   929    882    928
   929    928    927
   883    881    880
   883    880    930
   931    885    884
   931    884    700
   931    700    703
   931    703    798
   931    798    883
   931    883    930
   931    930    929
   932    933    886
   932    886    801
   932    801    803
   932    803    885
   932    885    931
   934    889    888
   934    888    887
   934    887    886
   934    886    933
   935    936    890
   935    890    807
   935    807    808
   935    808    889
   935    889    934
   894    815    814
   894    814    891
   894    891    890
   894    890    936
   937    938    895
   937    895    893
   937    893    892
   818    817    895
   818    895    938
   818    938    896
   898    897    939
   898    939    940
   898    940    900
   901    900    940
   901    940    941
   942    903    902
   942    902    820
   942    820    823
   942    823    899
   943    906    904
   943    904    827
   943    827    829
   943    829    903
   943    903    942
   943    942    944
   945    907    905
   945    905    906
   945    906    943
   946    909    835
   946    835    837
   946    837    907
   946    907    945
   947    911    843
   947    843    841
   947    841    842
   947    842    908
   947    908    909
   947    909    946
   848    847    910
   848    910    911
   848    911    947
   848    947    948
   912    850    849
   912    849    848
   912    848    948
   912    948    949
   855    914    950
   855    950    915
   855    915    856
   951    917    916
   951    916    915
   951    915    950
   951    950    952
   861    917    951
   861    951    953
   861    953    918
   861    918    862
   864    918    953
   864    953    954
   864    954    955
   864    955    919
   864    919    865
   921    920    919
   921    919    955
   921    955    956
   869    868    921
   869    921    956
   869    956    957
   869    957    958
   869    958    959
   869    959    960
   869    960    961
   869    961    923
   869    923    922
   869    922    870
   960    962    963
   960    963    964
   960    964    965
   960    965    966
   960    966    967
   960    967    961
   961    967    968
   961    968    926
   961    926    925
   961    925    924
   961    924    923
   966    969    970
   966    970    971
   966    971    968
   966    968    967
   968    971    932
   968    932    931
   968    931    929
   968    929    927
   968    927    926
   970    972    935
   970    935    934
   970    934    933
   970    933    932
   970    932    971
   973    974    975
   973    975    972
   973    972    970
   973    970    969
   975    976    977
   975    977    937
   975    937    892
   975    892    894
   975    894    936
   975    936    935
   975    935    972
   978    979    977
   978    977    976
   978    976    980
   978    980    981
   939    897    896
   939    896    938
   939    938    937
   939    937    977
   939    977    979
   941    940    939
   941    939    979
   941    979    978
   941    978    982
   983    982    978
   983    978    981
   983    981    984
   985    944    942
   985    942    899
   985    899    901
   985    901    941
   985    941    982
   985    982    983
   986    987    985
   986    985    983
   986    983    984
   986    984    988
   986    988    989
   986    989    990
   949    948    947
   949    947    946
   949    946    945
   949    945    943
   949    943    944
   949    944    985
   949    985    987
   991    952    950
   991    950    914
   991    914    913
   991    913    912
   991    912    949
   991    949    987
   991    987    986
   958    992    991
   958    991    986
   958    986    990
   958    990    993
   958    993    959
   954    953    951
   954    951    952
   954    952    991
   954    991    992
   954    992    994
   957    994    992
   957    992    958
   956    955    954
   956    954    994
   956    994    957
   964    995    996
   964    996    997
   964    997    998
   964    998    999
   964    999    965
   997   1000   1001
   997   1001   1002
   997   1002    998
   965    999    973
   965    973    969
   965    969    966
   998   1002   1003
   998   1003   1004
   998   1004   1005
   998   1005   1006
   998   1006    974
   998    974    973
   998    973    999
  1005   1007   1006
   980    976    975
   980    975    974
   980    974   1006
   980   1006   1007
   980   1007   1008
   984    981    980
   984    980   1008
   984   1008   1009
   984   1009    988
  1008   1007   1005
  1008   1005   1004
  1008   1004   1010
  1008   1010   1009
   988   1009   1010
   988   1010   1000
   988   1000    997
   988    997    996
   988    996   1011
   988   1011   1012
   988   1012    989
   990    989   1012
   990   1012    963
   990    963    962
   990    962    993
   963   1012   1011
   963   1011    995
   963    995    964
   959    993    962
   959    962    960
  1001   1003   1002
  1010   1004   1003
  1010   1003   1001
  1010   1001   1000
  1011    996    995
   760    759    846
   760    846    761
