1000 1996
   -0.001055     0.001013     0.681091
    0.137779     0.001013     0.648876
    0.070450     0.125002     0.671992
   -0.072469     0.124857     0.670981
   -0.147710     0.001013     0.692408
   -0.071462    -0.121226     0.659771
    0.066422    -0.116551     0.627150
    0.292783     0.001013     0.664033
    0.253788     0.147844     0.665007
    0.140282     0.246139     0.633849
   -0.001055     0.285140     0.636695
   -0.144772     0.249936     0.646500
   -0.238520     0.138602     0.611675
   -0.278515     0.001013     0.620508
   -0.238832    -0.136744     0.612636
   -0.146606    -0.250838     0.656251
   -0.001055    -0.279391     0.625952
    0.142662    -0.247911     0.646500
    0.236410    -0.136577     0.611675
    0.430060     0.001013     0.597158
    0.387338     0.142566     0.568027
    0.321320     0.271572     0.579866
    0.201455     0.353047     0.553671
    0.072726     0.419437     0.585711
   -0.074836     0.419437     0.585711
   -0.209883     0.363124     0.574245
   -0.315063     0.265107     0.562082
   -0.389448     0.142566     0.568027
   -0.402957     0.001013     0.549588
   -0.390458    -0.140880     0.569778
   -0.309637    -0.258886     0.550547
   -0.206861    -0.356278     0.564401
   -0.073780    -0.411901     0.575820
    0.072726    -0.417412     0.585711
    0.216568    -0.375130     0.602887
    0.312540    -0.262761     0.561201
    0.393448    -0.142590     0.578615
    0.529861     0.001013     0.477441
    0.472922     0.141229     0.437959
    0.442820     0.286944     0.473409
    0.341237     0.397460     0.467626
    0.220547     0.487406     0.478592
    0.074999     0.531299     0.479323
   -0.077200     0.531884     0.480007
   -0.222657     0.487406     0.478592
   -0.347232     0.401589     0.473945
   -0.463609     0.298001     0.497060
   -0.526935     0.155267     0.495581
   -0.517108     0.001013     0.461610
   -0.528286    -0.153608     0.497081
   -0.451546    -0.288835     0.481785
   -0.348342    -0.400744     0.475748
   -0.222357    -0.484775     0.477822
   -0.075857    -0.521256     0.469955
    0.074999    -0.529274     0.479323
    0.217215    -0.478659     0.470048
    0.345503    -0.399969     0.474563
    0.449436    -0.288835     0.481785
    0.503037    -0.147350     0.471392
    0.647093     0.001013     0.375937
    0.602704     0.150198     0.357851
    0.561189     0.296449     0.366516
    0.483868     0.430663     0.374861
    0.370072     0.538684     0.378111
    0.235171     0.623226     0.386472
    0.075855     0.636097     0.367048
   -0.079347     0.646581     0.374876
   -0.219607     0.580300     0.352437
   -0.344030     0.501114     0.344267
   -0.450661     0.401842     0.342638
   -0.554131     0.292017     0.359447
   -0.614782     0.152461     0.364862
   -0.631272     0.001013     0.363691
   -0.604814    -0.148172     0.357851
   -0.563299    -0.294424     0.366516
   -0.471592    -0.416898     0.361735
   -0.371081    -0.535189     0.376787
   -0.230299    -0.604245     0.373027
   -0.079347    -0.644555     0.374876
    0.077237    -0.644555     0.374876
    0.224518    -0.595330     0.365960
    0.364541    -0.529277     0.371461
    0.461642    -0.410499     0.354581
    0.544372    -0.286295     0.353546
    0.566131    -0.139869     0.332124
    0.668808     0.001013     0.215987
    0.695754     0.154408     0.232687
    0.668140     0.309970     0.241654
    0.582230     0.443942     0.239568
    0.463444     0.548526     0.233389
    0.347544     0.657829     0.243333
    0.196424     0.712269     0.240760
    0.039574     0.749566     0.245373
   -0.118513     0.718521     0.236020
   -0.273219     0.684169     0.239770
   -0.385394     0.570905     0.220681
   -0.496023     0.472248     0.219835
   -0.581080     0.351759     0.218293
   -0.658297     0.223025     0.224937
   -0.708536     0.077972     0.232032
   -0.741166    -0.079216     0.244647
   -0.617795    -0.208430     0.208510
   -0.571823    -0.344603     0.214141
   -0.519903    -0.491060     0.232477
   -0.398447    -0.586615     0.229620
   -0.277393    -0.691794     0.244104
   -0.118845    -0.718360     0.236808
    0.038397    -0.727535     0.237016
    0.193394    -0.700189     0.236407
    0.336574    -0.636743     0.234331
    0.469949    -0.553556     0.237252
    0.590891    -0.447981     0.243750
    0.649527    -0.300012     0.233773
    0.643772    -0.141843     0.212230
    0.738390     0.001013     0.078398
    0.701545     0.150924     0.075744
    0.648501     0.291678     0.074771
    0.578139     0.423968     0.075273
    0.481831     0.540070     0.075862
    0.374536     0.653191     0.079409
    0.232562     0.721829     0.079909
    0.080800     0.779817     0.083223
   -0.077802     0.735037     0.077149
   -0.227175     0.700573     0.076893
   -0.364691     0.634114     0.076437
   -0.498282     0.554742     0.078526
   -0.589621     0.430241     0.076713
   -0.680041     0.303748     0.078775
   -0.747710     0.159551     0.081344
   -0.716916     0.001013     0.075466
   -0.726564    -0.153385     0.078656
   -0.627855    -0.280320     0.071674
   -0.577747    -0.420269     0.074889
   -0.498282    -0.552717     0.078526
   -0.388095    -0.669433     0.082254
   -0.242168    -0.741059     0.082923
   -0.080357    -0.755401     0.080186
    0.079524    -0.766597     0.081704
    0.232562    -0.719804     0.079909
    0.374552    -0.651192     0.079413
    0.512645    -0.569571     0.081586
    0.596883    -0.434488     0.078153
    0.669376    -0.298215     0.077610
    0.734527    -0.155358     0.079936
    0.738390     0.001013    -0.076566
    0.702310     0.151075    -0.074010
    0.648501     0.291678    -0.072938
    0.587511     0.430241    -0.074881
    0.489712     0.548134    -0.075493
    0.380539     0.662768    -0.079068
    0.236310     0.732456    -0.079585
    0.079524     0.768623    -0.079872
   -0.077726     0.734370    -0.075225
   -0.230923     0.711201    -0.076569
   -0.376123     0.652356    -0.077446
   -0.506874     0.563533    -0.078290
   -0.597304     0.435382    -0.076061
   -0.691418     0.308415    -0.078491
   -0.712496     0.152656    -0.075036
   -0.762048     0.001013    -0.079245
   -0.715492    -0.151217    -0.075416
   -0.669603    -0.297443    -0.075522
   -0.568506    -0.414084    -0.071635
   -0.507585    -0.562235    -0.078422
   -0.358705    -0.622538    -0.073116
   -0.230751    -0.708685    -0.076498
   -0.080357    -0.755401    -0.078354
    0.078247    -0.755401    -0.078354
    0.228813    -0.709176    -0.076569
    0.368567    -0.641641    -0.076091
    0.505475    -0.562235    -0.078422
    0.587511    -0.428216    -0.074881
    0.638064    -0.285374    -0.071517
    0.702310    -0.149050    -0.074010
    0.669764     0.001013    -0.214523
    0.644711     0.144057    -0.210766
    0.621168     0.289950    -0.219931
    0.548368     0.420229    -0.221388
    0.463444     0.548526    -0.231557
    0.327022     0.622172    -0.224664
    0.187333     0.682101    -0.225867
    0.039574     0.749566    -0.243541
   -0.118845     0.720385    -0.234975
   -0.264886     0.664906    -0.229289
   -0.405255     0.597889    -0.232450
   -0.519903     0.493085    -0.230644
   -0.626534     0.376951    -0.236849
   -0.669336     0.226451    -0.227581
   -0.678763     0.074989    -0.218691
   -0.709471    -0.076040    -0.230562
   -0.669336    -0.224426    -0.227581
   -0.608019    -0.364664    -0.228544
   -0.526425    -0.496752    -0.234095
   -0.397581    -0.585438    -0.227194
   -0.269047    -0.672497    -0.233606
   -0.116841    -0.707093    -0.230214
    0.038341    -0.726591    -0.234790
    0.196152    -0.709338    -0.238535
    0.332272    -0.629267    -0.228969
    0.456294    -0.538747    -0.227313
    0.557029    -0.424268    -0.225570
    0.611421    -0.283773    -0.215803
    0.675899    -0.148357    -0.223041
    0.638550     0.001013    -0.368271
    0.603529     0.150385    -0.356598
    0.552781     0.292384    -0.358200
    0.477324     0.425322    -0.367059
    0.370072     0.538684    -0.376279
    0.228502     0.607033    -0.371800
    0.076043     0.637521    -0.366278
   -0.080541     0.655639    -0.379809
   -0.227122     0.598555    -0.365078
   -0.355590     0.516541    -0.356330
   -0.465048     0.413581    -0.353931
   -0.554891     0.292384    -0.358200
   -0.614782     0.152461    -0.363029
   -0.622729     0.001013    -0.356024
   -0.605639    -0.148359    -0.356598
   -0.554891    -0.290359    -0.358200
   -0.477487    -0.421709    -0.365282
   -0.371683    -0.535993    -0.375679
   -0.233790    -0.612724    -0.377917
   -0.080326    -0.651981    -0.378589
    0.075828    -0.633863    -0.365058
    0.228189    -0.604245    -0.371195
    0.369573    -0.535993    -0.375679
    0.476026    -0.422238    -0.365875
    0.568839    -0.298122    -0.370585
    0.603529    -0.148359    -0.356598
    0.560988     0.001013    -0.508765
    0.518012     0.153424    -0.486185
    0.456051     0.294777    -0.488330
    0.356845     0.414052    -0.491182
    0.223880     0.494127    -0.485304
    0.076251     0.539319    -0.486859
   -0.077213     0.531962    -0.478267
   -0.215993     0.473963    -0.459672
   -0.348551     0.402991    -0.474257
   -0.444930     0.286944    -0.471576
   -0.489497     0.145141    -0.452184
   -0.517108     0.001013    -0.459777
   -0.489497    -0.143115    -0.452184
   -0.438314    -0.281003    -0.463199
   -0.353283    -0.405998    -0.481957
   -0.222056    -0.484168    -0.475218
   -0.079405    -0.543986    -0.494678
    0.076147    -0.536630    -0.486085
    0.223880    -0.492102    -0.485304
    0.361579    -0.417059    -0.498882
    0.456051    -0.292752    -0.488330
    0.518012    -0.151399    -0.486185
    0.406261     0.001013    -0.556571
    0.393953     0.144783    -0.577659
    0.312953     0.265107    -0.560250
    0.204477     0.357869    -0.561682
    0.071671     0.413926    -0.573988
   -0.073780     0.413926    -0.573988
   -0.212632     0.367512    -0.581368
   -0.319662     0.268660    -0.570023
   -0.373645     0.137268    -0.538809
   -0.402957     0.001013    -0.547755
   -0.373645    -0.135243    -0.538809
   -0.315063    -0.263082    -0.560250
   -0.206587    -0.355844    -0.561682
   -0.072535    -0.405399    -0.562315
    0.071671    -0.411901    -0.573988
    0.204477    -0.355844    -0.561682
    0.312953    -0.263082    -0.560250
    0.393448    -0.142590    -0.576782
    0.276766     0.001013    -0.619636
    0.243673     0.142465    -0.632137
    0.138630     0.243503    -0.623233
   -0.001055     0.288192    -0.643669
   -0.142756     0.246719    -0.633951
   -0.245471     0.142299    -0.631174
   -0.283241     0.001013    -0.631236
   -0.248947    -0.142122    -0.641841
   -0.142620    -0.244478    -0.633230
   -0.001055    -0.286501    -0.644637
    0.138553    -0.241355    -0.622824
    0.240197    -0.138593    -0.621471
    0.137779     0.001013    -0.647044
    0.069443     0.123395    -0.658948
   -0.073567     0.126609    -0.681370
   -0.145919     0.001013    -0.680617
   -0.072560    -0.122977    -0.670160
    0.069443    -0.121370    -0.658948
   -0.001055     0.001013    -0.682091
   -0.036658     0.188271    -0.663019
    0.034548    -0.186246    -0.663019
    0.141206     0.123863    -0.651572
   -0.145163    -0.123304    -0.661643
   -0.180406     0.063810    -0.661624
    0.175772    -0.060972    -0.650568
   -0.105467     0.324100    -0.603516
    0.222417     0.249441    -0.591808
   -0.231082    -0.254105    -0.612529
   -0.330287     0.071727    -0.599524
    0.323431    -0.068764    -0.589235
   -0.001055     0.756052     0.000916
   -0.001055    -0.766422     0.000916
    0.160429     0.761451     0.001066
   -0.152230     0.716779     0.000778
   -0.164865    -0.769505     0.001068
    0.157412    -0.746350     0.000770
    0.313291     0.707702     0.001184
   -0.305506     0.687228     0.000659
   -0.310454    -0.695439     0.001178
    0.298447    -0.674966     0.000662
    0.435223     0.603663     0.001239
   -0.445009     0.613394     0.000588
   -0.445009    -0.611369     0.001245
    0.442899    -0.611369     0.000588
   -0.563781     0.075158    -0.412595
    0.594972    -0.077161    -0.441765
   -0.308036     0.585182     0.292671
   -0.322358     0.610169    -0.307120
    0.546990     0.496174     0.001246
   -0.557850     0.503433     0.000581
   -0.549100    -0.494149     0.001246
    0.563704    -0.508011     0.000575
    0.667015    -0.075748    -0.300150
    0.612784     0.357576     0.001186
   -0.645010     0.373592     0.000631
   -0.614894    -0.355551     0.001186
    0.612784    -0.355551     0.000646
   -0.441632     0.069081    -0.495112
    0.466500    -0.070874    -0.531526
   -0.001563     0.592878     0.431671
   -0.000555    -0.582573     0.423879
   -0.001563     0.592717    -0.429688
   -0.000538    -0.599132    -0.437630
   -0.322889    -0.609837     0.309136
   -0.322889    -0.609837    -0.307304
    0.669319     0.220150     0.001096
   -0.714997     0.233189     0.000722
   -0.681159    -0.221037     0.001098
    0.691102    -0.224644     0.000730
    0.689357    -0.072432    -0.145923
    0.731791     0.078200     0.000983
   -0.745217     0.079296     0.000848
   -0.745217    -0.077271     0.000984
    0.753404    -0.078267     0.000847
    0.701933     0.077116     0.150792
    0.701933    -0.075091     0.150792
    0.689976     0.075927    -0.145920
   -0.003325     0.470109     0.522804
    0.001282    -0.481029     0.541498
   -0.003392     0.483054    -0.539666
    0.001247    -0.474556    -0.530317
    0.703059     0.234631     0.159303
    0.693471    -0.229675     0.156753
    0.672396     0.225257    -0.149316
    0.651321    -0.216789    -0.143712
    0.621608     0.369529     0.154249
    0.623344    -0.368449     0.154757
    0.613671     0.365213    -0.150092
    0.593532    -0.352232    -0.144194
    0.668045     0.077805     0.301869
    0.638075    -0.072615     0.285893
    0.648065     0.075694    -0.289386
   -0.415947     0.483150     0.279832
   -0.450022    -0.517331     0.307399
   -0.449406     0.518703    -0.305070
   -0.442879    -0.509742    -0.299788
   -0.179857     0.681756     0.315896
   -0.177395    -0.671092     0.310766
   -0.179857     0.681756    -0.314063
   -0.177395    -0.671092    -0.308934
    0.535479     0.498239     0.155866
    0.543853    -0.503349     0.158741
    0.527106     0.491106    -0.151160
    0.535479    -0.496214    -0.154034
    0.421904     0.605556     0.157090
    0.427150    -0.610424     0.159393
    0.428558     0.614300    -0.158179
    0.408595    -0.586042    -0.149418
    0.563371     0.075701     0.414367
   -0.574011     0.076738     0.421813
   -0.582540    -0.075748     0.429259
    0.580430    -0.075748     0.429259
    0.596722     0.079753    -0.441647
   -0.565480    -0.073676    -0.412535
    0.291414     0.696308     0.161169
    0.291002    -0.693383     0.160902
    0.282288     0.676340    -0.153412
    0.286852    -0.684299    -0.156375
    0.138613     0.746043     0.161991
    0.138416    -0.743048     0.161723
    0.138613     0.746043    -0.160159
    0.136423    -0.733270    -0.157167
    0.152368     0.573112     0.431065
   -0.147495     0.549170     0.407796
   -0.149822    -0.555126     0.415552
    0.147712    -0.555126     0.415552
    0.152368     0.573112    -0.429232
   -0.154268     0.572393    -0.428533
   -0.156806    -0.579068    -0.436988
    0.152368    -0.571087    -0.429232
    0.654314     0.234456     0.312935
    0.597985    -0.213921     0.281321
    0.617049     0.222210    -0.290188
    0.626579    -0.223317    -0.295537
   -0.021949     0.759927     0.162308
   -0.021561    -0.744963     0.158765
   -0.021949     0.759927    -0.160476
   -0.021591    -0.745951    -0.157203
    0.454224     0.075107     0.514346
   -0.456943     0.075198     0.515164
   -0.463704    -0.074184     0.524250
    0.474389    -0.076096     0.541445
    0.468355     0.077218    -0.531504
   -0.455115    -0.072900    -0.510875
   -0.020764     0.697838     0.311516
   -0.021343    -0.714641     0.322320
   -0.020764     0.697838    -0.309684
   -0.020147    -0.675742    -0.298168
   -0.518936     0.379370     0.283316
   -0.535764    -0.388602     0.294319
   -0.544066     0.396183    -0.297917
   -0.552369    -0.399712    -0.303345
   -0.175781     0.715701     0.156074
   -0.178604    -0.724276     0.159063
   -0.175781     0.715701    -0.154242
   -0.175781    -0.713675    -0.154242
    0.147771     0.453991     0.531389
   -0.147683     0.447841     0.522081
   -0.149881    -0.451966     0.531389
    0.149968    -0.458117     0.540695
    0.147617     0.453559    -0.528903
   -0.152078     0.460142    -0.538863
   -0.152078    -0.458117    -0.538863
    0.147771    -0.451966    -0.529556
   -0.315711     0.649567     0.152408
   -0.331115    -0.676655     0.161275
   -0.320845     0.659271    -0.153531
   -0.320845    -0.657246    -0.153531
    0.571973     0.369468     0.304383
    0.571973    -0.367443     0.304383
    0.554754     0.359276    -0.291747
    0.563364    -0.362347    -0.297149
    0.519795     0.217803     0.408083
   -0.545914     0.226969     0.430511
   -0.537911    -0.221889     0.423034
    0.519072    -0.215502     0.407409
    0.542560     0.226495    -0.427514
   -0.529908     0.220858    -0.413726
   -0.545914    -0.224944    -0.428678
    0.543804    -0.224944    -0.428678
    0.106145     0.330311     0.605726
   -0.111211     0.338666     0.625549
   -0.108255    -0.328286     0.605726
    0.109101    -0.336641     0.625549
    0.106145     0.330311    -0.603894
   -0.108255    -0.328286    -0.603894
    0.107693    -0.332660    -0.614273
    0.137428     0.683954     0.311201
    0.137237    -0.681060     0.310693
    0.135304     0.674312    -0.303731
    0.137428    -0.681929    -0.309369
    0.232105     0.260767     0.613133
   -0.231195     0.257671     0.603736
   -0.227876    -0.252242     0.593408
    0.232406    -0.259049     0.614065
   -0.234516     0.261074    -0.612232
    0.225600    -0.252073    -0.591063
    0.348762     0.074689     0.631179
   -0.332002     0.071023     0.591096
   -0.327174    -0.068060     0.580846
    0.339545    -0.070874     0.611601
    0.339110     0.072814    -0.608844
   -0.332002    -0.068998    -0.589264
   -0.449209     0.572631     0.154315
   -0.463483    -0.587323     0.160138
   -0.462839     0.588595    -0.158044
   -0.449209    -0.570606    -0.152483
   -0.616240     0.261417     0.297902
   -0.588206    -0.248481     0.281823
   -0.625584     0.265053    -0.301430
   -0.625584    -0.263028    -0.301430
    0.294186     0.512665     0.429216
   -0.291839     0.505564     0.421534
   -0.295603    -0.509535     0.428021
    0.289729    -0.503538     0.421534
    0.298641     0.519764    -0.435063
   -0.286981     0.497822    -0.411329
   -0.296296    -0.510639    -0.427383
    0.298641    -0.517739    -0.435063
   -0.545760     0.453928     0.150012
   -0.564049    -0.465848     0.155998
   -0.572799     0.474544    -0.157028
   -0.564049    -0.465848    -0.154166
    0.477556     0.493736     0.306544
    0.477556    -0.491711     0.306544
    0.470321     0.486881    -0.299240
    0.477556    -0.491711    -0.304711
    0.418860     0.216876     0.525709
   -0.432463     0.222309     0.542771
   -0.427112    -0.217755     0.534827
    0.418860    -0.214851     0.525709
    0.425002     0.219780    -0.532995
   -0.408686     0.211070    -0.505643
   -0.396402    -0.203239    -0.487409
    0.425002    -0.217755    -0.532995
   -0.635358     0.331045     0.152035
   -0.595606    -0.310027     0.140752
   -0.655235     0.340542    -0.155844
   -0.655235    -0.338516    -0.155844
    0.287381     0.632522     0.309885
    0.282980    -0.621626     0.304300
    0.282857     0.623404    -0.302313
    0.282980    -0.621626    -0.302468
    0.034185     0.202396     0.643240
   -0.036295     0.202396     0.643240
   -0.036803    -0.203040     0.654280
    0.034185    -0.200371     0.643240
    0.034693     0.205065    -0.652448
   -0.037311    -0.205711    -0.663489
    0.159304     0.135461     0.663919
   -0.159165     0.133726     0.652910
   -0.159165    -0.131701     0.652910
    0.152357    -0.128074     0.629898
   -0.161414     0.135461    -0.662086
    0.157055    -0.131701    -0.651077
    0.197984     0.073503     0.673543
   -0.194837     0.071740     0.652550
   -0.197590    -0.070638     0.663542
    0.187222    -0.067867     0.630564
    0.189974     0.070815    -0.639725
   -0.197590    -0.070638    -0.661710
    0.470284     0.362984     0.432807
   -0.472394     0.362984     0.432807
   -0.472394    -0.360959     0.432807
    0.455762    -0.350692     0.417045
    0.463336     0.358072    -0.423434
   -0.465446     0.358072    -0.423434
   -0.472394    -0.360959    -0.430975
    0.463336    -0.356047    -0.423434
   -0.657258     0.114767     0.296716
   -0.667183    -0.114325     0.302031
   -0.667183     0.116350    -0.300199
   -0.667183    -0.114325    -0.300199
    0.356421     0.594107     0.308763
    0.350984    -0.583779     0.303216
    0.345547     0.577499    -0.295840
    0.350984    -0.583779    -0.301384
   -0.707584     0.193345     0.156541
   -0.687166    -0.186203     0.151211
   -0.697134     0.190726    -0.151982
   -0.687166    -0.186203    -0.149379
    0.267308     0.370189     0.501638
   -0.281802     0.385797     0.529323
   -0.277674    -0.378570     0.520095
    0.279692    -0.383772     0.529323
    0.283077     0.390061    -0.535054
   -0.285930     0.390999    -0.536718
   -0.285930    -0.388974    -0.536718
    0.283820    -0.388974    -0.536718
   -0.731620     0.039588     0.156349
   -0.731620    -0.037563     0.156349
   -0.731620     0.039588    -0.154517
   -0.731620    -0.037563    -0.154517
    0.414450     0.416887     0.426649
   -0.404094     0.405415     0.411480
   -0.416560    -0.414861     0.426649
    0.401984    -0.403390     0.411480
    0.420681     0.422622    -0.432401
   -0.410327     0.411151    -0.417232
   -0.422791    -0.420597    -0.432401
    0.414450    -0.414861    -0.424817
   -0.733959     0.119346     0.158943
   -0.702228     0.114625    -0.149027
   -0.713133    -0.114222    -0.151806
   -0.724038    -0.115845     0.156417
    0.420333     0.547482     0.307873
    0.413947     0.539858    -0.300530
    0.413947    -0.537833    -0.300530
    0.420333    -0.545457     0.307873
    0.214209     0.663891     0.310558
    0.210582    -0.651580     0.304377
    0.207628     0.645234    -0.297515
    0.210919    -0.652538    -0.303120
   -0.675543     0.265460     0.154187
   -0.634076    -0.248486     0.142995
   -0.685911     0.269197    -0.155154
   -0.684976    -0.266836    -0.154901
   -0.675975     0.039588     0.301725
   -0.665930     0.039059    -0.294591
   -0.675975    -0.037563    -0.299893
   -0.675975    -0.037563     0.301725
   -0.589741     0.393440     0.149469
   -0.570952    -0.379928     0.143803
   -0.617926     0.410671    -0.156135
   -0.599135    -0.397159    -0.150469
   -0.497695     0.513493     0.150572
   -0.513673    -0.526590     0.156327
   -0.513673     0.528615    -0.154494
   -0.513673    -0.526590    -0.154494
   -0.375380     0.602985     0.148782
   -0.393895    -0.628231     0.157550
   -0.393895     0.630256    -0.155718
   -0.381551    -0.610051    -0.149872
    0.324286     0.329065     0.508946
   -0.331763     0.334027     0.518956
   -0.331750    -0.331989     0.518933
    0.329653    -0.332002     0.518956
    0.339497     0.343133    -0.535489
   -0.336636     0.338535    -0.526215
   -0.336684    -0.336554    -0.526307
    0.339497    -0.341107    -0.535489
   -0.249884     0.693617     0.155619
   -0.257883    -0.712037     0.161543
   -0.245885     0.683394    -0.150824
   -0.249884    -0.691592    -0.153786
   -0.343976     0.450441     0.405068
    0.352662    -0.461380     0.420315
    0.363458     0.476367    -0.433731
   -0.349373     0.456924    -0.410859
   -0.365568    -0.474342    -0.433731
    0.363458    -0.474342    -0.433731
    0.358061     0.469887     0.427938
   -0.354358    -0.460883     0.419731
   -0.098544     0.732841     0.156031
   -0.098568    -0.730982     0.156077
   -0.098648     0.733555    -0.154395
   -0.098648    -0.731530    -0.154395
    0.058721     0.697838     0.311516
    0.058721    -0.695813     0.311516
    0.057806     0.688007    -0.304048
    0.056890    -0.676150    -0.298410
    0.059907     0.759927     0.162308
    0.058868    -0.745988     0.159049
    0.059907     0.759927    -0.160476
    0.058953    -0.746973    -0.157486
    0.214824     0.717248     0.158871
    0.214824    -0.715223     0.158871
    0.211404     0.706819    -0.154068
    0.214824    -0.715223    -0.157039
   -0.632297     0.186821     0.291762
   -0.612899    -0.179552     0.281116
   -0.651694     0.192066    -0.300574
   -0.641995    -0.187418    -0.295252
    0.529434     0.434808     0.305608
    0.529434    -0.432783     0.305608
    0.513472     0.422791    -0.292918
    0.521453    -0.426775    -0.298347
    0.079511     0.768521     0.000916
   -0.077752     0.734631     0.000916
   -0.081621    -0.766496     0.000916
    0.079511    -0.766496     0.000916
    0.364647     0.660926     0.160902
    0.358982    -0.649490     0.157966
    0.358982     0.651515    -0.156134
    0.353104    -0.639724    -0.153089
   -0.100612     0.693180     0.311409
   -0.100612    -0.691155     0.311409
   -0.100612     0.693180    -0.309577
   -0.099087    -0.681396    -0.303946
    0.236274     0.732363     0.000916
   -0.230818     0.710919     0.000916
   -0.238384    -0.730338     0.000916
    0.228708    -0.708894     0.000916
    0.382972     0.279411     0.525945
   -0.379954    -0.273967     0.517617
    0.383472     0.279743    -0.524924
   -0.379954     0.275992    -0.515785
   -0.374311    -0.270205    -0.506621
    0.383472    -0.277718    -0.524924
   -0.385582     0.279743     0.526756
    0.383472    -0.277718     0.526756
   -0.001055     0.768551     0.081692
   -0.001055    -0.755260     0.080161
   -0.001055     0.757285    -0.078328
   -0.001055    -0.755260    -0.078328
    0.157898     0.750472     0.081548
   -0.152237     0.716783     0.076868
   -0.162539    -0.759426     0.083073
    0.157898    -0.748446     0.081548
    0.160429     0.761451    -0.081241
   -0.154757     0.727703    -0.076553
   -0.157475    -0.737468    -0.078190
    0.155365    -0.737468    -0.078190
    0.505274     0.293633     0.424087
   -0.514934     0.297645     0.431582
   -0.506651    -0.291217     0.423361
    0.497723    -0.287594     0.416594
    0.505274     0.293633    -0.422255
   -0.507384     0.293633    -0.422255
   -0.506777    -0.291285    -0.421653
    0.512825    -0.295620    -0.429750
    0.380484     0.662686     0.000916
   -0.376554     0.653054     0.000916
   -0.376554    -0.651029     0.000916
    0.368403    -0.641396     0.000916
    0.226173     0.550549     0.430318
   -0.217681     0.526971     0.406527
   -0.224852    -0.540893     0.422618
    0.219311    -0.533264     0.414920
    0.226173     0.550549    -0.428485
   -0.221420     0.535289    -0.413088
   -0.228283    -0.548524    -0.428485
    0.225935    -0.547998    -0.427955
    0.308390     0.697554     0.081148
   -0.295794     0.667112     0.076619
   -0.315401    -0.705677     0.082657
    0.303487    -0.685383     0.079638
    0.308390     0.697554    -0.079316
   -0.300695     0.677261    -0.076296
   -0.300695    -0.675236    -0.076296
    0.298585    -0.675236    -0.076296
    0.476822     0.548362     0.153897
    0.491975    -0.562277     0.159676
    0.484398     0.556333    -0.154955
    0.476822    -0.546337    -0.152065
   -0.568237     0.322531     0.287835
   -0.568237    -0.320506     0.287835
   -0.594909     0.336399    -0.302120
   -0.586018    -0.329750    -0.296748
    0.035835     0.354150     0.616574
   -0.036895    -0.342872     0.595828
    0.035835     0.354150    -0.614741
   -0.037945    -0.352125    -0.614741
    0.035835    -0.352125    -0.614741
   -0.037945     0.354150    -0.614741
   -0.037945     0.354150     0.616574
    0.034785    -0.342872     0.595828
    0.489507     0.547937     0.000916
   -0.507517     0.564195     0.000916
   -0.507517    -0.562169     0.000916
    0.505407    -0.562169     0.000916
    0.429005     0.595765     0.077594
   -0.438093     0.604616     0.079081
   -0.452051    -0.620296     0.082053
    0.442961    -0.611444     0.080567
    0.442961     0.613469    -0.078735
   -0.445071     0.613469    -0.078735
   -0.430486    -0.592941    -0.075628
    0.435983    -0.602591    -0.077248
   -0.249993     0.641157     0.304670
   -0.253849    -0.648251     0.310258
   -0.253849    -0.648251    -0.308426
   -0.249993     0.641157    -0.302838
    0.284650     0.208264     0.613132
   -0.278662     0.202854     0.592583
   -0.270198    -0.195177     0.571108
    0.280600    -0.203535     0.602857
    0.280600     0.205560    -0.601024
   -0.282710     0.205560    -0.601024
   -0.282710    -0.203535    -0.601024
    0.280600    -0.203535    -0.601024
    0.618312     0.305225     0.308449
    0.591730    -0.291167     0.292856
    0.591104     0.292908    -0.290657
    0.600866    -0.295302    -0.296382
    0.320141     0.144380     0.611139
   -0.308907    -0.136871     0.581106
    0.320551     0.144549    -0.610230
   -0.313554    -0.138781    -0.589734
   -0.313554     0.140806    -0.589734
    0.315998    -0.140652    -0.599983
   -0.313554     0.140806     0.591566
    0.315998    -0.140652     0.601815
    0.585903     0.437527     0.155555
    0.594990    -0.441717     0.158398
    0.576816     0.431313    -0.150880
    0.567729    -0.423074    -0.148037
    0.209432     0.417042     0.512123
   -0.214732     0.422827     0.521378
   -0.214732    -0.420802     0.521378
    0.215813    -0.426587     0.530630
    0.215813     0.428612    -0.528798
   -0.217923     0.428612    -0.528798
   -0.217923    -0.426587    -0.528798
    0.215813    -0.426587    -0.528798
   -0.468433     0.432813     0.278365
   -0.491995    -0.450699     0.295185
   -0.499619     0.459168    -0.298795
   -0.499619    -0.457142    -0.298795
    0.586427     0.429526     0.000916
   -0.598839     0.436418     0.000916
   -0.579937    -0.421749     0.000916
    0.596729    -0.434393     0.000916
    0.538461     0.489091     0.076991
   -0.540571     0.489091     0.076991
   -0.549248    -0.494266     0.078453
    0.555815    -0.501466     0.079914
    0.537472     0.488269    -0.074992
   -0.557925     0.503491    -0.078082
   -0.548834    -0.493921    -0.076551
    0.555717    -0.501385    -0.078065
   -0.368137     0.540609     0.286252
   -0.385915    -0.562524     0.302814
   -0.385915     0.564549    -0.300982
   -0.385915    -0.562524    -0.300982
   -0.040836     0.735378     0.241285
   -0.040836    -0.733353     0.241285
   -0.040836     0.735378    -0.239453
   -0.039604    -0.712424    -0.230644
    0.117719     0.726152     0.241076
    0.115882    -0.713804     0.236679
    0.117719     0.726152    -0.239243
    0.117719    -0.724127    -0.239243
   -0.197141     0.707880     0.240669
   -0.197141    -0.705855     0.240669
   -0.194114     0.697834    -0.234455
   -0.191087    -0.685764    -0.230075
    0.269596     0.680900     0.240087
    0.265431    -0.669237     0.235728
    0.257097     0.651986    -0.225176
    0.265431    -0.669237    -0.233896
    0.648169     0.291551     0.000916
   -0.681839     0.304489     0.000916
   -0.650279    -0.289526     0.000916
    0.647555    -0.289275     0.000916
   -0.001055     0.637430     0.368024
   -0.001055    -0.653614     0.381642
   -0.001055     0.646535    -0.373001
   -0.001055    -0.644510    -0.373001
    0.660161     0.301359     0.154493
    0.670328    -0.303581     0.157298
    0.639827     0.292865    -0.147052
    0.619491    -0.282347    -0.141444
    0.075465     0.584012     0.423351
   -0.077670     0.584676     0.423975
   -0.076492    -0.574410     0.416229
    0.075560    -0.582651     0.423975
   -0.078847     0.592916    -0.429887
    0.076737    -0.590891    -0.429887
    0.075560     0.584676    -0.422143
   -0.080025    -0.599132    -0.437630
    0.613113     0.357739     0.074988
   -0.635137     0.368335     0.077865
   -0.605266    -0.350416     0.073548
    0.623070    -0.361013     0.076427
    0.613113     0.357739    -0.073156
   -0.645092     0.373633    -0.077472
   -0.615222    -0.355714    -0.073156
    0.613113    -0.355714    -0.073156
   -0.326823     0.618372     0.226361
   -0.342547    -0.643681     0.239360
   -0.337307     0.636595    -0.233195
   -0.337307    -0.634570    -0.233195
    0.155212     0.635576     0.380999
   -0.152609     0.617952     0.367424
   -0.152609    -0.615927     0.367424
    0.150499    -0.615927     0.367424
    0.152856     0.626764    -0.372379
   -0.157322     0.635576    -0.379167
   -0.157322    -0.633551    -0.379167
    0.152856    -0.624739    -0.372379
    0.702052     0.151027     0.000916
   -0.726477     0.155395     0.000916
   -0.715320    -0.151185     0.000916
    0.724368    -0.153370     0.000916
    0.406119    -0.600116     0.238137
    0.400445     0.594430     0.234221
    0.400445     0.594430    -0.232389
    0.393657    -0.583179    -0.227706
    0.301033     0.577098     0.379233
   -0.284997     0.545236     0.352327
   -0.303143    -0.575073     0.379233
    0.291960    -0.559141     0.365780
    0.301033     0.577098    -0.377401
   -0.294070     0.561166    -0.363948
   -0.303143    -0.575073    -0.377401
    0.296497    -0.567107    -0.370675
   -0.741430     0.001013     0.000916
    0.750690     0.001013     0.000916
    0.705297     0.153935     0.153780
    0.705297    -0.151910     0.153780
    0.672859     0.147477    -0.143612
    0.683671    -0.147606    -0.146391
    0.680468     0.223482     0.075992
   -0.714997     0.233189     0.080258
   -0.671772    -0.218220     0.074570
    0.702081    -0.227929     0.078836
    0.680218     0.223407    -0.074127
   -0.704190     0.229954    -0.077004
   -0.681215    -0.221049    -0.073980
    0.669662    -0.218220    -0.072737
   -0.441114     0.522208     0.220541
   -0.462538    -0.543427     0.233353
   -0.462538     0.545452    -0.231521
   -0.462538    -0.543427    -0.231521
    0.698371     0.001013     0.147989
    0.697550     0.001013    -0.145951
   -0.733989    -0.076183     0.078583
    0.720649     0.077120     0.077170
   -0.745217     0.079296     0.079996
    0.743108    -0.077271     0.079996
    0.720649     0.077120    -0.075338
   -0.745217     0.079296    -0.078164
   -0.745217    -0.077271    -0.078164
    0.720649    -0.075095    -0.075338
    0.659254     0.154567     0.302175
    0.610102    -0.142019     0.275619
    0.629763     0.148254    -0.284409
    0.649066    -0.150361    -0.294838
    0.522472     0.497352     0.236699
    0.522472    -0.495327     0.236699
    0.506577     0.483475    -0.226390
    0.514524    -0.488389    -0.230629
    0.427295     0.484937     0.376782
   -0.429405    -0.482912     0.376782
   -0.397432     0.451679     0.343564
    0.414506    -0.469609     0.363495
    0.427295     0.484937    -0.374950
   -0.416616     0.471634    -0.361663
   -0.423011    -0.476261    -0.368306
    0.427295    -0.482912    -0.374950
   -0.001055     0.531898     0.480000
   -0.001055    -0.529873     0.480000
   -0.001055     0.538898    -0.486356
   -0.001055    -0.537261    -0.486810
    0.147802     0.509625     0.479249
   -0.147659     0.502556     0.470633
   -0.149912    -0.507600     0.479249
    0.145550    -0.500531     0.470633
    0.150054     0.516693    -0.486033
   -0.149912     0.509625    -0.477416
   -0.152164    -0.514668    -0.486033
    0.150054    -0.514668    -0.486033
   -0.538380     0.411911     0.218970
   -0.555682    -0.422009     0.227383
   -0.572986     0.436156    -0.233963
   -0.572986    -0.434131    -0.233963
    0.536063     0.145631     0.399555
   -0.563668     0.151920     0.422226
   -0.572024    -0.151955     0.429655
    0.544847    -0.145773     0.407366
    0.569914     0.153981    -0.427823
   -0.555312    -0.147834    -0.412963
   -0.555312     0.149859    -0.412963
    0.561558    -0.149895    -0.420393
    0.665745     0.001013     0.296382
    0.665745     0.001013    -0.294550
    0.283452     0.445151     0.477251
   -0.289669     0.451040     0.485437
   -0.285562    -0.443126     0.477251
    0.283452    -0.443126     0.477251
    0.292029     0.457450    -0.492515
   -0.285562     0.445151    -0.475419
   -0.289850    -0.449276    -0.483967
    0.292029    -0.455424    -0.492515
    0.527056     0.365853     0.374227
   -0.505267     0.350650     0.354225
   -0.520924    -0.358585     0.367330
    0.511384    -0.353858     0.361111
    0.511384     0.355883    -0.359279
   -0.513493     0.355883    -0.359279
   -0.521330    -0.358842    -0.365836
    0.519220    -0.358842    -0.365836
    0.612379     0.370417     0.234954
    0.612379    -0.368392     0.234954
    0.584634     0.355033    -0.220590
    0.584388    -0.352872    -0.220479
   -0.629313     0.292636     0.225908
   -0.590367    -0.274005     0.209301
   -0.648786     0.300939    -0.232380
   -0.648786    -0.298914    -0.232380
   -0.402624     0.349676     0.483128
    0.394580    -0.342911     0.474665
    0.388644     0.340197     0.466205
   -0.402624    -0.347651     0.483128
    0.406448     0.354414    -0.489755
   -0.396689     0.344936    -0.472833
   -0.396689    -0.342911    -0.472833
    0.406448    -0.352389    -0.489755
    0.586893     0.224445     0.365656
   -0.589003     0.224445     0.365656
   -0.580191    -0.219340     0.359166
    0.551644    -0.210100     0.339695
    0.578081     0.221365    -0.357334
   -0.580191     0.221365    -0.357334
   -0.589003    -0.222420    -0.363824
    0.586893    -0.222420    -0.363824
    0.073957     0.476607     0.532199
   -0.074961     0.470159     0.522899
   -0.076066    -0.474582     0.532199
    0.075061    -0.481029     0.541498
   -0.076066     0.476607    -0.530366
    0.073941    -0.474492    -0.530237
    0.073957     0.476607    -0.530366
   -0.077171    -0.481029    -0.539666
    0.692870     0.234504     0.241490
    0.653317    -0.220197     0.225338
    0.643199     0.219082    -0.219375
    0.643199    -0.217056    -0.219375
   -0.674177     0.149665     0.224914
   -0.694951    -0.151854     0.233145
   -0.674177     0.149665    -0.223082
   -0.684565    -0.149747    -0.227197
    0.630607     0.077774     0.370988
   -0.623414     0.076733     0.364534
   -0.632717    -0.075748     0.370988
    0.621304    -0.074708     0.364534
    0.621304     0.076733    -0.362702
   -0.614110     0.075692    -0.356248
   -0.614110    -0.073667    -0.356248
    0.630607    -0.075748    -0.369156
     1      2      3
     1      3      4
     1      4      5
     1      5      6
     1      6      7
     1      7      2
     2      8    525
     2    519      3
     3    519     10
     3     10    513
     3    513      4
   514     11     12
     4     12    520
     4    520      5
   526     13     14
     5     14    527
     5    521      6
     6    521     16
     6     16    515
     6    515      7
   516     17     18
     7     18    522
     7    522      2
   528     19      8
     8     20    467
     8    467      9
   755     21    743
     9    461     10
    10    461     23
    10     23    450
    10    450     11
   719     24     25
    11    451     12
    12    451     26
    12     26    462
    12    462     13
   744     27     28
    13    468     14
    14    468     29
    14     29    469
    14    469     15
   756     30    745
    15    463     16
    16    463     32
    16     32    452
    16    452     17
   720     33     34
    17    453     18
    18    453     35
    18     35    464
    18    464     19
   746     36     37
    19    470      8
     8    470     20
    20     38    408
    20    408     21
    21     39    497
    21    497     22
   663     40    603
    22    551     23
    23    551    767
    23    426     24
    24    426    977
    24    977    347
    24    347     25
   978     44    427
    25    427     26
   768     45    552
    26    552     27
   604    961     47
    27    498     28
    28    498     48
    28    409     29
    29    409     49
    29     49    410
    29    410     30
    30     50    499
    30    499     31
   664     51    605
    31    553     32
    32    553    769
    32    428     33
    33    428    979
    33    979    348
    33    348     34
   980     55    429
    34    429     35
   770     56    554
    35    554     36
   606    962     58
    36    500     37
    37    500     59
    37    411     20
    20    411     38
    38     60    378
    38    378     39
   927     61    442
    39    442     40
   683     62    531
    40    531    963
   563    903     64
    41    481    937
    42    481    695
    42    392    915
    43    392    823
    43    823    329
    43    329    911
   824     67    393
    44    393    916
   696     68    482
    45    482    938
   615     69    564
   961    532     47
    47    532    684
    47    443     48
    48    443    928
    48    379     49
    49    379     73
    49     73    380
    49    380     50
   929     74    444
    50    444     51
   685     75    533
    51    533    964
   565    904     77
    52    483    939
    53    483    697
    53    394    917
    54    394    825
    54    825    330
    54    330    912
   826     80    395
    55    395    918
   698     81    484
    56    484    940
   616     82    566
   962    534     58
    58    534    686
    58    445     59
    59    445    930
    59    381     38
    38    381     60
   935     86    359
    60    359    993
   895     87    400
    61    400    969
   751     88    438
    62    438    945
   643     89    493
   903    493     64
   575     90    543
    64    509    859
    65    509    579
    65    457    843
    66    457    627
    66    414    815
    67    414    655
    67    366    844
    68    366    739
    68    739    316
    68    316    860
   791     96    362
    69    362    905
   775     97    418
    70    418    946
   715     98    477
    71    477    970
   639     99    539
    72    539    994
   587    100    101
    73    540    995
    74    540    640
    74    478    971
    75    478    716
    75    419    947
    76    419    776
   904    363     77
    77    363    792
    77    792    333
    77    333    861
   740    106    367
    78    367    845
   656    107    415
    79    415    816
   628    108    458
    80    458    846
   580    109    510
    81    510    862
   544    855    111
    82    494    906
    83    494    644
    83    439    948
    84    439    752
    84    401    972
    85    401    896
    85    360    996
   935    360     86
   885    115    344
    86    344     87
   869    116    351
    87    351    985
   819    117    355
    88    355    953
   763    118    370
    89    370    899
   711    119    374
    90    374    856
   651    120    384
    91    384    807
   635    121    388
    92    388    799
   631    122    404
    93    404    795
   623    123    422
    94    422    803
   611    124    434
    95    434    839
   599    125    473
    96    473    881
   595    126    489
    97    489    923
   591    127    505
    98    505    957
   583    128    547
    99    547    989
   571    129    559
   100    559    101
   560    887    131
   101    548    990
   102    548    584
   102    506    958
   103    506    592
   103    490    924
   104    490    596
   104    474    882
   105    474    600
   105    435    840
   106    435    612
   106    423    804
   107    423    624
   107    405    796
   108    405    632
   108    389    800
   109    389    636
   109    385    808
   110    385    652
   855    375    111
   111    375    712
   111    371    900
   112    371    764
   112    356    954
   113    356    820
   113    352    986
   114    352    870
   114    345     86
   885    345    115
   115    340    888
   116    340    851
   116    335    873
   117    335    811
   117    323    831
   118    323    779
   118    318    783
   119    318    727
   119    310    731
   120    310    691
   120    306    703
   121    306    659
   121    302    675
   122    302    647
   122    300    671
   123    300    648
   123    303    676
   124    303    660
   124    307    704
   125    307    692
   125    311    732
   126    311    728
   126    319    784
   127    319    780
   127    324    832
   128    324    812
   128    336    874
   129    336    852
   129    341    889
   130    341    867
   887    342    131
   131    342    853
   131    337    875
   132    337    813
   132    325    833
   133    325    781
   133    320    785
   134    320    729
   134    312    733
   135    312    693
   135    308    705
   136    308    661
   136    304    677
   137    304    649
   137    301    672
   138    301    650
   138    305    678
   139    305    662
   139    309    706
   140    309    694
   140    313    734
   141    313    730
   141    321    786
   142    321    782
   142    326    834
   143    326    814
   143    338    876
   144    338    854
   144    343    890
   115    343    868
   145    346    891
   146    346    871
   146    353    877
   147    353    821
   147    357    835
   148    357    765
   148    372    787
   149    372    713
   149    376    735
   150    376    653
   150    386    707
   151    386    637
   151    390    679
   152    390    633
   152    406    673
   153    406    625
   153    424    680
   154    424    613
   154    436    708
   155    436    601
   155    475    736
   156    475    597
   156    491    788
   157    491    593
   157    507    836
   158    507    585
   158    549    878
   159    549    572
   159    561    892
   160    561    562
   160    562    893
   573    190    550
   161    550    879
   586    191    508
   162    508    837
   594    192    492
   163    492    789
   598    193    476
   164    476    737
   602    194    437
   165    437    709
   614    195    425
   166    425    681
   626    196    407
   167    407    674
   634    197    391
   168    391    682
   638    198    387
   169    387    710
   654    199    377
   170    377    738
   714    200    373
   171    373    790
   766    201    358
   172    358    838
   822    202    354
   173    354    880
   174    339    894
   145    339    886
   175    361    176
   176    361    897
   176    402    987
   177    402    753
   177    440    955
   178    440    645
   178    495    901
   179    495    576
   179    545    857
   180    545    511
   180    511    809
   581    209    459
   181    459    801
   629    210    416
   182    416    797
   657    211    368
   183    368    805
   184    317    841
   185    317    793
   185    364    883
   186    364    777
   186    420    925
   187    420    717
   187    479    959
   188    479    641
   188    541    991
   189    541    588
   189    588    190
   589    217    542
   190    542    992
   642    218    480
   191    480    960
   718    219    421
   192    421    926
   778    220    365
   193    365    884
   194    334    842
   195    334    741
   195    369    806
   196    369    658
   196    417    798
   197    417    630
   197    460    802
   198    460    582
   198    512    810
   199    512    546
   199    546    858
   577    226    496
   200    496    902
   646    227    441
   201    441    956
   754    228    403
   202    403    988
   203    322    175
   175    322    936
   204    382    997
   205    382    931
   205    446    973
   206    446    687
   206    535    949
   207    535    567
   207    567    907
   617    233    485
   208    485    863
   699    234    396
   209    396    847
   210    331    817
   211    331    827
   211    397    848
   212    397    700
   212    486    864
   213    486    618
   213    568    908
   214    568    536
   214    536    950
   688    239    447
   215    447    974
   216    314    998
   217    314    241
   217    383    999
   218    383    932
   218    448    975
   219    448    689
   219    537    951
   220    537    569
   220    569    909
   619    244    487
   221    487    865
   701    245    398
   222    398    849
   223    332    818
   224    332    828
   224    399    850
   225    399    702
   225    488    866
   226    488    620
   226    570    910
   227    570    538
   227    538    952
   690    250    449
   228    449    976
   229    315   1000
   204    315    230
   230    412    231
   231    412    253
   231    501    232
   232    501    665
   232    607    965
   233    607    555
   233    555    941
   771    255    430
   234    430    919
   235    349    913
   236    349    981
   236    431    920
   237    431    772
   237    556    942
   238    556    608
   238    608    966
   666    259    502
   239    502    240
   240    327    241
   241    327    261
   241    413    242
   242    413    262
   242    503    243
   243    503    667
   243    609    967
   244    609    557
   244    557    943
   773    264    432
   245    432    921
   246    350    914
   247    350    982
   247    433    922
   248    433    774
   248    558    944
   249    558    610
   249    610    968
   668    268    504
   250    504    251
   251    328    230
   230    328    252
   252    471    253
   253    471    757
   253    747    254
   254    296    255
   255    296    272
   255    454    256
   256    454    721
   256    721    257
   257    295    258
   258    295    274
   258    465    259
   259    465    748
   259    748    260
   260    298    261
   261    298    276
   261    472    262
   262    472    758
   262    749    263
   263    297    264
   264    297    278
   264    455    265
   265    455    722
   265    722    266
   723    279    456
   266    456    267
   267    466    268
   268    466    750
   268    750    269
   269    299    252
   252    299    270
   270    529    271
   271    291    272
   272    291    283
   272    517    273
   273    289    274
   274    289    284
   274    523    275
   275    293    276
   276    293    285
   276    530    277
   277    292    278
   278    292    286
   278    518    279
   279    290    280
   280    290    287
   280    524    281
   281    294    270
   270    294    282
   282    288    283
   283    288    284
   284    288    285
   285    288    286
   286    288    287
   287    288    282
   273    517    289
   289    283    284
   279    518    290
   290    286    287
   271    529    291
   291    282    283
   277    530    292
   292    285    286
   275    523    293
   293    284    285
   281    524    294
   294    287    282
   724    273    295
   295    273    274
   254    747    296
   296    271    272
   263    749    297
   297    277    278
   759    275    298
   298    275    276
   760    281    299
   299    281    270
   122    647    300
   300    152    673
   137    649    301
   301    167    674
   121    659    302
   302    151    679
   123    648    303
   303    153    680
   136    661    304
   304    166    681
   138    650    305
   305    168    682
   120    691    306
   306    150    707
   124    660    307
   307    154    708
   135    693    308
   308    165    709
   139    662    309
   309    169    710
   119    727    310
   310    149    735
   125    692    311
   311    155    736
   134    729    312
   312    164    737
   140    694    313
   313    170    738
   933    240    314
   314    240    241
   934    251    315
   315    251    230
   316     95    839
   316     96    791
   742    212    317
   317    212    864
   118    779    318
   318    148    787
   126    728    319
   319    156    788
   133    781    320
   320    163    789
   141    730    321
   321    171    790
   898    229    322
   322    229   1000
   117    811    323
   323    147    835
   127    780    324
   324    157    836
   132    813    325
   325    162    837
   142    782    326
   326    172    838
   240    260    327
   327    260    261
   251    269    328
   328    269    252
   329     66    815
   329     67    824
   330     79    816
   330     80    826
   829    235    331
   331    235    913
   830    246    332
   332    246    914
   333    105    840
   333    106    740
   794    221    334
   334    221    865
   116    851    335
   335    146    877
   128    812    336
   336    158    878
   131    853    337
   337    161    879
   143    814    338
   338    173    880
   872    203    339
   339    203    175
   115    868    340
   340    145    891
   129    852    341
   341    159    892
   130    867    342
   342    160    893
   144    854    343
   343    174    894
   344    115    888
   344    116    869
   114    870    345
   345    144    890
   145    886    346
   346    175    176
   347     43    911
   347     44    978
   348     54    912
   348     55    980
   983    256    349
   349    256    257
   984    265    350
   350    265    266
   351    116    873
   351    117    819
   113    820    352
   352    143    876
   146    871    353
   353    176    987
   354    202    988
   354    203    872
   355    117    831
   355    118    763
   112    764    356
   356    142    834
   147    821    357
   357    177    955
   358    201    956
   358    202    822
   359     86     87
   359     87    895
    85    896    360
   360    114     86
   175    936    361
   361    204    997
   362     96    881
   362     97    775
    76    776    363
   363    104    882
   185    793    364
   364    213    908
   365    220    909
   365    221    794
    67    655    366
   366     94    803
   367    106    804
   367    107    656
   368    211    848
   368    212    742
   195    741    369
   369    222    849
   370    118    783
   370    119    711
   111    712    371
   371    141    786
   148    765    372
   372    178    901
   373    200    902
   373    201    766
   374    119    731
   374    120    651
   110    652    375
   375    140    734
   149    713    376
   376    179    857
   377    199    858
   377    200    714
   378     60    993
   378     61    927
    48    928    379
   379     72    994
   380     73    995
   380     74    929
    59    930    381
   381     85    996
   204    230    382
   382    230    231
   217    241    383
   383    241    242
   384    120    703
   384    121    635
   109    636    385
   385    139    706
   150    653    386
   386    180    809
   387    198    810
   387    199    654
   388    121    675
   388    122    631
   108    632    389
   389    138    678
   151    637    390
   390    181    801
   391    197    802
   391    198    638
    42    695    392
   392     65    843
   393     67    844
   393     68    696
    53    697    394
   394     78    845
   395     80    846
   395     81    698
   396    234    919
   396    235    829
   211    827    397
   397    236    920
   398    245    921
   398    246    830
   224    828    399
   399    247    922
   400     87    985
   400     88    751
    84    752    401
   401    113    986
   176    897    402
   402    205    973
   403    228    976
   403    229    898
   404    122    671
   404    123    623
   107    624    405
   405    137    672
   152    633    406
   406    182    797
   407    196    798
   407    197    634
   408     38     39
   408     39     21
    28     48    409
   409     48     49
   410     49     50
   410     50     30
    37     59    411
   411     59     38
   230    252    412
   412    252    253
   241    261    413
   413    261    262
    66    627    414
   414     93    795
   415    107    796
   415    108    628
   416    210    817
   416    211    657
   196    658    417
   417    223    818
   418     97    923
   418     98    715
    75    716    419
   419    103    924
   186    777    420
   420    214    950
   421    219    951
   421    220    778
   422    123    676
   422    124    611
   106    612    423
   423    136    677
   153    625    424
   424    183    805
   425    195    806
   425    196    626
    23    767    426
   426     42    915
   427     44    916
   427     45    768
    32    769    428
   428     53    917
   429     55    918
   429     56    770
   430    255    256
   430    256    983
   236    981    431
   431    257    258
   432    264    265
   432    265    984
   247    982    433
   433    266    267
   434    124    704
   434    125    599
   105    600    435
   435    135    705
   154    613    436
   436    184    841
   437    194    842
   437    195    614
   438     88    953
   438     89    643
    83    644    439
   439    112    954
   177    753    440
   440    206    949
   441    227    952
   441    228    754
   442     61    969
   442     62    683
    47    684    443
   443     71    970
   444     74    971
   444     75    685
    58    686    445
   445     84    972
   205    931    446
   446    231    232
   447    239    240
   447    240    933
   218    932    448
   448    242    243
   449    250    251
   449    251    934
   450     23     24
   450     24    719
   725     25    451
   451     25     26
   452     32     33
   452     33    720
   726     34    453
   453     34     35
   255    272    454
   454    272    273
   264    278    455
   455    278    279
   456    279    280
   456    280    267
    65    579    457
   457     92    799
   458    108    800
   458    109    580
   459    209    847
   459    210    629
   197    630    460
   460    224    850
     9    743    461
   461     22     23
   462     26     27
   462     27    744
    15    745    463
   463     31     32
   464     35     36
   464     36    746
   258    274    465
   465    274    275
   267    280    466
   466    280    281
   467     20     21
   467     21    755
   761     28    468
   468     28     29
   469     29     30
   469     30    756
   762     37    470
   470     37     20
   252    270    471
   471    270    271
   261    276    472
   472    276    277
   473    125    732
   473    126    595
   104    596    474
   474    134    733
   155    601    475
   475    185    883
   476    193    884
   476    194    602
   477     98    957
   477     99    639
    74    640    478
   478    102    958
   187    717    479
   479    215    974
   480    218    975
   480    219    718
   621     64    481
   481     64    859
   482     68    860
   482     69    615
   622     77    483
   483     77    861
   484     81    862
   484     82    616
   485    233    941
   485    234    699
   212    700    486
   486    237    942
   487    244    943
   487    245    701
   225    702    488
   488    248    944
   489    126    784
   489    127    591
   103    592    490
   490    133    785
   156    597    491
   491    186    925
   492    192    926
   492    193    598
   493     89    899
   493     90    575
   578    111    494
   494    111    900
   178    645    495
   495    207    907
   496    226    910
   496    227    646
   497     39     40
   497     40    663
   669     47    498
   498     47     48
   499     50     51
   499     51    664
   670     58    500
   500     58     59
   231    253    501
   501    253    254
   502    259    260
   502    260    240
   242    262    503
   503    262    263
   504    268    269
   504    269    251
   505    127    832
   505    128    583
   102    584    506
   506    132    833
   157    593    507
   507    187    959
   508    191    960
   508    192    594
    64    543    509
   509     91    807
   510    109    808
   510    110    544
   511    208    863
   511    209    581
   198    582    512
   512    225    866
   513     10     11
   513     11    514
     4    514     12
   513    514      4
   515     16     17
   515     17    516
     7    516     18
   515    516      7
   272    283    517
   517    283    289
   278    286    518
   518    286    290
     2    525    519
   519      9     10
   520     12     13
   520     13    526
     5    527    521
   521     15     16
   522     18     19
   522     19    528
   274    284    523
   523    284    293
   280    287    524
   524    287    294
   525      8      9
   525      9    519
     5    526     14
   520    526      5
   527     14     15
   527     15    521
     2    528      8
   522    528      2
   270    282    529
   529    282    291
   276    285    530
   530    285    292
   531     62    945
   531     63    563
    46    564    532
   532     70    946
   533     75    947
   533     76    565
    57    566    534
   534     83    948
   206    687    535
   535    232    965
   536    238    966
   536    239    688
   219    689    537
   537    243    967
   538    249    968
   538    250    690
   539     99    989
   539    100    587
   590    101    540
   540    101    990
   188    641    541
   541    216    998
   542    217    999
   542    218    642
   543     90    856
   543     91    509
   578    544    111
   510    544     82
   179    576    545
   545    208    511
   546    512    226
   546    226    577
   547    128    874
   547    129    571
   574    131    548
   548    131    875
   158    585    549
   549    188    991
   550    190    992
   550    191    586
    22    603    551
   551     41    937
   552     45    938
   552     46    604
    31    605    553
   553     52    939
   554     56    940
   554     57    606
   555    254    255
   555    255    771
   237    772    556
   556    258    259
   557    263    264
   557    264    773
   248    774    558
   558    267    268
   559    129    889
   559    130    560
   574    560    131
   559    560    101
   159    572    561
   561    189    190
   562    561    190
   562    190    573
   621    563     64
   531    563     41
   564     69    905
   564     70    532
   622    565     77
   533    565     52
   566     82    906
   566     83    534
   567    535    233
   567    233    617
   213    618    568
   568    238    536
   569    537    244
   569    244    619
   226    620    570
   570    249    538
   100    571    559
   547    571    100
   572    549    189
   572    189    561
   161    573    550
   562    573    161
   101    574    548
   101    560    574
    64    575    543
   493    575     64
   576    495    208
   576    208    545
   200    577    496
   546    577    200
    82    578    494
    82    544    578
   579    509     92
   579     92    457
    81    580    510
   458    580     81
   181    581    459
   511    581    181
   582    460    225
   582    225    512
    99    583    547
   505    583     99
   584    548    132
   584    132    506
   585    507    188
   585    188    549
   162    586    508
   550    586    162
   590    587    101
   539    587     73
   588    541    217
   588    217    589
   190    589    542
   588    589    190
    73    590    540
    73    587    590
    98    591    505
   489    591     98
   592    506    133
   592    133    490
   593    491    187
   593    187    507
   163    594    492
   508    594    163
    97    595    489
   473    595     97
   596    490    134
   596    134    474
   597    475    186
   597    186    491
   164    598    476
   492    598    164
    96    599    473
   434    599     96
   600    474    135
   600    135    435
   601    436    185
   601    185    475
   165    602    437
   476    602    165
   603     40    963
   603     41    551
   669    604     47
   552    604     27
   605     51    964
   605     52    553
   670    606     58
   554    606     36
   232    665    607
   607    254    555
   608    556    259
   608    259    666
   243    667    609
   609    263    557
   610    558    268
   610    268    668
    95    611    434
   422    611     95
   612    435    136
   612    136    423
   613    424    184
   613    184    436
   166    614    425
   437    614    166
    46    615    564
   482    615     46
    57    616    566
   484    616     57
   208    617    485
   567    617    208
   618    486    238
   618    238    568
   221    619    487
   569    619    221
   620    488    249
   620    249    570
    41    621    481
    41    563    621
    52    622    483
    52    565    622
    94    623    422
   404    623     94
   624    423    137
   624    137    405
   625    406    183
   625    183    424
   167    626    407
   425    626    167
   627    457     93
   627     93    414
    80    628    458
   415    628     80
   182    629    416
   459    629    182
   630    417    224
   630    224    460
    93    631    404
   388    631     93
   632    405    138
   632    138    389
   633    390    182
   633    182    406
   168    634    391
   407    634    168
    92    635    388
   384    635     92
   636    389    139
   636    139    385
   637    386    181
   637    181    390
   169    638    387
   391    638    169
    72    639    539
   477    639     72
   640    540    102
   640    102    478
   641    479    216
   641    216    541
   191    642    480
   542    642    191
    63    643    493
   438    643     63
   644    494    112
   644    112    439
   645    440    207
   645    207    495
   201    646    441
   496    646    201
   647    302    152
   647    152    300
   648    300    153
   648    153    303
   649    304    167
   649    167    301
   650    301    168
   650    168    305
    91    651    384
   374    651     91
   652    385    140
   652    140    375
   653    376    180
   653    180    386
   170    654    377
   387    654    170
   655    414     94
   655     94    366
    79    656    415
   367    656     79
   183    657    368
   416    657    183
   658    369    223
   658    223    417
   659    306    151
   659    151    302
   660    303    154
   660    154    307
   661    308    166
   661    166    304
   662    305    169
   662    169    309
    22    663    603
   497    663     22
    31    664    605
   499    664     31
   665    501    254
   665    254    607
   239    666    502
   608    666    239
   667    503    263
   667    263    609
   250    668    504
   610    668    250
    27    669    498
    27    604    669
    36    670    500
    36    606    670
   671    300    123
   404    671    123
   672    301    138
   405    672    138
   673    406    153
   300    673    153
   674    407    168
   301    674    168
   675    302    122
   388    675    122
   676    303    124
   422    676    124
   677    304    137
   423    677    137
   678    305    139
   389    678    139
   679    390    152
   302    679    152
   680    424    154
   303    680    154
   681    425    167
   304    681    167
   682    391    169
   305    682    169
    40    683    531
   442    683     40
   684    532     71
   684     71    443
    51    685    533
   444    685     51
   686    534     84
   686     84    445
   687    446    232
   687    232    535
   215    688    447
   536    688    215
   689    448    243
   689    243    537
   228    690    449
   538    690    228
   691    310    150
   691    150    306
   692    307    155
   692    155    311
   693    312    165
   693    165    308
   694    309    170
   694    170    313
   695    481     65
   695     65    392
    45    696    482
   393    696     45
   697    483     78
   697     78    394
    56    698    484
   395    698     56
   209    699    396
   485    699    209
   700    397    237
   700    237    486
   222    701    398
   487    701    222
   702    399    248
   702    248    488
   703    306    121
   384    703    121
   704    307    125
   434    704    125
   705    308    136
   435    705    136
   706    309    140
   385    706    140
   707    386    151
   306    707    151
   708    436    155
   307    708    155
   709    437    166
   308    709    166
   710    387    170
   309    710    170
    90    711    374
   370    711     90
   712    375    141
   712    141    371
   713    372    179
   713    179    376
   171    714    373
   377    714    171
    71    715    477
   418    715     71
   716    478    103
   716    103    419
   717    420    215
   717    215    479
   192    718    421
   480    718    192
   725    719     25
   450    719     11
   726    720     34
   452    720     17
   721    454    273
   721    273    724
   722    455    279
   722    279    723
   266    723    456
   722    723    266
   257    724    295
   721    724    257
    11    725    451
    11    719    725
    17    726    453
    17    720    726
   727    318    149
   727    149    310
   728    311    156
   728    156    319
   729    320    164
   729    164    312
   730    313    171
   730    171    321
   731    310    120
   374    731    120
   732    311    126
   473    732    126
   733    312    135
   474    733    135
   734    313    141
   375    734    141
   735    376    150
   310    735    150
   736    475    156
   311    736    156
   737    476    165
   312    737    165
   738    377    171
   313    738    171
   739    366     95
   739     95    316
    78    740    367
   333    740     78
   741    334    222
   741    222    369
   184    742    317
   368    742    184
   743     21     22
   743     22    461
   761    744     28
   462    744     13
   745     30     31
   745     31    463
   762    746     37
   464    746     19
   253    757    747
   747    271    296
   748    465    275
   748    275    759
   262    758    749
   749    277    297
   750    466    281
   750    281    760
    62    751    438
   400    751     62
   752    439    113
   752    113    401
   753    402    206
   753    206    440
   202    754    403
   441    754    202
     9    755    743
   467    755      9
    15    756    745
   469    756     15
   757    471    271
   757    271    747
   758    472    277
   758    277    749
   260    759    298
   748    759    260
   269    760    299
   750    760    269
    13    761    468
    13    744    761
    19    762    470
    19    746    762
    89    763    370
   355    763     89
   764    371    142
   764    142    356
   765    357    178
   765    178    372
   172    766    358
   373    766    172
   767    551     42
   767     42    426
    26    768    552
   427    768     26
   769    553     53
   769     53    428
    35    770    554
   429    770     35
   234    771    430
   555    771    234
   772    431    258
   772    258    556
   245    773    432
   557    773    245
   774    433    267
   774    267    558
    70    775    418
   362    775     70
   776    419    104
   776    104    363
   777    364    214
   777    214    420
   193    778    365
   421    778    193
   779    323    148
   779    148    318
   780    319    157
   780    157    324
   781    325    163
   781    163    320
   782    321    172
   782    172    326
   783    318    119
   370    783    119
   784    319    127
   489    784    127
   785    320    134
   490    785    134
   786    321    142
   371    786    142
   787    372    149
   318    787    149
   788    491    157
   319    788    157
   789    492    164
   320    789    164
   790    373    172
   321    790    172
    69    791    362
   316    791     69
   792    363    105
   792    105    333
   793    317    213
   793    213    364
   194    794    334
   365    794    194
   795    404     94
   414    795     94
   796    405    108
   415    796    108
   797    416    183
   406    797    183
   798    417    197
   407    798    197
   799    388     93
   457    799     93
   800    389    109
   458    800    109
   801    459    182
   390    801    182
   802    460    198
   391    802    198
   803    422     95
   366    803     95
   804    423    107
   367    804    107
   805    368    184
   424    805    184
   806    369    196
   425    806    196
   807    384     92
   509    807     92
   808    385    110
   510    808    110
   809    511    181
   386    809    181
   810    512    199
   387    810    199
   811    335    147
   811    147    323
   812    324    158
   812    158    336
   813    337    162
   813    162    325
   814    326    173
   814    173    338
   815    414     67
   329    815     67
   816    415     80
   330    816     80
   817    331    211
   416    817    211
   818    332    224
   417    818    224
    88    819    355
   351    819     88
   820    356    143
   820    143    352
   821    353    177
   821    177    357
   173    822    354
   358    822    173
   823    392     66
   823     66    329
    44    824    393
   329    824     44
   825    394     79
   825     79    330
    55    826    395
   330    826     55
   827    331    236
   827    236    397
   828    332    247
   828    247    399
   210    829    331
   396    829    210
   223    830    332
   398    830    223
   831    323    118
   355    831    118
   832    324    128
   505    832    128
   833    325    133
   506    833    133
   834    326    143
   356    834    143
   835    357    148
   323    835    148
   836    507    158
   324    836    158
   837    508    163
   325    837    163
   838    358    173
   326    838    173
   839    434     96
   316    839     96
   840    435    106
   333    840    106
   841    317    185
   436    841    185
   842    334    195
   437    842    195
   843    457     66
   392    843     66
   844    366     68
   393    844     68
   845    367     79
   394    845     79
   846    458     81
   395    846     81
   847    396    210
   459    847    210
   848    397    212
   368    848    212
   849    398    223
   369    849    223
   850    399    225
   460    850    225
   851    340    146
   851    146    335
   852    336    159
   852    159    341
   853    342    161
   853    161    337
   854    338    174
   854    174    343
   544    110    855
   110    375    855
   856    374     91
   543    856     91
   857    545    180
   376    857    180
   858    546    200
   377    858    200
   859    509     65
   481    859     65
   860    316     69
   482    860     69
   861    333     78
   483    861     78
   862    510     82
   484    862     82
   863    485    209
   511    863    209
   864    486    213
   317    864    213
   865    487    222
   334    865    222
   866    488    226
   512    866    226
   867    341    160
   867    160    342
   868    343    145
   868    145    340
    87    869    351
   344    869     87
   870    352    144
   870    144    345
   871    346    176
   871    176    353
   174    872    339
   354    872    174
   873    335    117
   351    873    117
   874    336    129
   547    874    129
   875    337    132
   548    875    132
   876    338    144
   352    876    144
   877    353    147
   335    877    147
   878    549    159
   336    878    159
   879    550    162
   337    879    162
   880    354    174
   338    880    174
   881    473     97
   362    881     97
   882    474    105
   363    882    105
   883    364    186
   475    883    186
   884    365    194
   476    884    194
    86    885    344
    86    345    885
   886    339    175
   886    175    346
   560    130    887
   130    342    887
   888    340    116
   344    888    116
   889    341    130
   559    889    130
   890    343    115
   345    890    115
   891    346    146
   340    891    146
   892    561    160
   341    892    160
   893    562    161
   342    893    161
   894    339    145
   343    894    145
    61    895    400
   359    895     61
   896    401    114
   896    114    360
   897    361    205
   897    205    402
   203    898    322
   403    898    203
   899    370     90
   493    899     90
   900    371    112
   494    900    112
   901    495    179
   372    901    179
   902    496    201
   373    902    201
   563     63    903
    63    493    903
   565     76    904
    76    363    904
   905    362     70
   564    905     70
   906    494     83
   566    906     83
   907    567    208
   495    907    208
   908    568    214
   364    908    214
   909    569    221
   365    909    221
   910    570    227
   496    910    227
   911    329     44
   347    911     44
   912    330     55
   348    912     55
   913    349    236
   331    913    236
   914    350    247
   332    914    247
   915    392     43
   426    915     43
   916    393     45
   427    916     45
   917    394     54
   428    917     54
   918    395     56
   429    918     56
   919    430    235
   396    919    235
   920    431    237
   397    920    237
   921    432    246
   398    921    246
   922    433    248
   399    922    248
   923    489     98
   418    923     98
   924    490    104
   419    924    104
   925    420    187
   491    925    187
   926    421    193
   492    926    193
    39    927    442
   378    927     39
   928    443     72
   928     72    379
    50    929    444
   380    929     50
   930    445     85
   930     85    381
   931    382    231
   931    231    446
   932    383    242
   932    242    448
   216    933    314
   447    933    216
   229    934    315
   449    934    229
    60    935    359
    60    360    935
   936    322    204
   936    204    361
   937    481     42
   551    937     42
   938    482     46
   552    938     46
   939    483     53
   553    939     53
   940    484     57
   554    940     57
   941    555    234
   485    941    234
   942    556    238
   486    942    238
   943    557    245
   487    943    245
   944    558    249
   488    944    249
   945    438     63
   531    945     63
   946    418     71
   532    946     71
   947    419     76
   533    947     76
   948    439     84
   534    948     84
   949    535    207
   440    949    207
   950    536    215
   420    950    215
   951    537    220
   421    951    220
   952    538    228
   441    952    228
   953    355     89
   438    953     89
   954    356    113
   439    954    113
   955    440    178
   357    955    178
   956    441    202
   358    956    202
   957    505     99
   477    957     99
   958    506    103
   478    958    103
   959    479    188
   507    959    188
   960    480    192
   508    960    192
   604     46    961
    46    532    961
   606     57    962
    57    534    962
   963    531     41
   603    963     41
   964    533     52
   605    964     52
   965    607    233
   535    965    233
   966    608    239
   536    966    239
   967    609    244
   537    967    244
   968    610    250
   538    968    250
   969    400     62
   442    969     62
   970    477     72
   443    970     72
   971    478     75
   444    971     75
   972    401     85
   445    972     85
   973    446    206
   402    973    206
   974    447    216
   479    974    216
   975    448    219
   480    975    219
   976    449    229
   403    976    229
   977    426     43
   977     43    347
    25    978    427
   347    978     25
   979    428     54
   979     54    348
    34    980    429
   348    980     34
   981    349    257
   981    257    431
   982    350    266
   982    266    433
   235    983    349
   430    983    235
   246    984    350
   432    984    246
   985    351     88
   400    985     88
   986    352    114
   401    986    114
   987    402    177
   353    987    177
   988    403    203
   354    988    203
   989    547    100
   539    989    100
   990    548    102
   540    990    102
   991    541    189
   549    991    189
   992    542    191
   550    992    191
   993    359     61
   378    993     61
   994    539     73
   379    994     73
   995    540     74
   380    995     74
   996    360     60
   381    996     60
   997    382    205
   361    997    205
   998    314    217
   541    998    217
   999    383    218
   542    999    218
  1000    315    204
   322   1000    204
