1022 2040
   88.380341    61.101066    59.425758
   88.249307    61.232101    59.425758
   72.801306    52.668293    61.790732
   81.555389    54.863302    60.712410
  -14.319202     8.486716    66.812369
  -18.456037     7.938317    66.458899
  -29.615575     1.047494    66.038431
  -32.087041    -1.423971    66.038431
  -74.935420   -29.891246    62.786963
  -83.974282   -35.525037    61.341772
  -89.942641   -40.979977    60.216763
  -87.396843   -43.525776    60.216763
   41.420235    38.192403    64.570249
   24.733257    29.468363    65.354624
   -8.736894    10.799079    66.812369
   17.505891    14.278200    64.570249
  105.671010    66.971537    54.918387
  104.482388    69.841044    54.918387
  101.753366    68.738603    55.884716
  100.888875    67.873971    56.255675
  100.636961    66.971537    56.445387
   93.890432    65.921143    57.727384
   98.372838    70.138940    55.884716
   95.949047    68.315596    56.742295
   -9.972486    15.092760    65.354624
  -55.361162   -13.728266    64.234834
  -60.963782   -19.330885    64.234834
  -91.812250   -38.701467    59.363273
  -93.398349   -42.530673    59.363273
  -93.180287   -42.530673    59.429426
  -96.171943   -43.708152    58.373954
  -95.952329   -46.597688    58.077468
  -94.974152   -48.959277    58.077468
  -94.912513   -50.073848    57.904401
  -89.857589   -48.663355    58.967489
  -89.857589   -53.175099    57.598888
  -97.310492   -56.010331    55.802343
  -97.592591   -57.596712    55.285679
  -97.212745   -58.533985    55.048999
  -94.216012   -59.775219    55.048999
  -91.141278   -56.199055    56.520143
   48.559727     5.612978    58.039808
   47.851801     3.865941    57.598888
   85.101510    42.154760    58.039808
   46.320429    41.012543    64.228205
  106.329993    66.610028    54.672961
  106.142256    66.771389    54.750256
   98.439272    47.559910    54.672961
  109.150414    65.720430    53.292794
  107.805792    70.738682    53.292794
  107.506767    70.621611    53.469388
  105.183685    70.542341    54.489033
  108.029919    71.038694    53.070500
  107.945148    71.413180    52.947505
  105.651969    73.706218    52.947505
  105.257313    72.697857    53.543015
   98.504155    70.304391    55.789507
  105.737727    75.419262    52.019542
  103.074434    76.132971    52.019542
   99.924521    72.759495    54.273792
   34.192305    51.767975    56.742295
   28.158357    47.449610    58.186358
   13.633947    39.226154    59.141685
  -75.294531   -18.239727    57.689300
  -95.626223   -38.571278    57.689300
  -98.185562   -39.202897    56.694762
  -96.641355   -43.560192    58.144325
  -99.916942   -39.116293    55.757066
 -100.726283   -42.137004    55.757066
  -99.202246   -43.560192    56.775442
  -99.054426   -45.673251    56.551879
  -97.577922   -51.183906    56.551879
  -98.902516   -59.350660    53.985205
  -97.841402   -64.039280    52.445652
  -97.415292   -64.465390    52.445652
  -96.895525   -66.571538    51.627284
  -96.291976   -66.357566    51.827997
  -97.322341   -75.100648    47.007214
  -97.050115   -77.782277    45.612801
  -96.291976   -79.065967    45.035345
  -38.748517   -74.768477    39.090822
  -94.634787   -84.147409    42.081773
  -91.591226   -89.408830    38.833689
  -90.906572   -90.142004    38.343684
  -88.445826   -89.969783    38.083307
  -42.958839   -77.781572    38.083307
   48.127975    -4.226903    54.046702
    1.314419   -52.085634    41.725764
  112.565923    47.077804    48.472575
   65.103258    -0.385002    48.472575
  113.449315    47.295725    48.129261
  115.031465    48.843318    47.722052
  115.098463    50.053944    47.910071
  109.700789    65.283460    52.976279
  116.449998    55.097867    47.910071
  116.589072    57.085815    48.120375
  115.513430    59.274054    49.008704
  114.438212    61.002754    49.831021
  110.103485    65.050446    52.727750
  112.464509    70.925290    49.831021
  112.202862    70.864498    50.055713
  112.715718    71.276080    49.470217
  108.888909    77.003246    49.470217
  108.376054    76.490390    50.105926
  106.340430    76.317605    51.245181
  109.380466    78.595128    48.043080
  106.265392    80.676451    48.043080
  106.174697    80.286450    48.378072
  103.911420    79.469069    49.418311
  105.760718    83.018575    46.203374
  104.201700    84.981135    44.847326
  103.911420    85.038824    44.847326
  101.763240    87.775603    42.250609
  100.609315    88.808931    41.214178
   99.846239    88.751947    41.136460
   76.379444    84.084061    41.136460
   73.407112    82.334768    42.086850
   59.951433    75.458756    44.476367
  -21.219757    31.304825    47.721347
  -93.105672   -16.727820    47.721347
 -103.779577   -19.312266    43.548121
 -104.809096   -20.341644    43.548121
 -105.371178   -22.663315    44.455914
 -104.219651   -36.229719    52.048316
 -108.744231   -27.711470    44.455914
 -107.820499   -31.949578    47.246857
 -104.846333   -36.103480    51.519804
 -104.290881   -36.232681    51.996833
 -102.301522   -41.741925    54.528809
 -105.715479   -40.472764    51.519804
 -105.732123   -40.695481    51.542513
 -104.795132   -41.741925    52.482325
 -104.505981   -45.608086    52.088515
 -102.561194   -55.384918    52.088515
 -102.290379   -59.209188    51.537717
 -103.062342   -60.287228    50.428788
 -101.898121   -65.409574    48.750301
  -98.401932   -70.642080    48.750301
  -97.352243   -78.760736    44.735615
  -94.976550   -84.129778    41.925349
  -94.625760   -84.364061    41.925349
  -92.257543   -89.649460    38.527330
  -92.027773   -90.715369    37.690062
  -90.906572   -92.126709    36.714847
  -90.003998   -94.128903    34.924367
  -87.028986   -97.919180    31.328174
  -85.859264   -98.966612    30.277639
  -84.387556   -98.856594    30.127704
  -71.135410   -96.220523    30.127704
  -67.236244   -95.944490    29.566045
  -57.044304   -90.736103    31.375990
   75.958976    -1.306477    42.397159
    1.434311   -52.058412    41.686553
   75.358247    -2.663936    41.686553
  113.205441    35.940128    42.397159
  114.099693    39.633504    43.841081
  118.116213    45.644602    43.841081
  118.678012    48.116491    44.651127
  118.066987    48.969980    45.529017
  118.164593    50.349583    45.727756
  118.911167    54.492483    45.791369
  118.864480    53.868058    45.727756
  121.176983    54.492483    43.030470
  118.814266    69.410421    43.030470
  118.699875    70.747004    42.860083
  118.558685    70.934035    42.977013
  113.094012    71.476934    48.999817
  118.395350    71.587376    42.780249
  114.642733    78.952265    42.780249
  114.331719    78.967921    43.132026
  113.725631    78.580459    44.064926
  109.633085    78.847606    47.656464
  110.392212    82.907287    43.132026
  109.359450    83.367390    43.669706
  109.339985    83.336782    43.716816
  108.892858    84.031168    43.175187
  104.050918    86.498261    43.175187
  102.888672    88.117930    41.614053
  102.866386    88.134715    41.600089
  100.609315    90.211948    39.504661
  100.413398    90.514922    39.097593
   97.795382    92.831374    35.769676
   96.565291    93.659757    34.522941
   96.347088    93.641985    34.502630
   88.598263    92.414715    34.502630
   87.260269    92.300183    34.331960
   23.094970    66.246685    33.369722
  -41.877978    33.141287    33.369722
  -77.601392    23.580966    20.239161
 -101.054787     2.536270    25.170103
 -102.560911    -0.647636    27.168348
 -112.337461   -10.424186    27.168348
 -111.560562   -14.310094    31.546095
 -109.810422   -20.479731    38.981932
 -109.542711   -20.650824    39.393937
 -108.963139   -27.169135    43.922466
 -110.722588   -22.269929    38.981932
 -110.530761   -24.232630    40.365767
 -107.959996   -33.580249    47.454763
 -108.621800   -37.758975    47.454763
 -108.838593   -40.412254    47.702587
 -108.647894   -40.695481    47.989622
 -108.086518   -47.566274    47.347707
 -107.123433   -53.646345    47.347707
 -106.585471   -59.937284    46.545842
 -106.663471   -60.083412    46.368684
 -104.721787   -67.851984    44.027689
 -102.502517   -72.207586    44.027689
 -100.809079   -78.535057    41.701927
 -100.850548   -78.681184    41.525756
  -98.956961   -82.931846    39.312693
  -94.782184   -87.106764    39.312693
  -93.032749   -90.804795    36.991868
  -92.990858   -91.639806    36.047261
  -91.270903   -94.086588    34.224198
  -89.940949   -94.764330    34.224198
  -87.554113   -98.090132    31.018430
  -86.782714   -99.579894    29.352074
  -85.859264  -100.429716    28.494776
  -85.702700  -100.671898    28.169516
  -83.057038  -103.012893    24.806337
  -83.045754  -103.020510    24.794912
  -75.345732  -101.800857    24.794912
  -74.946845  -101.766723    24.744134
  -51.008099   -89.227440    29.557018
   18.893957   -53.610518    29.557018
   75.240894    -4.460340    40.110045
   21.133115   -53.011341    28.733996
  111.210298    29.376681    38.108132
  114.161896    36.002613    41.557775
   79.086180    -2.747437    38.108132
  117.738765    39.988948    40.719660
  118.399581    42.457593    41.627171
  121.070067    47.698844    41.627171
  120.747064    48.303945    42.360063
  120.672873    48.314665    42.452450
  121.624250    53.842105    42.360063
  121.215630    54.448899    42.974897
  126.721631    53.540541    32.897630
  125.061480    66.150490    32.897630
  124.445800    67.125422    33.809514
  122.928251    53.540541    39.994525
  123.328690    69.108716    35.214647
  122.483945    70.083508    36.422593
  119.400749    77.526962    36.422593
  118.757282    78.210910    37.083409
  118.698041    78.238414    37.171000
  118.046394    78.752539    37.763266
  115.159256    79.359333    41.680205
  115.668161    81.851815    37.763266
  115.151780    82.226583    38.133239
  114.815801    82.273835    38.618166
  114.535395    82.419115    38.779103
  108.419356    87.112108    38.779103
  108.225977    87.204213    38.870362
  106.759488    88.294101    38.349608
  105.523896    89.456629    37.155767
  100.213249    91.656434    37.155767
   98.616007    93.040550    35.176422
   97.557150    94.123668    33.410908
   96.565291    94.750068    32.483227
   96.440745    94.870947    32.226235
   93.883521    96.255628    29.005798
   88.744531    95.579156    29.005798
   87.819671    95.490013    28.905371
   87.030782    95.716397    27.890803
   50.272771    85.771434    18.203255
    5.111184    67.065053    18.203255
  -46.738114    51.743432     1.341940
  -76.299930    29.772889    11.838406
  -85.457979    25.415735     7.519053
 -111.607108     5.350767     7.519053
 -112.085970     1.942875    12.437442
 -111.453929     1.310833    14.244425
 -112.514901    -7.692625    23.703755
 -112.420116   -10.300768    26.922782
 -113.282068     0.384140    12.437442
 -111.310905   -19.797758    36.174064
 -113.374597   -12.604949    26.922782
 -110.952498   -28.612352    40.841526
 -112.132940   -37.578714    40.841526
 -110.905106   -40.412254    43.836426
 -110.893540   -40.543994    43.825706
 -109.327751   -52.437552    43.825706
 -108.740845   -58.532433    43.163480
 -107.999208   -59.849129    44.096380
 -105.950185   -67.422630    42.100391
 -104.825740   -70.137264    42.100391
 -102.397012   -78.356066    39.427648
 -102.507313   -79.517184    37.807979
 -100.089023   -84.600177    35.410705
  -98.519285   -86.645815    35.410705
  -96.123563   -91.270680    32.756016
  -95.836950   -93.310535    29.812035
  -94.371871   -95.328951    28.365575
  -90.363250   -98.404813    28.365575
  -89.344310   -99.696401    27.191904
  -88.321421  -101.897052    23.932113
  -88.074161  -102.129784    23.693035
  -85.241327  -103.303173    23.693035
  -85.003800  -103.508964    23.398806
  -82.711326  -105.853767    19.576511
  -82.711326  -104.466688    22.171677
  -75.732207  -106.245038    17.125639
  -82.505253  -106.181566    18.912592
  -82.405249  -106.278749    18.706096
  -79.127264  -108.053572    14.578147
  -75.636576  -107.594033    14.578147
  -73.065106  -108.331862    11.270682
  -60.986773  -105.064173     8.087482
  -25.550394   -90.385878     8.087482
  -11.301594   -86.175275     3.453730
   18.876467   -63.746744    14.168963
   99.575988    -0.332814    16.580906
   23.815026   -61.397145    11.839816
   94.773542    -6.948872    11.839816
  102.570042     2.661098    16.580906
  109.679349    16.385195    24.458933
  122.941650    33.668952    24.458933
  123.884565    35.651118    25.393666
  123.428976    40.447499    32.084199
  122.312712    40.950340    34.514196
  122.025817    47.255949    39.832036
  126.214276    47.171884    32.084199
  126.103835    47.557089    32.579846
  124.422527    47.676276    35.754442
  126.858307    53.288204    32.579846
  130.635184    52.980858    20.324778
  129.929374    59.245139    20.324778
  129.113827    61.369906    22.224148
  128.571351    62.400835    23.629281
  127.222073    53.288204    31.461889
  128.288265    52.980858    28.061191
  127.039274    65.503355    27.081885
  124.898286    71.622215    27.081885
  123.536878    73.847973    29.016235
  123.082982    74.347146    29.943493
  121.221695    76.733841    32.334138
  118.998194    80.272486    32.334138
  118.671806    80.634419    32.640215
  118.183352    80.962217    33.513592
  118.150065    80.938662    33.662117
  114.123107    85.022321    33.513592
  113.349593    85.928281    32.794523
  113.208544    86.046057    32.772378
  111.387033    87.689140    31.231415
  104.374485    92.095379    31.231415
  102.043505    93.913222    28.896484
   98.343782    96.326717    25.180823
   95.766247    97.228727    25.180823
   95.776261    96.901916    26.254067
  101.537420    94.373466    27.956250
   93.883521    96.621651    27.881071
   93.578008    98.380113    22.198053
   93.578008    97.681636    24.500683
   92.317309    99.254336    18.847568
   90.490721   100.129265    15.285086
   88.014460   100.738034    12.358455
   87.946615    98.515379    19.660153
   87.685251   100.866106    11.550665
   87.534751   100.913781    11.217648
   78.421133   101.179518    -0.254456
   53.613947    94.147082    -5.726886
   26.491013    84.656298    -5.726886
  -18.814585    70.400869   -18.083651
  -45.197855    55.279397    -6.597019
  -59.108842    48.337233   -12.156759
 -101.145905    21.923636   -12.156759
 -102.012935    21.443223   -12.582587
 -106.911154    17.349126   -11.809919
 -109.142554    14.736046    -9.735789
 -112.329845     6.073504     4.578175
 -111.318098    12.560502    -9.735789
 -111.386507    12.470513    -9.679511
 -113.344835     7.386673    -1.508384
 -113.358799     6.609491     0.487041
 -112.510106     6.007211     4.280420
 -113.696048     0.679356    10.962631
 -113.686880     0.663840    11.011293
 -114.305099     0.858629     8.731795
 -114.289443   -12.187161    23.942551
 -116.506879    -5.433721     8.731795
 -116.293330   -12.756718    17.949790
 -116.003191   -12.747832    18.903424
 -112.335063   -37.520461    40.196790
 -117.832319   -26.415086    17.949790
 -117.401413   -28.569332    20.170611
 -115.200903   -37.520461    30.749308
 -113.629332   -51.469108    30.749308
 -112.822530   -53.571024    32.628226
 -112.305161   -54.972913    33.650692
 -110.895655   -57.827469    36.827404
 -105.704477   -72.662893    36.827404
 -103.713002   -78.992057    35.101102
 -103.202686   -82.092603    30.655933
 -102.659505   -83.181221    30.220937
  -99.167971   -88.737999    30.220937
  -96.838683   -92.941832    28.156681
  -94.756654   -98.346982    19.469032
  -92.390834  -100.712802    19.469032
  -92.097311  -101.056539    19.196242
  -90.373970  -103.624624    14.605088
  -86.420641  -106.108643    14.605088
  -86.388622  -105.999471    15.004962
  -84.915504  -107.477527    11.808644
  -81.663471  -108.615371    11.808644
  -81.665728  -108.538922    12.060276
  -79.127264  -108.163026    14.242168
  -79.208226  -109.907242     8.462109
  -78.863642  -110.039546     8.154057
  -78.863642  -109.077731    11.324563
  -73.565831  -109.862106     6.770787
  -78.820622  -110.060139     8.070274
  -75.193117  -110.951853     3.783080
  -74.567845  -111.076964     3.138485
  -73.599542  -110.967791     3.138485
  -68.113852  -111.127741    -3.766724
  -58.476659  -108.395757    -5.892760
  -47.093417  -104.412666    -5.892760
  -31.621861   -99.544491   -10.112391
  -23.167507   -96.042519   -10.112391
  -13.081495   -90.261755    -5.721244
    1.984686   -82.743122   -11.742780
    4.175040   -81.528123   -12.241389
   43.015221   -57.123210   -12.241389
   54.964212   -50.502779   -18.108758
   58.534028   -48.131458   -18.956041
   59.133629   -47.719171   -19.066059
   68.348379   -40.648511   -19.066059
   87.728271   -24.449846   -16.008816
   88.792770   -23.203393   -15.019355
  107.087427    -4.908735   -15.019355
  113.208826     3.140525    -9.979240
  114.750495     7.142940    -3.546264
  118.572366    14.040673    -0.159247
  122.235981    19.871369    -0.159247
  126.881863    29.180764     3.561492
  128.152011    36.899545    14.627656
  127.315730    37.145535    17.690259
  127.752983    46.469176    27.072153
  130.633492    43.991504    14.627656
  130.659445    44.083045    14.647826
  130.575097    46.979492    18.293809
  129.183223    46.937037    22.866204
  131.057627    51.262454    18.293809
  131.352843    51.150038    15.560556
  132.137359    51.150038     7.596348
  131.692631    55.665449     7.596348
  131.200228    58.060889    10.199272
  131.176955    58.070340    10.426361
  131.176955    51.262454    17.234247
  129.760820    62.805929    10.199272
  128.013501    66.968716    15.581713
  126.813172    69.581655    17.793930
  124.711114    73.514109    17.793930
  122.127373    77.359818    23.747198
  121.694916    77.939531    24.197850
  116.752548    83.961771    24.197850
  116.654801    83.864024    26.049263
  116.518124    84.181244    23.915470
  109.289207    90.113919    23.915470
  116.644646    84.069815    23.996432
  105.957058    92.599630    21.324817
  101.365763    95.383520    17.607040
   96.679823    97.888274    17.607040
  104.295216    93.716036    18.752360
   94.744204    98.777448    15.968329
   89.815518   100.846360     9.595299
   89.758957   100.866106     9.476958
   89.552320   100.933810     8.995980
   87.214992   101.414224     6.456247
   86.876051   101.454423     5.760592
   83.884254   101.787723    -0.616106
   79.648685   101.787723    -4.851675
   78.779680   101.702106    -4.851675
   78.679958   101.454423    -2.435501
   76.188322   101.169645    -7.667442
   72.111857   100.278213   -11.501868
   70.440846    99.844345   -12.311773
   61.445286    97.450316   -16.029127
   57.991835    96.488218   -16.978530
   55.081001    95.662657   -17.616355
   43.592535    92.177611   -17.616355
   28.454702    87.296177   -20.830304
   -4.365777    75.811802   -20.830304
  -18.618526    70.584938   -18.976493
  -22.601335    68.549738   -20.032388
  -64.357710    46.230521   -20.032388
  -66.307434    45.120604   -20.794618
  -88.804656    30.984784   -20.794618
  -98.682620    24.423312   -18.450238
 -100.803155    22.841585   -16.801654
 -105.820984    18.723510   -16.801654
 -108.512769    16.348804   -15.078455
 -108.825616    16.035957   -15.078455
 -109.927916    14.786401   -14.278423
 -111.215132    13.218074   -14.278423
 -112.131811    11.989111   -13.322955
 -112.194014    11.896583   -13.179790
 -112.090907    11.861039   -11.804700
 -113.758110     7.707419    -5.572437
 -114.898917     6.836016   -13.179790
 -114.992855     6.631495   -13.006722
 -114.753918     6.646305   -10.402670
 -117.055701    -5.066711     3.493788
 -116.026747     3.425303   -13.687426
 -118.812329    -5.757429   -13.687426
 -119.005708    -6.641949   -12.855377
 -118.522050    -6.447442    -8.139675
 -118.522050   -25.974307    11.387048
 -119.321235    -9.644606   -13.057077
 -120.270356   -19.280107   -13.057077
 -120.270356   -25.974307    -6.362877
 -119.321376   -35.609243    -6.362877
 -118.969458   -38.957471    -6.138045
 -117.401413   -46.587392     2.152551
 -117.035249   -48.261929     3.727648
 -110.612711   -69.433993     3.727648
 -108.583716   -75.726343     5.063526
 -108.048011   -77.002557     6.713662
 -107.975089   -77.007070     7.509180
  -97.612902   -96.525331     6.713662
  -97.341100   -96.431815    10.339475
  -94.936492   -98.512010    17.594486
  -97.040947   -97.376563     5.395979
  -92.511149  -102.896245     5.395979
  -92.318758  -102.703854     9.040129
  -90.545204  -103.811373    12.659313
  -91.722119  -103.685134     3.924130
  -88.693509  -106.170705     3.924130
  -88.639628  -106.014140     6.013352
  -84.933981  -107.501364    11.573233
  -83.207961  -109.121174     3.716928
  -88.177974  -106.517122     3.125932
  -83.204576  -109.175478     3.125932
  -82.165042  -109.611884     1.781732
  -78.074331  -110.852695     1.781732
  -77.620857  -110.951853     1.355199
  -75.118078  -111.466260    -1.364231
  -74.429476  -111.533963    -1.364231
  -74.429476  -111.293474     1.078883
  -70.996900  -111.533963    -4.796807
  -68.553785  -111.293474    -4.796807
  -68.238540  -111.260328    -4.817965
  -67.411568  -111.090363    -5.716590
  -64.116374  -110.369742    -8.816007
  -61.998519  -109.806250    -9.691218
  -55.274981  -107.766678    -9.691218
  -51.529699  -106.558872   -10.486454
  -34.497151  -100.598976   -10.486454
  -17.017617   -92.900082   -11.742780
    6.586278   -80.155573   -13.184021
   40.134853   -59.820637   -18.108758
   79.542898   -31.569591   -20.192056
   89.778140   -23.169682   -20.192056
   91.520522   -21.632527   -21.307474
  102.765536   -10.387654   -21.307474
  105.847604    -6.894004   -19.070996
  109.223619    -2.780442   -19.070996
  114.082767     3.733778   -14.006480
  114.344132     4.122651   -13.404481
  119.671705    13.482400    -9.745381
  121.479392    16.864339    -9.745381
  126.691587    28.210486    -0.139077
  127.274544    29.599257     1.656621
  128.633131    33.812541     2.551156
  130.527846    40.058627     2.551156
  131.200792    43.136322     5.446052
  131.545516    44.813539     7.268409
  131.352843    44.736103     9.146621
  132.137359    50.822098     7.268409
  131.369487    55.795355     4.445307
  131.369487    50.822098    -0.527950
  130.910936    51.758384    -3.661501
  130.413455    56.172803    -3.661501
  130.738150    56.389878    -0.563071
  131.200792    50.714337    -2.131963
  131.167504    50.714337    -2.427743
  129.473784    62.823701     7.070093
  130.203009    56.572819    -4.206798
  128.544411    61.312640    -4.206798
  128.121545    63.882558    -0.522731
  128.329028    64.043495     1.517829
  124.550036    73.458677    15.644480
  122.922891    72.156086    -0.522731
  121.565856    75.678934     5.139693
  121.768685    75.864978     7.252470
  107.773491    89.471298     5.139693
  107.873354    89.580188     6.273588
  106.574290    90.033238     3.873070
   92.212369    99.057431     3.873070
  107.166415    89.705158     4.163773
   90.211443   100.056060     3.073320
   89.569387   100.658623     5.995862
   86.509464   100.665252    -2.234083
   83.736434   101.635530    -2.234083
   83.776069   101.694771    -1.668757
   83.889473   101.774746    -0.742768
   79.532460   101.512959    -7.525970
   79.648685   101.694771    -5.796141
   79.318206   101.445114    -8.000037
   77.940719   101.169645    -9.419980
   76.179154   100.736623   -11.501868
   30.845346    87.766012   -23.666664
   33.235850    88.443754   -24.193906
    6.033365    79.084005   -23.666664
  -65.275517    45.534865   -22.343057
  -24.735411    67.326559   -20.961480
  -64.379572    45.981992   -22.701182
  -88.286723    31.271679   -21.048930
  -83.939301    33.807604   -22.343057
 -102.028732    21.626587   -18.978044
 -103.290277    20.620482   -18.673801
 -105.617732    18.850454   -17.216480
 -108.470313    15.997873   -17.216480
 -109.282475    15.304334   -16.571743
 -110.533300    13.807942   -16.335627
 -110.987761    12.987740   -16.738323
 -113.045529     9.712717   -16.738323
 -113.660363     8.480651   -17.230867
 -114.138661     7.646204   -16.867524
 -116.752445    -0.267226   -18.068276
 -115.523906     3.243773   -18.068276
 -118.288754    -5.264462   -17.840623
 -117.772091    -3.864406   -18.861820
 -118.901331   -11.233527   -18.373084
 -119.321235   -14.960613   -18.373084
 -119.772593   -19.280107   -18.110732
 -119.670473   -18.769791   -18.636846
 -119.321376   -24.202022   -17.770098
 -118.588061   -30.709473   -17.770098
 -117.610448   -40.237211   -16.920135
 -116.460614   -43.352990   -19.192863
 -115.598521   -45.961556   -19.978225
 -114.382817   -50.250301   -19.032207
 -107.580856   -69.688869   -19.032207
 -104.216971   -80.379841   -16.116295
 -103.175745   -82.196415   -16.907159
 -102.110964   -84.330350   -16.054375
  -96.894679   -97.326209     3.445126
  -95.290526   -95.184798   -16.054375
  -94.006977   -97.501674   -14.916671
  -93.007643  -100.095853   -10.746972
  -93.340378  -100.401224    -7.278993
  -91.455818  -103.418833    -1.120780
  -90.089474  -103.013881   -10.746972
  -89.287891  -104.208427    -8.611344
  -89.616959  -104.567115    -4.873397
  -88.107308  -106.312177     0.391691
  -83.716161  -107.709412    -8.611344
  -83.539003  -107.870490    -8.282417
  -83.702056  -108.080371    -6.218161
  -82.170825  -109.517240     0.751085
  -75.534033  -110.671588    -8.282417
  -75.622612  -110.804033    -7.017628
  -75.206798  -111.245658    -3.513964
  -70.996900  -111.245658    -7.723862
  -75.223019  -110.662561    -8.673970
  -70.933005  -111.145937    -8.673970
  -70.698863  -111.098967    -8.915306
  -70.603796  -111.090363    -8.908817
  -65.155908  -110.476517    -8.908817
  -59.988144  -109.064331   -11.157566
  -55.413492  -107.552565   -12.535054
  -52.763740  -106.801336   -11.950545
  -39.865205  -102.288041   -11.950545
  -15.981892   -92.306405   -12.193714
   43.749241   -57.421388   -18.956041
   81.290922   -30.108461   -20.467807
   91.424608   -21.692473   -21.503391
   91.880198   -21.191889   -21.747547
  102.418132   -10.653955   -21.747547
  102.805876   -10.322771   -21.439637
  107.884356    -4.247073   -20.481207
  109.149286    -2.844620   -19.294841
  112.590043     2.631196   -19.294841
  114.753880     5.405918   -16.515465
  119.109905    13.006218   -13.206448
  121.451747    16.835001    -9.878954
  126.504979    31.276192    -9.878954
  127.815609    33.930458    -6.925241
  128.830176    36.679650    -4.919943
  129.900317    39.467630    -2.427743
  128.259914    51.758384   -12.400775
  128.978278    56.610197    -8.230370
  126.906969    51.368382   -16.715755
  126.223727    56.558150   -16.715755
  127.439854    57.113602   -12.754244
  127.260580    60.935192    -8.908817
  125.388292    57.374967   -18.077586
  123.657899    61.552565   -18.077586
  124.502502    62.136509   -15.101163
  122.360951    71.757340    -3.034537
  121.759234    62.434969   -20.890109
  112.071828    75.059868   -20.890109
  112.425015    75.413197   -19.452534
  111.372928    75.158039   -21.898611
   89.946553    91.599168   -21.898611
   88.839457    93.981067   -18.370404
   88.723514    94.090098   -18.258270
   86.247535    99.774667    -5.495565
   80.613744    97.449328   -18.258270
   79.031735    99.067446   -15.620648
   79.499173   100.091041   -12.286102
   79.345147   100.562004   -10.901280
   75.998611    99.466756   -15.620648
   76.179154   100.093297   -13.622544
   74.765699    99.203982   -16.029127
   75.551062    99.272814   -16.093586
   21.099968    83.134941   -27.721408
    6.146345    79.089224   -23.780350
   32.323543    87.929770   -24.840335
  -16.067509    69.888014   -23.780350
  -81.424110    35.004266   -23.529282
  -68.591022    42.851967   -24.196445
  -98.420974    23.495490   -21.048930
 -107.524577    16.386182   -18.673801
 -107.637135    16.304515   -18.593121
 -111.316829    11.508839   -18.593121
 -113.133120     8.710279   -18.414552
 -111.785959    10.522904   -19.058160
 -115.587801     1.880249   -19.440404
 -114.065315     5.555712   -19.440404
 -117.737534    -3.853122   -18.963657
 -116.585725    -1.808190   -20.412516
 -118.699208   -12.598884   -19.546614
 -118.254197    -9.219061   -19.546614
 -119.240837   -18.769791   -20.053404
 -118.208074   -28.142657   -19.976391
 -118.977357   -19.377854   -20.696025
 -117.155141   -36.140435   -19.976391
 -107.833334   -64.306004   -24.448641
 -110.843890   -54.402792   -25.958715
 -110.042025   -56.142494   -26.600066
 -102.433403   -77.342627   -24.448641
 -100.677480   -83.284610   -22.516266
  -97.786393   -87.174609   -23.897562
  -96.446848   -89.990094   -22.569583
  -91.238602   -98.245145   -19.977097
  -91.439739   -98.446140   -19.158729
  -91.759638   -96.098657   -22.569583
  -91.458498   -96.679921   -22.236001
  -89.871835  -102.707239   -12.117830
  -85.313545  -103.721948   -17.835122
  -85.610312  -102.563933   -19.977097
  -85.169110  -103.513054   -18.571117
  -83.659883  -107.518290    -9.311513
  -77.061597  -107.827752   -15.951127
  -79.005679  -106.066046   -18.571117
  -77.553577  -107.324488   -16.771469
  -75.818952  -108.612409   -14.789021
  -75.230636  -110.410788    -9.501083
  -73.257638  -108.949658   -14.789021
  -71.562367  -109.867607   -12.654099
  -70.698863  -110.241670   -11.741510
  -68.214138  -110.023607   -11.537553
  -63.485038  -109.401016   -11.537553
  -53.157690  -106.281993   -14.133283
  -49.151749  -104.570501   -15.161533
  -40.893313  -102.336280   -12.985001
  -18.415274   -93.025475   -12.985001
   48.767211   -53.692045   -20.737775
   58.191420   -47.928912   -20.247770
   59.645356   -46.717721   -20.467807
   92.519010   -20.312024   -22.378038
  102.036593   -10.794440   -22.378038
  103.046929    -8.843870   -23.497828
  108.419638    -1.842041   -23.497828
  109.813487     1.087693   -24.879547
  110.180780     1.581789   -24.704082
  110.263717     1.862477   -24.795341
  119.121894    23.248089   -24.795341
  119.616978    23.819480   -24.087273
  121.399841    26.984767   -21.844730
  123.486665    30.288706   -18.754622
  126.039516    49.679740   -18.754622
  126.719374    50.935361   -17.173319
  121.622840    49.679740   -27.017572
  123.550419    57.244778   -21.547963
  119.187341    49.116530   -31.435377
  118.004784    56.582975   -31.435377
  120.562854    57.768635   -26.630533
  120.754681    61.982483   -23.076796
  117.279791    56.958307   -32.246411
  117.042123    57.128977   -32.475475
  113.827186    63.438676   -32.475475
  112.236714    64.556632   -33.660430
  111.028063    74.813173   -22.884546
  111.273771    64.604871   -34.749895
  107.547248    66.367705   -37.088633
   97.508488    76.406325   -37.088633
   95.489508    77.305796   -38.139873
   92.656392    79.847928   -37.544222
   91.644222    81.287900   -36.471260
   89.626230    90.888138   -23.446486
   84.788662    84.780986   -36.471260
   83.407649    86.705321   -34.616321
   81.461873    90.463016   -30.413052
   81.487262    90.517743   -30.310368
   80.515292    96.060275   -20.881223
   75.297737    93.699815   -26.457748
   75.551062    94.795345   -24.470363
   78.409426    90.946533   -30.413052
   70.479916    93.306146   -26.007659
   41.480181    88.713017   -26.007659
   -9.995759    69.611698   -28.900862
    9.715457    74.538409   -34.840871
  -55.792209    46.277208   -28.900862
  -92.049495    25.470180   -25.763362
  -95.785044    23.806080   -23.818433
 -107.903859    11.687125   -23.818433
 -108.079324    11.678380   -23.619977
 -108.842965    11.141546   -23.050843
 -113.870526     1.274584   -23.050843
 -115.003434    -1.530746   -23.104301
 -114.410745    -0.886715   -23.702208
 -117.000410   -14.139565   -23.104301
 -117.428495   -19.377854   -23.593601
 -115.046736   -27.866342   -25.958715
 -115.507262   -22.230858   -26.485252
 -102.049749   -68.911405   -31.559077
 -108.364667   -57.965133   -28.292235
 -103.014808   -65.049898   -32.722734
  -92.769693   -87.124254   -31.559077
  -93.065473   -88.166891   -30.302469
  -92.560798   -89.299799   -29.712601
  -86.788356   -97.230295   -27.142542
  -86.995557   -94.865040   -29.712601
  -86.896541   -95.074639   -29.581143
  -86.646884   -97.431573   -26.992606
  -85.581397  -102.500038   -20.116171
  -81.406620  -102.310045   -23.637044
  -83.611221   -98.978319   -26.992606
  -81.889573  -101.377427   -24.680244
  -79.329105  -104.221968   -21.708336
  -75.898363  -106.902751   -17.968273
  -78.840651  -104.299263   -21.708336
  -73.257638  -108.680959   -15.291721
  -67.997769  -108.251182   -14.800305
  -58.390619  -106.729542   -14.800305
  -36.374376   -94.922165   -23.152116
  -35.148657   -94.295906   -23.369755
  -28.271799   -92.577079   -21.297459
   47.244725   -54.099395   -21.297459
   88.552422   -20.779461   -26.545339
   90.699051   -16.241623   -29.393265
  103.708168    -3.232505   -29.393265
  105.200752     0.118121   -31.137763
  104.103953     3.984423   -35.797609
  105.469169     9.085471   -37.672577
  109.568908    17.131628   -37.672577
  110.505757    20.880013   -38.802100
  111.251767    21.867922   -38.184163
  111.549099    25.343941   -38.627340
  114.299701    42.710494   -38.627340
  116.701206    45.424706   -35.177274
  113.591493    42.710494   -39.490138
  113.413912    45.086470   -39.248098
  112.135018    51.515920   -39.248098
  111.699881    57.659745   -38.363295
  110.748362    58.694342   -38.855981
  105.108365    66.526950   -39.228915
  110.168085    58.954295   -39.228915
  103.594624    67.196793   -40.021189
   95.956522    74.834895   -40.021189
   95.597834    75.645364   -39.596913
   90.030054    79.614350   -39.368836
   91.126994    78.632788   -39.596913
   86.778445    81.455467   -39.154864
   84.952138    83.135082   -38.285295
   83.475916    83.239599   -38.497856
   78.229870    84.283082   -38.497856
   78.409426    85.077754   -37.564110
   63.513633    81.538121   -39.002531
   76.521481    82.753261   -40.032332
   75.939794    82.467354   -40.268448
    9.579767    73.171923   -36.346855
   28.018154    74.477617   -39.002531
  -40.304855    44.900426   -39.660103
   -9.418727    55.699019   -45.393474
  -20.569238    49.385793   -46.126790
  -84.284026    15.514498   -39.660103
  -92.834716    13.444176   -36.317093
  -93.719660    12.559233   -36.317093
  -93.881302    12.487721   -36.232605
 -107.740524    11.582748   -24.069783
 -103.648119    -2.129500   -36.232605
 -106.663753    -0.528873   -32.483938
 -112.722385    -1.130730   -25.806382
 -105.851592   -22.230858   -38.250879
  -99.280246    -8.230023   -42.508029
 -102.228035   -23.049649   -42.508029
  -98.390507   -27.335291   -46.356982
  -89.528239   -63.565213   -48.218551
  -91.416183   -66.202271   -45.506032
  -95.412956   -29.672478   -49.182200
  -90.002023   -56.874963   -49.182200
  -92.403670   -86.890394   -32.122428
  -90.804030   -68.895889   -44.623486
  -85.980003   -81.619805   -41.248600
  -87.702497   -87.197318   -36.248261
  -86.776085   -74.924054   -44.623486
  -85.979156   -78.216004   -43.336412
  -85.766595   -80.308752   -42.248216
  -87.460597   -87.743884   -35.962072
  -86.217106   -88.574805   -35.962072
  -84.855558   -94.893108   -30.999112
  -83.874701   -96.326028   -29.915712
  -84.081197   -95.867900   -30.325460
  -80.312783  -100.863866   -25.610182
  -78.840651  -102.182113   -24.287986
  -73.566536  -101.787739   -23.750729
  -40.530816   -95.216534   -23.750729
   -2.015049   -63.822769   -39.147247
   15.253757   -54.045373   -40.283117
   24.077942   -52.039934   -37.391748
   91.294138    -7.127441   -37.391748
   92.433675    -4.552445   -38.739615
  100.751634     3.765655   -38.739615
  102.128839     9.454032   -40.963539
  105.047996    13.822752   -40.963539
  105.964816    17.856621   -42.285312
  107.121561    19.899720   -42.150892
  107.773491    20.608493   -41.813361
  108.227247    27.015516   -42.736247
  109.280462    32.310789   -42.736247
  109.533645    35.696677   -43.081112
  110.266679    37.801979   -42.594210
  111.569551    40.452436   -41.518286
  111.012829    48.408322   -40.676363
  110.221120    51.363304   -40.676363
  109.799805    58.969670   -39.495075
  103.759934    65.631851   -40.675517
  103.543141    66.589858   -40.360836
  104.746714    63.912460   -40.795973
   95.349587    74.783412   -40.360836
   94.762258    74.916280   -40.553791
   84.329970    81.591015   -39.535133
   81.218987    82.424616   -39.535133
   45.108815    68.306287   -46.857143
   74.283029    80.693095   -41.454109
   53.103348    68.865688   -47.703157
    0.006046    56.221042   -46.857143
  -52.957541    17.008069   -54.105948
  -66.301228    13.988062   -49.724252
  -48.859072    20.464482   -53.572359
  -89.986085    -9.696795   -49.724252
  -91.942015    -8.384613   -48.038431
  -97.599644    -8.620871   -43.951104
  -87.966118   -12.401556   -51.729550
  -88.387291   -20.004818   -52.910274
  -90.560437   -28.115012   -52.910274
  -90.669327   -29.672478   -53.075160
  -86.694417   -33.384049   -55.731401
  -85.875767   -34.849975   -56.163858
  -85.254586   -43.728040   -55.224328
  -85.616519   -61.882918   -51.405842
  -86.953243   -63.672693   -50.078850
  -84.723676   -45.709501   -55.224328
  -84.201230   -55.141608   -53.759531
  -85.247393   -61.024069   -51.843800
  -86.129938   -67.310636   -48.884304
  -85.812718   -67.627856   -48.884304
  -85.510590   -68.852305   -48.408544
  -85.769839   -86.651598   -37.613336
  -84.081197   -86.041842   -38.389531
  -83.359025   -80.953771   -42.248216
  -82.972408   -81.622203   -41.835647
  -78.956735   -81.341233   -41.410666
  -16.589673   -64.629995   -41.410666
   39.877861   -28.871741   -46.763909
   54.825560   -18.597287   -46.976894
   77.347748    -5.671530   -45.399116
   85.058631    -3.926327   -42.866999
  101.840253    12.855154   -42.866999
  102.121223    14.096952   -43.274773
  107.441461    25.674984   -43.047825
  107.982385    27.693681   -43.047825
  108.400314    33.667119   -43.680008
  109.409804    49.074498   -41.437747
  104.975496    59.780139   -41.437747
   94.752808    74.638977   -40.675517
   93.826255    74.690178   -40.819387
   80.469592    80.222837   -40.819387
   23.045461    49.283392   -53.865177
   20.192457    49.066458   -53.572359
   48.307672    63.287753   -49.997747
  -53.006485    16.887330   -54.136415
  -82.482544   -12.588728   -54.136415
  -86.155891   -26.300413   -55.004715
  -82.791865   -18.178794   -55.004715
  -84.244955   -44.358672   -55.673711
  -84.895898   -35.692462   -56.566977
  -84.241570   -44.300418   -55.683867
  -83.714751   -53.937330   -54.186064
  -83.359025   -68.089652   -49.124228
  -81.606205   -62.532309   -51.843800
  -76.712359   -56.840124   -54.185359
  -45.304348   -54.452724   -50.963088
   -0.959295   -36.084438   -50.963088
   94.444756    11.425337   -45.399116
  101.121183    14.131086   -43.713718
  106.731983    27.676755   -43.713718
  107.102520    32.551278   -44.213879
   97.377453    32.551278   -47.163925
   85.511540    28.821652   -49.728060
   51.463791    62.869401   -49.728060
   89.590403    28.821652   -49.057371
  -11.268870    14.932810   -59.973599
  -34.814935    11.811107   -57.961954
   -5.313205    18.254803   -59.714210
  -79.107094   -31.384111   -57.781693
  -77.643143   -31.016960   -57.961954
  -83.821102   -35.692462   -56.893083
  -83.182854   -40.506616   -56.481783
  -76.712359   -51.983374   -55.658619
  -75.091138   -48.598473   -56.481783
  -59.022520   -31.016960   -59.796018
  -54.943374   -28.741694   -59.973599
  -40.042504   -26.766157   -58.700629
   18.381384    -6.735606   -54.919239
   43.371793    18.254803   -54.919239
     1      2      3
     1      3      4
     5      6      7
     5      7      8
     9     10     11
     9     11     12
    13     14     15
    13     15     16
    17     18     19
    17     19     20
    17     20     21
    21     20     22
    21     22      2
    21      2      1
    19     23     24
    19     24     22
    19     22     20
    15     14     25
    15     25      6
    15      6      5
     8      7     26
     8     26     27
    28     29     30
    28     30     11
    28     11     10
    30     29     31
    30     31     32
    30     32     33
    12     11     30
    12     30     33
    12     33     34
    12     34     35
    36     35     34
    36     34     37
    36     37     38
    36     38     39
    36     39     40
    36     40     41
    42     16     15
    42     15      5
    42      5      8
    42      8     27
    42     27      9
    42      9     12
    42     12     35
    42     35     36
    42     36     43
    44      4      3
    44      3     45
    44     45     13
    44     13     16
    44     16     42
    46     47     17
    46     17     21
    46     21      1
    46      1      4
    46      4     44
    46     44     48
    49     50     51
    49     51     47
    49     47     46
    51     52     18
    51     18     17
    51     17     47
    53     54     55
    53     55     56
    53     56     52
    53     52     51
    53     51     50
    56     57     23
    56     23     19
    56     19     18
    56     18     52
    55     58     59
    55     59     60
    55     60     57
    55     57     56
     3      2     22
     3     22     24
     3     24     61
     3     61     62
     3     62     45
    45     62     63
    45     63     25
    45     25     14
    45     14     13
    27     26     64
    27     64     65
    27     65     28
    27     28     10
    27     10      9
    65     66     67
    65     67     31
    65     31     29
    65     29     28
    68     69     70
    68     70     67
    68     67     66
    32     31     67
    32     67     70
    32     70     71
    32     71     72
    34     33     32
    34     32     72
    34     72     37
    38     73     74
    38     74     75
    38     75     39
    40     39     75
    40     75     76
    40     76     77
    77     76     78
    77     78     79
    77     79     80
    81     41     40
    81     40     77
    81     77     80
    81     80     82
    81     82     83
    81     83     84
    81     84     85
    81     85     86
    87     43     36
    87     36     41
    87     41     81
    87     81     88
    89     48     44
    89     44     42
    89     42     43
    89     43     87
    89     87     90
    91     92     93
    91     93     94
    91     94     49
    91     49     46
    91     46     48
    91     48     89
    93     95     96
    93     96     97
    93     97     98
    93     98     99
    93     99     94
    98    100    101
    98    101     99
    94     99    101
    94    101     53
    94     53     50
    94     50     49
   101    100    102
   101    102    103
   101    103    104
   101    104     54
   101     54     53
   104    105     58
   104     58     55
   104     55     54
   103    106    107
   103    107    108
   103    108    105
   103    105    104
   108    109     59
   108     59     58
   108     58    105
   107    110    111
   107    111    112
   107    112    109
   107    109    108
    59    109    112
    59    112    113
    59    113    114
    59    114    115
    59    115    116
    59    116    117
    59    117     60
    24     23     57
    24     57     60
    24     60    117
    24    117    118
    24    118     61
    63    119    120
    63    120     64
    63     64     26
    63     26      7
    63      7      6
    63      6     25
    64    120    121
    64    121    122
    64    122    123
    64    123    124
    64    124     68
    64     68     66
    64     66     65
   123    125    126
   123    126    127
   123    127    128
   123    128    124
   124    128    129
   124    129     69
   124     69     68
   129    128    127
   129    127    130
   129    130    131
   129    131    132
    71     70     69
    71     69    129
    71    129    132
    71    132    133
    71    133    134
    37     72     71
    37     71    134
    37    134    135
    37    135     73
    37     73     38
   135    136    137
   135    137    138
   135    138     74
   135     74     73
    75     74    138
    75    138     78
    75     78     76
    80     79    139
    80    139    140
    80    140    141
    80    141     82
    82    141    142
    82    142     83
    83    142    143
    83    143    144
    83    144     84
    84    144    145
    84    145    146
    84    146    147
    84    147    148
    84    148    149
    84    149     85
    86     85    149
    86    149    150
    86    150    151
   152     90     87
   152     87     88
   152     88    153
   152    153    154
   155    156     91
   155     91     89
   155     89     90
   155     90    152
   157    158    159
   157    159     92
   157     92     91
   157     91    156
   159    160     95
   159     95     93
   159     93     92
   161     96     95
   161     95    160
   161    160    162
   163    164     97
   163     97     96
   163     96    161
    97    164    165
    97    165    166
    97    166    167
    97    167    102
    97    102    100
    97    100     98
   166    168    169
   166    169    170
   166    170    171
   166    171    167
   167    171    172
   167    172    106
   167    106    103
   167    103    102
   170    173    174
   170    174    175
   170    175    172
   170    172    171
   172    175    110
   172    110    107
   172    107    106
   174    176    177
   174    177    111
   174    111    110
   174    110    175
   111    177    178
   111    178    179
   111    179    113
   111    113    112
   113    179    180
   113    180    114
   114    180    181
   114    181    182
   114    182    183
   114    183    184
   114    184    185
   114    185    115
   115    185    186
   115    186    116
    61    118    187
    61    187    188
    61    188    119
    61    119     63
    61     63     62
   188    189    190
   188    190    191
   188    191    121
   188    121    120
   188    120    119
   121    191    192
   121    192    193
   121    193    194
   121    194    195
   121    195    122
   122    195    196
   122    196    125
   122    125    123
   194    197    198
   194    198    196
   194    196    195
   126    199    130
   126    130    127
   130    199    200
   130    200    201
   130    201    202
   130    202    131
   132    131    202
   132    202    203
   132    203    204
   132    204    133
   134    133    204
   134    204    205
   134    205    136
   134    136    135
   137    136    205
   137    205    206
   137    206    207
   137    207    208
    78    138    137
    78    137    208
    78    208    209
    78    209    139
    78    139     79
   139    209    210
   139    210    211
   139    211    212
   139    212    140
   140    212    213
   140    213    143
   140    143    142
   140    142    141
   143    213    214
   143    214    215
   143    215    216
   143    216    145
   143    145    144
   145    216    217
   145    217    146
   146    217    218
   146    218    219
   146    219    147
   148    147    219
   148    219    220
   148    220    221
   148    221    222
   148    222    223
   150    149    148
   150    148    223
   150    223    224
   153     88     81
   153     81     86
   153     86    151
   153    151    225
   153    225    226
   227    154    153
   227    153    226
   227    226    228
   229    230    155
   229    155    152
   229    152    154
   229    154    227
   229    227    231
   232    233    157
   232    157    156
   232    156    155
   232    155    230
   234    235    236
   234    236    158
   234    158    157
   234    157    233
   236    162    160
   236    160    159
   236    159    158
   237    238    163
   237    163    161
   237    161    162
   237    162    236
   237    236    235
   239    240    241
   239    241    238
   239    238    237
   239    237    242
   241    243    244
   241    244    165
   241    165    164
   241    164    163
   241    163    238
   244    245    246
   244    246    247
   244    247    168
   244    168    166
   244    166    165
   247    248    249
   247    249    169
   247    169    168
   250    251    252
   250    252    249
   250    249    248
   169    249    252
   169    252    253
   169    253    173
   169    173    170
   253    254    255
   253    255    176
   253    176    174
   253    174    173
   255    256    178
   255    178    177
   255    177    176
   178    256    257
   178    257    258
   178    258    181
   178    181    180
   178    180    179
   181    258    259
   181    259    182
   182    259    260
   182    260    261
   182    261    183
   183    261    262
   183    262    263
   183    263    264
   183    264    184
   186    185    184
   186    184    264
   186    264    265
   117    116    186
   117    186    265
   117    265    266
   117    266    267
   117    267    268
   117    268    187
   117    187    118
   187    268    269
   187    269    270
   187    270    189
   187    189    188
   270    271    272
   270    272    273
   270    273    274
   270    274    190
   270    190    189
   190    274    275
   190    275    276
   190    276    192
   190    192    191
   273    277    275
   273    275    274
   193    278    197
   193    197    194
   192    276    279
   192    279    278
   192    278    193
   196    198    280
   196    280    200
   196    200    199
   196    199    126
   196    126    125
   280    281    282
   280    282    201
   280    201    200
   202    201    282
   202    282    283
   202    283    284
   202    284    203
   204    203    284
   204    284    285
   204    285    286
   204    286    206
   204    206    205
   206    286    287
   206    287    288
   206    288    207
   208    207    288
   208    288    289
   208    289    210
   208    210    209
   210    289    290
   210    290    291
   210    291    292
   210    292    211
   211    292    293
   211    293    214
   211    214    213
   211    213    212
   214    293    294
   214    294    295
   214    295    296
   214    296    215
   215    296    297
   215    297    218
   215    218    217
   215    217    216
   219    218    297
   219    297    298
   219    298    299
   219    299    300
   219    300    220
   220    300    301
   220    301    221
   222    221    301
   222    301    302
   222    302    303
   304    303    302
   304    302    305
   304    305    306
   304    306    307
   304    307    308
   224    223    222
   224    222    303
   224    303    304
   225    151    150
   225    150    224
   225    224    304
   225    304    308
   225    308    309
   225    309    310
   225    310    311
   228    226    225
   228    225    311
   228    311    312
   228    312    313
   314    231    227
   314    227    228
   314    228    313
   314    313    315
   314    315    316
   317    318    229
   317    229    231
   317    231    314
   319    320    321
   319    321    322
   319    322    232
   319    232    230
   319    230    229
   319    229    318
   322    323    234
   322    234    233
   322    233    232
   321    324    325
   321    325    326
   321    326    323
   321    323    322
   326    242    237
   326    237    235
   326    235    234
   326    234    323
   325    327    239
   325    239    242
   325    242    326
   328    329    330
   328    330    331
   328    331    332
   328    332    333
   332    331    334
   332    334    240
   332    240    239
   332    239    327
   334    335    336
   334    336    337
   334    337    243
   334    243    241
   334    241    240
   337    338    245
   337    245    244
   337    244    243
   339    340    341
   339    341    342
   339    342    246
   339    246    245
   339    245    338
   246    342    250
   246    250    248
   246    248    247
   341    343    251
   341    251    250
   341    250    342
   252    251    343
   252    343    344
   252    344    345
   252    345    254
   252    254    253
   346    347    257
   346    257    256
   346    256    255
   346    255    254
   346    254    345
   348    260    259
   348    259    258
   348    258    257
   348    257    347
   349    350    351
   349    351    262
   349    262    261
   349    261    260
   349    260    348
   349    348    352
   263    262    351
   263    351    353
   353    351    350
   353    350    354
   353    354    355
   355    354    356
   355    356    357
   355    357    358
   355    358    359
   265    264    263
   265    263    353
   265    353    355
   265    355    359
   265    359    266
   266    359    358
   266    358    360
   266    360    361
   266    361    362
   266    362    363
   266    363    364
   266    364    267
   267    364    365
   267    365    366
   267    366    269
   267    269    268
   269    366    367
   269    367    368
   269    368    271
   269    271    270
   368    369    370
   368    370    371
   368    371    372
   368    372    272
   368    272    271
   371    373    374
   371    374    375
   371    375    376
   371    376    377
   371    377    372
   272    372    377
   272    377    378
   272    378    379
   272    379    277
   272    277    273
   377    376    380
   377    380    378
   275    277    379
   275    379    381
   275    381    279
   275    279    276
   378    380    382
   378    382    383
   378    383    384
   378    384    381
   378    381    379
   279    381    384
   279    384    385
   279    385    281
   279    281    280
   279    280    198
   279    198    197
   279    197    278
   384    383    386
   384    386    387
   384    387    388
   384    388    385
   282    281    385
   282    385    388
   282    388    389
   282    389    390
   282    390    283
   284    283    390
   284    390    391
   284    391    392
   284    392    285
   285    392    393
   285    393    287
   285    287    286
   288    287    393
   288    393    394
   288    394    290
   288    290    289
   290    394    395
   290    395    396
   290    396    397
   290    397    291
   291    397    398
   291    398    294
   291    294    293
   291    293    292
   294    398    399
   294    399    400
   294    400    295
   297    296    295
   297    295    400
   297    400    401
   297    401    298
   299    298    401
   299    401    402
   299    402    403
   299    403    404
   302    301    300
   302    300    299
   302    299    404
   302    404    305
   305    404    403
   305    403    405
   305    405    406
   305    406    407
   305    407    306
   306    407    408
   306    408    307
   408    407    406
   408    406    409
   408    409    410
   408    410    411
   412    411    410
   412    410    413
   412    413    414
   412    414    415
   412    415    416
   308    307    408
   308    408    411
   308    411    412
   308    412    309
   310    309    412
   310    412    416
   310    416    417
   310    417    418
   310    418    419
   312    311    310
   312    310    419
   312    419    420
   312    420    421
   312    421    422
   315    313    312
   315    312    422
   315    422    423
   315    423    424
   315    424    425
   316    315    425
   316    425    426
   316    426    427
   316    427    428
   316    428    429
   316    429    430
   316    430    431
   431    432    433
   431    433    434
   431    434    317
   431    317    314
   431    314    316
   434    435    319
   434    319    318
   434    318    317
   436    437    438
   436    438    439
   436    439    320
   436    320    319
   436    319    435
   439    440    324
   439    324    321
   439    321    320
   438    441    442
   438    442    443
   438    443    444
   438    444    440
   438    440    439
   444    333    332
   444    332    327
   444    327    325
   444    325    324
   444    324    440
   443    445    328
   443    328    333
   443    333    444
   446    447    448
   446    448    449
   446    449    450
   446    450    451
   451    450    329
   451    329    328
   451    328    445
   449    452    453
   449    453    330
   449    330    329
   449    329    450
   330    453    454
   330    454    335
   330    335    334
   330    334    331
   454    455    456
   454    456    336
   454    336    335
   336    456    457
   336    457    339
   336    339    338
   336    338    337
   457    458    459
   457    459    340
   457    340    339
   459    344    343
   459    343    341
   459    341    340
   460    461    346
   460    346    345
   460    345    344
   460    344    459
   460    459    458
   460    458    462
   463    352    348
   463    348    347
   463    347    346
   463    346    461
   464    465    349
   464    349    352
   464    352    463
   464    463    466
   467    356    354
   467    354    350
   467    350    349
   467    349    465
   468    357    356
   468    356    467
   358    357    468
   358    468    469
   358    469    360
   360    469    470
   360    470    471
   360    471    361
   472    473    474
   472    474    475
   472    475    476
   361    471    472
   361    472    476
   361    476    362
   362    476    475
   362    475    477
   362    477    478
   362    478    479
   362    479    480
   362    480    481
   362    481    482
   362    482    483
   362    483    363
   363    483    484
   363    484    485
   363    485    486
   363    486    365
   363    365    364
   365    486    487
   365    487    488
   365    488    367
   365    367    366
   367    488    489
   367    489    490
   367    490    491
   367    491    492
   367    492    369
   367    369    368
   492    493    494
   492    494    370
   492    370    369
   370    494    495
   370    495    496
   370    496    373
   370    373    371
   496    497    498
   496    498    499
   496    499    500
   496    500    374
   496    374    373
   374    500    501
   374    501    375
   499    502    503
   499    503    504
   499    504    501
   499    501    500
   375    501    504
   375    504    505
   375    505    382
   375    382    380
   375    380    376
   504    503    506
   504    506    507
   504    507    508
   504    508    509
   504    509    505
   382    505    509
   382    509    510
   382    510    386
   382    386    383
   509    508    511
   509    511    512
   509    512    513
   509    513    510
   386    510    513
   386    513    514
   386    514    515
   386    515    516
   386    516    387
   388    387    516
   388    516    517
   388    517    389
   390    389    517
   390    517    518
   390    518    519
   390    519    520
   390    520    521
   390    521    391
   393    392    391
   393    391    521
   393    521    395
   393    395    394
   395    521    520
   395    520    522
   395    522    523
   395    523    396
   399    398    397
   399    397    396
   399    396    523
   399    523    524
   524    523    522
   524    522    525
   524    525    526
   524    526    527
   401    400    399
   401    399    524
   401    524    527
   401    527    528
   401    528    402
   528    527    526
   528    526    529
   528    529    530
   528    530    531
   403    402    528
   403    528    531
   403    531    532
   403    532    405
   533    532    531
   533    531    530
   533    530    534
   533    534    535
   405    532    533
   405    533    409
   405    409    406
   410    409    533
   410    533    535
   410    535    536
   410    536    537
   410    537    413
   413    537    538
   413    538    414
   414    538    539
   414    539    540
   414    540    541
   414    541    415
   541    540    542
   541    542    543
   416    415    541
   416    541    543
   416    543    544
   416    544    417
   417    544    545
   417    545    546
   417    546    547
   417    547    548
   417    548    418
   419    418    548
   419    548    549
   419    549    550
   419    550    420
   422    421    551
   422    551    423
   425    424    552
   425    552    553
   425    553    426
   429    554    555
   429    555    430
   431    430    555
   431    555    556
   431    556    557
   431    557    558
   431    558    432
   432    558    559
   432    559    560
   432    560    561
   432    561    433
   433    561    562
   433    562    436
   433    436    435
   433    435    434
   562    563    564
   562    564    565
   562    565    437
   562    437    436
   565    566    441
   565    441    438
   565    438    437
   567    568    569
   567    569    570
   567    570    442
   567    442    441
   567    441    566
   442    570    446
   442    446    451
   442    451    445
   442    445    443
   569    571    447
   569    447    446
   569    446    570
   572    448    447
   572    447    571
   572    571    573
   574    575    576
   574    576    572
   574    572    573
   574    573    577
   574    577    578
   576    579    452
   576    452    449
   576    449    448
   576    448    572
   580    581    582
   580    582    583
   580    583    579
   580    579    576
   580    576    575
   583    584    455
   583    455    454
   583    454    453
   583    453    452
   583    452    579
   582    585    586
   582    586    587
   582    587    584
   582    584    583
   587    462    458
   587    458    457
   587    457    456
   587    456    455
   587    455    584
   586    588    589
   586    589    460
   586    460    462
   586    462    587
   589    466    463
   589    463    461
   589    461    460
   590    591    464
   590    464    466
   590    466    589
   590    589    588
   590    588    592
   593    594    470
   593    470    469
   593    469    468
   593    468    467
   593    467    465
   593    465    464
   593    464    591
   595    596    597
   595    597    598
   595    598    594
   595    594    593
   598    473    472
   598    472    471
   598    471    470
   598    470    594
   599    600    597
   599    597    596
   597    600    474
   597    474    473
   597    473    598
   601    602    477
   601    477    475
   601    475    474
   601    474    600
   601    600    599
   477    602    603
   477    603    478
   604    484    483
   604    483    482
   604    482    605
   606    485    484
   606    484    604
   607    489    488
   607    488    487
   607    487    608
   607    608    609
   610    490    489
   610    489    607
   610    607    611
   491    612    613
   491    613    614
   491    614    493
   491    493    492
   614    615    616
   614    616    495
   614    495    494
   614    494    493
   495    616    617
   495    617    497
   495    497    496
   617    618    619
   617    619    498
   617    498    497
   498    619    620
   498    620    621
   498    621    502
   498    502    499
   622    506    503
   622    503    502
   622    502    621
   622    621    623
   624    507    506
   624    506    622
   624    622    625
   511    508    507
   511    507    624
   511    624    626
   511    626    627
   628    512    511
   628    511    627
   628    627    629
   630    514    513
   630    513    512
   630    512    628
   515    514    630
   515    630    631
   515    631    632
   517    516    515
   517    515    632
   517    632    633
   517    633    634
   517    634    635
   517    635    518
   519    518    635
   519    635    636
   519    636    637
   522    520    519
   522    519    637
   522    637    638
   522    638    639
   522    639    640
   522    640    525
   640    639    641
   640    641    642
   640    642    643
   640    643    644
   526    525    640
   526    640    644
   526    644    645
   526    645    529
   645    644    643
   645    643    646
   645    646    647
   645    647    648
   530    529    645
   530    645    648
   530    648    649
   530    649    534
   649    648    647
   649    647    650
   649    650    651
   649    651    652
   535    534    649
   535    649    652
   535    652    653
   535    653    536
   652    651    654
   652    654    655
   652    655    653
   536    653    655
   536    655    656
   536    656    539
   536    539    538
   536    538    537
   657    656    655
   657    655    654
   657    654    658
   657    658    659
   539    656    657
   539    657    542
   539    542    540
   543    542    657
   543    657    659
   543    659    660
   543    660    661
   543    661    545
   543    545    544
   545    661    662
   545    662    546
   548    547    663
   548    663    664
   548    664    665
   548    665    549
   549    665    666
   549    666    550
   423    551    667
   423    667    552
   423    552    424
   426    553    668
   426    668    427
   555    554    669
   555    669    670
   555    670    556
   556    670    671
   556    671    672
   556    672    673
   556    673    557
   557    673    674
   557    674    675
   557    675    559
   557    559    558
   559    675    676
   559    676    677
   559    677    560
   560    677    678
   560    678    679
   560    679    563
   560    563    562
   560    562    561
   679    680    681
   679    681    564
   679    564    563
   564    681    682
   564    682    683
   564    683    567
   564    567    566
   564    566    565
   683    578    577
   683    577    568
   683    568    567
   577    573    571
   577    571    569
   577    569    568
   684    685    580
   684    580    575
   684    575    574
   686    687    688
   686    688    685
   686    685    684
   688    689    581
   688    581    580
   688    580    685
   690    691    692
   690    692    689
   690    689    688
   690    688    687
   692    693    585
   692    585    582
   692    582    581
   692    581    689
   694    695    696
   694    696    693
   694    693    692
   694    692    691
   696    592    588
   696    588    586
   696    586    585
   696    585    693
   697    698    699
   697    699    590
   697    590    592
   697    592    696
   697    696    695
   699    700    701
   699    701    595
   699    595    593
   699    593    591
   699    591    590
   702    703    704
   702    704    701
   702    701    700
   701    704    705
   701    705    601
   701    601    599
   701    599    596
   701    596    595
   706    707    705
   706    705    704
   706    704    703
   705    707    603
   705    603    602
   705    602    601
   708    479    478
   708    478    603
   708    603    707
   708    707    706
   708    706    709
   480    479    708
   710    711    606
   710    606    604
   710    604    605
   710    605    712
   608    487    486
   608    486    485
   608    485    606
   608    606    711
   608    711    713
   714    611    607
   714    607    609
   714    609    715
   716    612    491
   716    491    490
   716    490    610
   717    718    615
   717    615    614
   717    614    613
   719    618    617
   719    617    616
   719    616    615
   719    615    718
   720    620    619
   720    619    618
   720    618    719
   720    719    721
   722    623    621
   722    621    620
   722    620    720
   722    720    723
   724    625    622
   724    622    623
   724    623    722
   724    722    725
   726    626    624
   726    624    625
   726    625    724
   726    724    727
   629    627    626
   629    626    726
   629    726    728
   729    631    630
   729    630    628
   729    628    629
   729    629    728
   729    728    730
   633    632    631
   633    631    729
   633    729    731
   732    636    635
   732    635    634
   732    634    733
   732    733    734
   637    636    732
   637    732    735
   637    735    736
   637    736    638
   641    639    638
   641    638    736
   641    736    737
   641    737    738
   739    740    642
   739    642    641
   739    641    738
   739    738    741
   739    741    742
   643    642    740
   643    740    743
   643    743    646
   744    743    740
   744    740    739
   744    739    745
   744    745    746
   647    646    743
   647    743    744
   647    744    747
   647    747    650
   748    747    744
   748    744    746
   748    746    749
   748    749    750
   654    651    650
   654    650    747
   654    747    748
   654    748    751
   654    751    752
   654    752    658
   752    751    753
   752    753    754
   659    658    752
   659    752    754
   659    754    755
   659    755    660
   660    755    756
   660    756    662
   660    662    661
   546    662    756
   546    756    757
   546    757    663
   546    663    547
   666    665    664
   666    664    758
   666    758    759
   666    759    760
   420    550    666
   420    666    760
   420    760    761
   420    761    667
   420    667    551
   420    551    421
   427    668    762
   427    762    763
   427    763    428
   428    763    764
   428    764    669
   428    669    554
   428    554    429
   671    765    766
   671    766    672
   672    766    767
   672    767    768
   672    768    674
   672    674    673
   674    768    769
   674    769    770
   674    770    676
   674    676    675
   676    770    771
   676    771    772
   676    772    773
   676    773    678
   676    678    677
   678    773    774
   678    774    775
   678    775    680
   678    680    679
   775    776    777
   775    777    682
   775    682    681
   775    681    680
   682    777    686
   682    686    684
   682    684    574
   682    574    578
   682    578    683
   778    779    690
   778    690    687
   778    687    686
   778    686    777
   778    777    776
   780    781    782
   780    782    779
   780    779    778
   782    783    694
   782    694    691
   782    691    690
   782    690    779
   784    785    786
   784    786    783
   784    783    782
   784    782    781
   786    787    788
   786    788    697
   786    697    695
   786    695    694
   786    694    783
   789    790    791
   789    791    788
   789    788    787
   788    791    792
   788    792    793
   788    793    794
   788    794    795
   788    795    698
   788    698    697
   796    797    798
   796    798    799
   796    799    795
   796    795    794
   795    799    800
   795    800    702
   795    702    700
   795    700    699
   795    699    698
   801    802    800
   801    800    799
   801    799    798
   801    798    803
   800    802    709
   800    709    706
   800    706    703
   800    703    702
   804    481    480
   804    480    708
   804    708    709
   804    709    802
   804    802    801
   712    605    482
   712    482    481
   712    481    804
   712    804    805
   806    713    711
   806    711    710
   806    710    807
   715    609    608
   715    608    713
   715    713    806
   715    806    808
   809    810    716
   809    716    610
   809    610    611
   809    611    714
   811    812    717
   811    717    613
   811    613    612
   811    612    716
   811    716    810
   813    721    719
   813    719    718
   813    718    717
   813    717    812
   814    723    720
   814    720    721
   814    721    813
   815    725    722
   815    722    723
   815    723    814
   815    814    816
   817    727    724
   817    724    725
   817    725    815
   730    728    726
   730    726    727
   730    727    817
   730    817    818
   819    731    729
   819    729    730
   819    730    818
   819    818    820
   733    634    633
   733    633    731
   733    731    819
   821    735    732
   821    732    734
   821    734    822
   821    822    823
   737    736    735
   737    735    821
   737    821    824
   737    824    825
   741    738    737
   741    737    825
   741    825    826
   827    742    741
   827    741    826
   827    826    828
   827    828    829
   830    831    745
   830    745    739
   830    739    742
   830    742    827
   832    831    830
   832    830    833
   832    833    834
   749    746    745
   749    745    831
   749    831    832
   749    832    835
   836    750    749
   836    749    835
   836    835    837
   838    753    751
   838    751    748
   838    748    750
   838    750    836
   756    755    754
   756    754    753
   756    753    838
   756    838    839
   756    839    757
   663    757    839
   663    839    840
   663    840    758
   663    758    664
   761    760    759
   761    759    841
   761    841    842
   761    842    843
   552    667    761
   552    761    843
   552    843    844
   552    844    762
   552    762    668
   552    668    553
   764    845    765
   764    765    671
   764    671    670
   764    670    669
   846    847    767
   846    767    766
   846    766    765
   846    765    845
   767    847    848
   767    848    769
   767    769    768
   769    848    849
   769    849    850
   769    850    851
   769    851    771
   769    771    770
   771    851    852
   771    852    853
   771    853    772
   772    853    854
   772    854    855
   772    855    856
   772    856    774
   772    774    773
   774    856    780
   774    780    778
   774    778    776
   774    776    775
   855    857    858
   855    858    784
   855    784    781
   855    781    780
   855    780    856
   858    859    860
   858    860    785
   858    785    784
   860    861    789
   860    789    787
   860    787    786
   860    786    785
   862    790    789
   862    789    861
   862    861    863
   864    865    866
   864    866    792
   864    792    791
   864    791    790
   864    790    862
   867    793    792
   867    792    866
   867    866    868
   869    870    796
   869    796    794
   869    794    793
   869    793    867
   871    872    873
   871    873    797
   871    797    796
   871    796    870
   803    798    797
   803    797    873
   874    805    804
   874    804    801
   874    801    803
   874    803    873
   874    873    872
   874    872    875
   874    875    876
   877    807    710
   877    710    712
   877    712    805
   877    805    874
   877    874    878
   879    808    806
   879    806    807
   879    807    877
   879    877    880
   879    880    881
   882    883    809
   882    809    714
   882    714    715
   882    715    808
   882    808    879
   884    885    886
   884    886    811
   884    811    810
   884    810    809
   884    809    883
   887    888    886
   887    886    885
   886    888    889
   886    889    816
   886    816    814
   886    814    813
   886    813    812
   886    812    811
   890    889    888
   890    888    887
   890    887    891
   890    891    892
   820    818    817
   820    817    815
   820    815    816
   820    816    889
   820    889    890
   822    734    733
   822    733    819
   822    819    820
   822    820    890
   822    890    892
   822    892    893
   894    895    823
   894    823    822
   894    822    893
   894    893    896
   894    896    897
   898    824    821
   898    821    823
   898    823    895
   898    895    899
   900    901    898
   900    898    899
   900    899    902
   900    902    903
   900    903    904
   826    825    824
   826    824    898
   826    898    901
   826    901    905
   826    905    828
   829    828    905
   829    905    906
   829    906    907
   908    833    830
   908    830    827
   908    827    829
   908    829    907
   908    907    909
   910    834    833
   910    833    908
   837    835    832
   837    832    834
   837    834    910
   837    910    911
   840    839    838
   840    838    836
   840    836    837
   840    837    911
   840    911    912
   759    758    840
   759    840    912
   759    912    913
   759    913    841
   843    842    914
   843    914    915
   843    915    916
   843    916    844
   762    844    916
   762    916    917
   762    917    846
   762    846    845
   762    845    764
   762    764    763
   917    918    919
   917    919    849
   917    849    848
   917    848    847
   917    847    846
   919    920    921
   919    921    850
   919    850    849
   850    921    922
   850    922    923
   850    923    924
   850    924    852
   850    852    851
   852    924    925
   852    925    926
   852    926    854
   852    854    853
   854    926    927
   854    927    928
   854    928    929
   854    929    857
   854    857    855
   929    930    859
   929    859    858
   929    858    857
   931    932    863
   931    863    861
   931    861    860
   931    860    859
   931    859    930
   933    934    864
   933    864    862
   933    862    863
   933    863    932
   933    932    935
   936    865    864
   936    864    934
   868    866    865
   868    865    936
   868    936    937
   938    939    871
   938    871    870
   938    870    869
   875    872    871
   875    871    939
   940    878    874
   940    874    876
   940    876    941
   940    941    942
   943    880    877
   943    877    878
   943    878    940
   944    945    882
   944    882    879
   944    879    881
   944    881    946
   947    948    884
   947    884    883
   947    883    882
   947    882    945
   949    891    887
   949    887    885
   949    885    884
   949    884    948
   950    951    952
   950    952    949
   950    949    948
   950    948    947
   893    892    891
   893    891    949
   893    949    952
   893    952    953
   893    953    896
   897    896    953
   897    953    954
   897    954    955
   897    955    956
   957    958    894
   957    894    897
   957    897    956
   957    956    959
   957    959    960
   957    960    961
   899    895    894
   899    894    958
   899    958    962
   899    962    902
   903    902    962
   903    962    963
   903    963    964
   906    905    901
   906    901    900
   906    900    965
   966    965    900
   966    900    904
   966    904    967
   966    967    968
   909    907    906
   909    906    965
   909    965    966
   912    911    910
   912    910    908
   912    908    909
   912    909    966
   912    966    968
   912    968    969
   912    969    913
   841    913    969
   841    969    970
   841    970    914
   841    914    842
   916    915    971
   916    971    972
   916    972    973
   916    973    974
   916    974    918
   916    918    917
   974    975    920
   974    920    919
   974    919    918
   976    922    921
   976    921    920
   976    920    975
   923    977    978
   923    978    925
   923    925    924
   925    978    979
   925    979    927
   925    927    926
   928    980    931
   928    931    930
   928    930    929
   935    932    931
   935    931    980
   935    980    981
   982    937    936
   982    936    934
   982    934    933
   983    984    938
   983    938    869
   983    869    867
   983    867    868
   983    868    937
   983    937    982
   941    876    875
   941    875    939
   941    939    938
   941    938    984
   985    986    943
   985    943    940
   985    940    942
   985    942    987
   946    881    880
   946    880    943
   946    943    986
   988    989    950
   988    950    947
   988    947    945
   988    945    944
   990    951    950
   990    950    989
   990    989    991
   954    953    952
   954    952    951
   954    951    990
   992    959    956
   992    956    955
   992    955    993
   992    993    994
   960    959    992
   960    992    995
   963    962    958
   963    958    957
   996    964    963
   996    963    957
   996    957    961
   996    961    997
   967    904    903
   967    903    964
   967    964    996
   969    968    967
   969    967    996
   969    996    997
   969    997    998
   969    998    999
   969    999    970
   914    970    999
   914    999   1000
   914   1000    971
   914    971    915
   973   1001   1002
   973   1002    976
   973    976    975
   973    975    974
  1002   1003    977
  1002    977    923
  1002    923    922
  1002    922    976
  1004    979    978
  1004    978    977
  1004    977   1003
   927    979   1004
   927   1004   1005
   927   1005    981
   927    981    980
   927    980    928
  1006   1007    983
  1006    983    982
  1006    982    933
  1006    933    935
  1006    935    981
  1006    981   1005
  1006   1005   1008
   987    942    941
   987    941    984
   987    984    983
   987    983   1007
  1009   1010    988
  1009    988    944
  1009    944    946
  1009    946    986
  1009    986    985
  1009    985   1011
  1012    991    989
  1012    989    988
  1012    988   1010
  1012   1010   1013
  1014    993    955
  1014    955    954
  1014    954    990
  1014    990    991
  1014    991   1012
   994    993   1014
   994   1014   1015
  1016    995    992
  1016    992    994
  1016    994   1015
  1016   1015   1017
   997    961    960
   997    960    995
   997    995   1016
   997   1016    998
   999    998   1016
   999   1016   1017
   999   1017   1018
   999   1018   1019
   999   1019   1020
   999   1020   1000
   972   1021   1022
   972   1022   1006
   972   1006   1008
   972   1008   1001
   972   1001    973
  1008   1005   1004
  1008   1004   1003
  1008   1003   1002
  1008   1002   1001
  1022   1011    985
  1022    985    987
  1022    987   1007
  1022   1007   1006
  1018   1013   1010
  1018   1010   1009
  1018   1009   1019
  1017   1015   1014
  1017   1014   1012
  1017   1012   1013
  1017   1013   1018
  1020   1019   1009
  1020   1009   1011
  1020   1011   1022
  1020   1022   1021
   971   1000   1020
   971   1020   1021
   971   1021    972
