1008 2012
   -0.144752    -0.053161     0.553814
   -0.144752    -0.057115     0.554203
   -0.139608    -0.057115     0.553697
   -0.131146    -0.056543     0.552807
   -0.129774    -0.056199     0.552638
   -0.130987    -0.054986     0.552638
   -0.145036    -0.052850     0.553755
   -0.155824    -0.063638     0.553755
   -0.145538    -0.057901     0.554203
   -0.184174    -0.088212     0.549863
   -0.180604    -0.084306     0.550600
   -0.191917    -0.094645     0.548467
    0.138825     0.057582     0.469377
   -0.004802    -0.000437     0.520236
   -0.031625    -0.027260     0.531742
   -0.034988    -0.039311     0.534277
    0.061107    -0.039311     0.505127
    0.161335     0.003240     0.469377
   -0.070247    -0.056199     0.542851
   -0.148555     0.059107     0.520236
   -0.148555    -0.045503     0.551969
   -0.151760     0.066656     0.517543
   -0.222185     0.037484     0.517543
   -0.202581    -0.011045     0.534728
   -0.175698    -0.037929     0.546261
   -0.166650    -0.070352     0.553079
   -0.252199    -0.130834     0.534728
   -0.246277    -0.130834     0.536524
   -0.234437    -0.125163     0.539403
   -0.201266    -0.102725     0.546646
   -0.247792    -0.136265     0.535382
   -0.281985    -0.143480     0.524103
   -0.273944    -0.162894     0.524103
   -0.252970    -0.141920     0.533101
   -0.276551    -0.169347     0.521818
   -0.117148    -0.060449     0.549863
   -0.069792    -0.057828     0.542508
    0.035773    -0.100472     0.505127
    0.666864     0.040161     0.212677
    0.572324     0.392988     0.212677
    0.571995     0.393182     0.212825
    0.564555     0.396748     0.216291
    0.552055     0.396123     0.223062
    0.474676     0.365832     0.268760
    0.346164     0.003240     0.389383
    0.388376    -0.010074     0.368727
    0.670378    -0.010074     0.217993
    0.468622     0.365626     0.271418
    0.453830     0.359266     0.278960
    0.381764     0.300522     0.320681
    0.546893     0.401284     0.223062
    0.523467     0.406586     0.230755
   -0.151760     0.111426     0.498166
   -0.034613     0.490144     0.278960
   -0.183650     0.500571     0.294732
   -0.183650     0.212540     0.448687
   -0.255314     0.577318     0.243446
   -0.542247     0.500434     0.243446
   -0.554643     0.479444     0.252890
   -0.553998     0.466573     0.259862
   -0.508925     0.351430     0.327863
   -0.491949     0.321993     0.346029
   -0.491665     0.321709     0.346221
   -0.426639     0.241938     0.392403
   -0.575163     0.445408     0.259862
   -0.576081     0.441351     0.261194
   -0.290037    -0.143480     0.520619
   -0.539272     0.145381     0.346029
   -0.549818    -0.005355     0.361980
   -0.527215    -0.051339     0.380648
   -0.424944    -0.146836     0.448990
   -0.300679    -0.146836     0.515411
   -0.424824    -0.148546     0.448809
   -0.395872    -0.256598     0.448809
   -0.391617    -0.257030     0.451022
   -0.389090    -0.256903     0.452391
   -0.381424    -0.253902     0.456918
   -0.327631    -0.222880     0.490114
   -0.324459    -0.221516     0.491731
   -0.309574    -0.209383     0.500349
   -0.287834    -0.187643     0.513655
   -0.388839    -0.257153     0.452391
   -0.386489    -0.257685     0.453162
   -0.292817    -0.203444     0.505923
   -0.292817    -0.229994     0.491731
    0.063283    -0.196488     0.458639
   -0.291553    -0.232179     0.490382
   -0.244538    -0.282530     0.456736
    0.064545    -0.199711     0.456736
    0.060862    -0.125560     0.489771
    0.433820    -0.138292     0.326073
    0.277482    -0.358739     0.298863
    0.373332    -0.337046     0.267388
    0.533188    -0.177190     0.267388
    0.772990    -0.189190     0.137493
    0.790844    -0.122560     0.137493
    0.732934     0.222565     0.128678
    0.732807     0.222781     0.128747
    0.793385    -0.123198     0.135511
    0.788369    -0.056125     0.128678
    0.715399     0.256845     0.134797
    0.679015     0.306465     0.151666
    0.642325     0.346358     0.170662
    0.641006     0.347678     0.171368
    0.625251     0.361045     0.180261
    0.599430     0.381156     0.195190
    0.583342     0.389069     0.205395
    0.572443     0.392983     0.212591
    0.563098     0.397707     0.216548
    0.549936     0.401095     0.221590
    0.547725     0.401355     0.222597
    0.523455     0.406871     0.230549
    0.504641     0.424174     0.221590
    0.481701     0.440995     0.213791
    0.211568     0.579039     0.165818
    0.186729     0.593657     0.157876
   -0.117200     0.654112     0.157876
   -0.256463     0.664526     0.172064
   -0.256463     0.581901     0.239872
   -0.278024     0.683833     0.152700
   -0.345477     0.678788     0.145828
   -0.349885     0.678248     0.145552
   -0.404486     0.667387     0.145552
   -0.412017     0.662955     0.147960
   -0.425873     0.650840     0.155640
   -0.430668     0.644805     0.159811
   -0.452540     0.624689     0.170225
   -0.467609     0.609628     0.178279
   -0.527151     0.539450     0.217896
   -0.542002     0.506305     0.239205
   -0.544555     0.504599     0.239205
   -0.550571     0.495270     0.243150
   -0.557468     0.479684     0.251309
   -0.562078     0.475074     0.251309
   -0.575609     0.454521     0.254931
   -0.575851     0.453521     0.255322
   -0.584210     0.441012     0.255322
   -0.590099     0.438373     0.251536
   -0.595962     0.433399     0.248226
   -0.612498     0.415420     0.239665
   -0.616479     0.359196     0.247763
   -0.638251     0.249740     0.247763
   -0.648992     0.106106     0.262395
   -0.648278     0.104600     0.263227
   -0.525103    -0.079583     0.377770
   -0.488109    -0.265563     0.377770
   -0.484567    -0.266327     0.380552
   -0.468579    -0.265779     0.393763
   -0.467026    -0.265418     0.395097
   -0.457014    -0.265836     0.402330
   -0.418766    -0.260323     0.431353
   -0.458150    -0.266095     0.401356
   -0.390517    -0.257296     0.451452
   -0.389835    -0.257751     0.451452
   -0.386455    -0.258520     0.452559
   -0.380265    -0.264213     0.449612
   -0.376227    -0.269295     0.446100
   -0.241115    -0.296171     0.446100
    0.270597    -0.523654     0.179722
   -0.180460    -0.360780     0.387021
   -0.164976    -0.380506     0.368305
    0.019804    -0.545969     0.202349
    0.185704    -0.624601     0.110735
    0.211364    -0.634607     0.098334
    0.292638    -0.618441     0.098334
    0.362032    -0.668125     0.026952
    0.372689    -0.665703     0.023460
    0.793527    -0.384508     0.023460
    0.798557    -0.373140     0.029410
    0.858037    -0.313660     0.029410
    0.851969    -0.242176     0.069417
    0.859395    -0.313059     0.028700
    0.880130    -0.282027     0.028700
    0.883833    -0.265733     0.034039
    0.882787    -0.260934     0.037199
    0.881182    -0.258421     0.039640
    0.872952    -0.246925     0.051465
    0.852440    -0.242156     0.069076
    0.822829    -0.160150     0.106765
    0.874435    -0.239467     0.051465
    0.859454    -0.201051     0.070031
    0.822495     0.048674     0.066870
    0.856689    -0.167217     0.066870
    0.817163     0.111020     0.058922
    0.674723     0.314888     0.151666
    0.138991     0.626936     0.131136
    0.057385     0.661799     0.110188
   -0.062187     0.672026     0.125431
    0.153484     0.618760     0.137086
   -0.128585     0.682543     0.125431
   -0.238344     0.691512     0.135684
   -0.273146     0.686866     0.148062
   -0.277448     0.685697     0.150316
   -0.278024     0.685309     0.150900
   -0.320564     0.681833     0.146927
   -0.340919     0.679510     0.145828
   -0.386936     0.675079     0.140829
   -0.391433     0.674662     0.140292
   -0.398109     0.671809     0.142006
   -0.400166     0.670649     0.142851
   -0.428377     0.649565     0.155640
   -0.528746     0.538018     0.218232
   -0.555097     0.490744     0.243150
   -0.607593     0.425223     0.239559
   -0.612593     0.415410     0.239559
   -0.628047     0.404320     0.224664
   -0.628831     0.403423     0.223984
   -0.667464     0.352260     0.191988
   -0.668332     0.342115     0.193281
   -0.695411     0.171144     0.193281
   -0.695436     0.170836     0.193310
   -0.660944     0.119614     0.245224
   -0.594471    -0.235122     0.263227
   -0.580644    -0.250147     0.277176
   -0.491662    -0.267449     0.373354
   -0.571105    -0.262779     0.285075
   -0.553961    -0.275083     0.301600
   -0.529608    -0.277502     0.328440
   -0.511184    -0.272725     0.350224
   -0.553587    -0.275817     0.301600
   -0.552708    -0.276435     0.302254
   -0.529741    -0.277587     0.328236
   -0.529427    -0.277900     0.328236
   -0.372194    -0.309892     0.401356
   -0.321551    -0.380461     0.333338
   -0.274332    -0.416116     0.303809
   -0.165045    -0.516692     0.202349
    0.230745    -0.646808     0.080282
    0.323633    -0.709358    -0.013863
    0.334768    -0.708448    -0.014903
    0.362169    -0.704108    -0.014903
    0.359970    -0.688888     0.004068
    0.381520    -0.714438    -0.038340
    0.393724    -0.715631    -0.046944
    0.423595    -0.708165    -0.055946
    0.486989    -0.675864    -0.055946
    0.501240    -0.672050    -0.061184
    0.543889    -0.645970    -0.063401
    0.568170    -0.630869    -0.064432
    0.623515    -0.595824    -0.066209
    0.650225    -0.576083    -0.064471
    0.676437    -0.554248    -0.060506
    0.769041    -0.471155    -0.041036
    0.790884    -0.424981    -0.012058
    0.843357    -0.372507    -0.012058
    0.848649    -0.363792    -0.008844
    0.871604    -0.312262     0.017985
    0.874735    -0.308772     0.017252
    0.880569    -0.286971     0.025265
    0.881942    -0.284277     0.025265
    0.885702    -0.269234     0.029798
    0.875626    -0.241359     0.049703
    0.883934    -0.253696     0.037199
    0.884313    -0.253784     0.036510
    0.890033    -0.253784     0.025809
    0.890688    -0.252574     0.024285
    0.895224    -0.242106     0.013222
    0.895340    -0.241452     0.012843
    0.898310    -0.221714     0.002425
    0.898643    -0.216399     0.000492
    0.893007    -0.152173    -0.004781
    0.881940    -0.068117    -0.004781
    0.876333    -0.009891    -0.011107
    0.872593     0.013725    -0.011107
    0.868848     0.026931    -0.008213
    0.864503     0.040079    -0.004254
    0.864473     0.040151    -0.004223
    0.837070     0.088802     0.030245
    0.817933     0.110885     0.057611
    0.793464     0.169959     0.057611
    0.771222     0.201260     0.074629
    0.749156     0.230303     0.093039
    0.715805     0.265749     0.127288
    0.697456     0.290437     0.136054
    0.679119     0.311420     0.147671
    0.637662     0.352036     0.171368
    0.561370     0.405928     0.205395
    0.550908     0.419190     0.193343
    0.519268     0.442705     0.182109
    0.472672     0.486548     0.137086
    0.031588     0.676330     0.091911
   -0.102350     0.689228     0.106462
   -0.111027     0.690370     0.106462
   -0.196237     0.697849     0.113458
   -0.318735     0.682073     0.146927
   -0.417490     0.663473     0.142851
   -0.417612     0.663210     0.143241
   -0.514065     0.573982     0.178279
   -0.530412     0.551461     0.194418
   -0.532361     0.537592     0.214434
   -0.554646     0.494573     0.239128
   -0.607911     0.425156     0.239128
   -0.619152     0.416288     0.228914
   -0.668786     0.360958     0.182953
   -0.672775     0.351328     0.182953
   -0.721529     0.295069     0.113234
   -0.725288     0.288395     0.108506
   -0.762099     0.230110     0.053994
   -0.769902     0.170836     0.053994
   -0.715730    -0.025192     0.107061
   -0.704069    -0.049629     0.122857
   -0.770394     0.169927     0.052850
   -0.770726     0.169160     0.052039
   -0.770474     0.166280     0.051803
   -0.763143     0.110599     0.051803
   -0.755570     0.083417     0.059276
   -0.755382     0.082789     0.059473
   -0.741685     0.038230     0.074124
   -0.736758     0.023658     0.079753
   -0.726643    -0.000450     0.092738
   -0.653593    -0.153928     0.182276
   -0.653190    -0.154689     0.182770
   -0.620210    -0.213241     0.224253
   -0.602462    -0.233721     0.249633
   -0.595751    -0.249922     0.249633
   -0.579223    -0.267488     0.266606
   -0.571483    -0.271085     0.278071
   -0.569807    -0.272408     0.279594
   -0.559688    -0.285595     0.279594
   -0.552478    -0.278386     0.300204
   -0.531737    -0.280830     0.321996
   -0.557431    -0.301657     0.256414
   -0.536987    -0.329821     0.236231
   -0.518449    -0.344045     0.236231
   -0.483893    -0.387849     0.196427
   -0.473771    -0.409626     0.164168
   -0.396967    -0.481892     0.089958
   -0.359059    -0.514196     0.059502
   -0.277747    -0.575973     0.007960
   -0.268789    -0.582338     0.003090
   -0.144506    -0.633818     0.003090
   -0.106173    -0.667037    -0.044413
   -0.067134    -0.689026    -0.072072
   -0.065795    -0.689872    -0.073324
    0.189839    -0.723527    -0.073324
    0.295887    -0.732834    -0.064617
    0.323633    -0.720812    -0.035291
    0.338448    -0.719512    -0.036507
    0.364649    -0.716062    -0.036507
    0.398224    -0.716922    -0.052733
    0.419943    -0.711046    -0.058457
    0.426572    -0.708301    -0.058457
    0.447718    -0.702052    -0.065333
    0.495453    -0.676351    -0.063239
    0.723075    -0.518462    -0.060506
    0.751616    -0.494758    -0.057589
    0.756549    -0.490089    -0.056158
    0.764599    -0.481245    -0.051845
    0.772193    -0.470783    -0.044348
    0.799785    -0.443192    -0.044348
    0.819637    -0.418299    -0.038344
    0.856373    -0.353725    -0.008844
    0.876784    -0.310823     0.011391
    0.876553    -0.308390     0.014785
    0.882174    -0.289370     0.020970
    0.884095    -0.284731     0.020970
    0.888236    -0.269427     0.025003
    0.888062    -0.268820     0.025783
    0.888085    -0.268584     0.025809
    0.899471    -0.198697    -0.008810
    0.897029    -0.172060    -0.010654
    0.894018    -0.145340    -0.010654
    0.892407    -0.129643    -0.012054
    0.891807    -0.124535    -0.012276
    0.881878    -0.049117    -0.012276
    0.858867     0.056174    -0.004223
    0.858685     0.056549    -0.004055
    0.837448     0.099671     0.016361
    0.836475     0.101488     0.017480
    0.833984     0.105892     0.019306
    0.807802     0.151574     0.039195
    0.733421     0.250564     0.102326
    0.667104     0.325795     0.149939
    0.659252     0.334262     0.153060
    0.639025     0.351534     0.169114
    0.593623     0.396936     0.169114
    0.590477     0.400620     0.166190
    0.574559     0.413925     0.163679
    0.540082     0.445023     0.134515
    0.515697     0.463961     0.123338
    0.470005     0.492672     0.123338
    0.453733     0.505361     0.107039
    0.389513     0.542169     0.079079
    0.342541     0.566958     0.064472
    0.298651     0.589385     0.052836
    0.216805     0.623287     0.052836
    0.198989     0.630039     0.051117
    0.092675     0.667239     0.051117
    0.057952     0.677083     0.058777
    0.036941     0.680807     0.070822
    0.030188     0.680611     0.079323
   -0.088646     0.692805     0.089924
   -0.092430     0.693124     0.090477
   -0.169669     0.700204     0.095824
   -0.188968     0.699303     0.105966
   -0.295941     0.684776     0.146484
   -0.319249     0.682150     0.146484
   -0.391406     0.674745     0.140047
   -0.402840     0.675078     0.125655
   -0.414327     0.671059     0.125655
   -0.414324     0.671049     0.125689
   -0.417572     0.663592     0.142432
   -0.482219     0.659887     0.028320
   -0.491099     0.654307     0.028320
   -0.486760     0.648191     0.055656
   -0.507490     0.647993     0.001976
   -0.566771     0.588712     0.001976
   -0.570809     0.583403     0.005300
   -0.591816     0.528868     0.092954
   -0.595619     0.522003     0.096324
   -0.700296     0.355412     0.096324
   -0.705511     0.344962     0.100501
   -0.720408     0.318970     0.089184
   -0.750641     0.269541     0.046227
   -0.764740     0.229246     0.046227
   -0.775847     0.206753     0.021196
   -0.776735     0.205065     0.018895
   -0.777402     0.203328     0.017342
   -0.778738     0.191472     0.017342
   -0.779185     0.186594     0.017679
   -0.779060     0.183907     0.019092
   -0.776553     0.171376     0.032009
   -0.776008     0.169160     0.034627
   -0.774786     0.158308     0.034627
   -0.772875     0.150063     0.037863
   -0.763934     0.113570     0.050575
   -0.626018    -0.205454     0.214013
   -0.620123    -0.215093     0.222389
   -0.604312    -0.242679     0.234400
   -0.600162    -0.248001     0.239730
   -0.574453    -0.288916     0.239730
   -0.571440    -0.294355     0.237060
   -0.568847    -0.297456     0.237549
   -0.534440    -0.342700     0.209219
   -0.530972    -0.346168     0.209219
   -0.477488    -0.408799     0.159506
   -0.477451    -0.408854     0.159407
   -0.465048    -0.422022     0.142794
   -0.438821    -0.445678     0.120609
   -0.259926    -0.589251    -0.005789
   -0.190752    -0.637691    -0.059994
   -0.189269    -0.638541    -0.060640
   -0.158930    -0.655700    -0.073222
   -0.149501    -0.660676    -0.076154
   -0.140174    -0.665442    -0.078627
   -0.123165    -0.673819    -0.086680
   -0.073375    -0.697925    -0.108873
   -0.061840    -0.701961    -0.108873
   -0.060027    -0.702857    -0.110891
   -0.049254    -0.706832    -0.118749
   -0.036173    -0.710597    -0.125027
    0.035068    -0.729557    -0.154468
    0.073398    -0.738949    -0.167820
    0.080655    -0.739693    -0.167172
    0.172444    -0.750035    -0.167172
    0.205632    -0.753078    -0.164875
    0.267530    -0.740697    -0.101070
    0.295887    -0.733726    -0.067557
    0.374571    -0.724860    -0.067557
    0.383080    -0.723987    -0.068316
    0.397675    -0.718601    -0.057670
    0.407329    -0.715865    -0.059800
    0.421278    -0.710984    -0.059800
    0.445349    -0.703410    -0.066365
    0.495860    -0.676148    -0.063401
    0.688863    -0.546436    -0.064471
    0.713911    -0.526121    -0.061952
    0.788445    -0.457399    -0.051845
    0.793210    -0.451837    -0.049761
    0.821143    -0.416496    -0.038628
    0.829523    -0.403880    -0.035634
    0.855742    -0.356559    -0.012397
    0.860315    -0.349282    -0.012397
    0.876786    -0.316277     0.000794
    0.877753    -0.310401     0.009217
    0.883792    -0.291209     0.014452
    0.887601    -0.280323     0.014452
    0.890941    -0.268542     0.017051
    0.892448    -0.264457     0.014071
    0.892813    -0.263507     0.013222
    0.899471    -0.197966    -0.009541
    0.899266    -0.193577    -0.011848
    0.897029    -0.170866    -0.011848
    0.896705    -0.167787    -0.012054
    0.867334     0.031922    -0.008213
    0.864190     0.041671    -0.006143
    0.861564     0.049174    -0.006143
    0.859761     0.054092    -0.005503
    0.807371     0.152647     0.037585
    0.806765     0.153611     0.037585
    0.722751     0.263566     0.102326
    0.696744     0.293045     0.121198
    0.599758     0.394824     0.147250
    0.636817     0.357765     0.147250
    0.579865     0.412374     0.134515
    0.485224     0.486220     0.102775
    0.456576     0.504220     0.102775
    0.491015     0.482373     0.104149
    0.404956     0.533603     0.082594
    0.156950     0.645456     0.045649
    0.097837     0.666140     0.045649
    0.097164     0.666357     0.045792
    0.071044     0.674220     0.046462
    0.072666     0.673788     0.045792
   -0.035431     0.688962     0.070822
   -0.072000     0.692805     0.073278
   -0.147123     0.700204     0.073278
   -0.336459     0.684776     0.105966
   -0.400750     0.678019     0.101648
   -0.403121     0.675500     0.121630
   -0.483501     0.660162     0.021175
   -0.482266     0.659946     0.027733
   -0.418814     0.674306     0.082020
   -0.505706     0.652443    -0.025133
   -0.512427     0.649622    -0.033822
   -0.512420     0.649602    -0.033563
   -0.509259     0.649921    -0.018115
   -0.484920     0.659690     0.018404
   -0.536489     0.636301    -0.100690
   -0.540141     0.633848    -0.106343
   -0.539182     0.632889    -0.088178
   -0.540882     0.633234    -0.108803
   -0.543811     0.630304    -0.114268
   -0.568029     0.600795    -0.114268
   -0.599550     0.558538    -0.081416
   -0.629643     0.510646    -0.081416
   -0.657951     0.460913    -0.061973
   -0.752256     0.284481    -0.061973
   -0.765100     0.256522    -0.038301
   -0.766915     0.252198    -0.032709
   -0.768343     0.247769    -0.031769
   -0.775268     0.224941    -0.031769
   -0.775335     0.224632    -0.031479
   -0.777813     0.212578    -0.018381
   -0.778349     0.209071    -0.012524
   -0.778945     0.204048    -0.002216
   -0.779185     0.201890     0.002384
   -0.778738     0.202070     0.006744
   -0.779057     0.183886     0.019092
   -0.776553     0.168279     0.028911
   -0.736557     0.022637     0.078542
   -0.737279     0.024568     0.077025
   -0.603074    -0.245764     0.229772
   -0.573855    -0.292265     0.229772
   -0.543703    -0.332687     0.198346
   -0.531112    -0.348028     0.198346
   -0.460645    -0.426425     0.134580
   -0.261239    -0.588288    -0.004875
   -0.190642    -0.637759    -0.060103
   -0.063463    -0.702181    -0.114968
   -0.062132    -0.702679    -0.116015
    0.134206    -0.749728    -0.202682
    0.136935    -0.750035    -0.202682
    0.153635    -0.751791    -0.203803
    0.188041    -0.755179    -0.203803
    0.205632    -0.755179    -0.186212
    0.261182    -0.749708    -0.186212
    0.284397    -0.747268    -0.184653
    0.316371    -0.740697    -0.149911
    0.380562    -0.726662    -0.089533
    0.403036    -0.719844    -0.089533
    0.424918    -0.712788    -0.084888
    0.426620    -0.712074    -0.082687
    0.445223    -0.703527    -0.066936
    0.490142    -0.679518    -0.066936
    0.496547    -0.675872    -0.064432
    0.744802    -0.500770    -0.061952
    0.782500    -0.464137    -0.056158
    0.805382    -0.437005    -0.049761
    0.817093    -0.421925    -0.042849
    0.836913    -0.392120    -0.035634
    0.857967    -0.355131    -0.021173
    0.864921    -0.342120    -0.021173
    0.868168    -0.335768    -0.019489
    0.870667    -0.330693    -0.017086
    0.877772    -0.315225    -0.003991
    0.880990    -0.306031    -0.003991
    0.884981    -0.293652    -0.001363
    0.892983    -0.267276    -0.001363
    0.894064    -0.262328     0.003291
    0.895340    -0.251005     0.003291
    0.896695    -0.238112     0.002425
    0.898678    -0.190637    -0.014878
    0.896705    -0.169121    -0.013389
    0.893087    -0.137010    -0.013389
    0.872495     0.014021    -0.011196
    0.871436     0.017381    -0.011635
    0.867377     0.031700    -0.008476
    0.864256     0.040620    -0.008476
    0.838608     0.096780     0.012024
    0.823230     0.121254     0.012024
    0.803955     0.156043     0.029106
    0.791707     0.170696     0.026795
    0.730424     0.251280     0.077253
    0.576961     0.404742     0.077253
    0.559678     0.424982     0.093318
    0.444126     0.508990     0.082594
    0.305725     0.585331     0.049757
    0.096546     0.666394     0.044117
    0.151333     0.647223     0.044117
    0.079974     0.671092     0.040461
   -0.010702     0.682609     0.039170
   -0.067083     0.688962     0.039170
   -0.147123     0.696299     0.033629
   -0.257901     0.674306    -0.078894
   -0.254587     0.674805    -0.077145
   -0.329099     0.661638    -0.120131
   -0.516982     0.640468    -0.120131
   -0.521983     0.638549    -0.124602
   -0.536527     0.635691    -0.107347
   -0.537427     0.630709    -0.143442
   -0.539234     0.630076    -0.143442
   -0.540559     0.631782    -0.126668
   -0.540458     0.632002    -0.125237
   -0.528591     0.635072    -0.133609
   -0.542090     0.627480    -0.148746
   -0.542993     0.628465    -0.138481
   -0.542753     0.629246    -0.134320
   -0.543213     0.625209    -0.154982
   -0.545844     0.621289    -0.161990
   -0.550188     0.616945    -0.161990
   -0.551778     0.614854    -0.163299
   -0.552218     0.613711    -0.165136
   -0.554298     0.609957    -0.166979
   -0.652531     0.453620    -0.166979
   -0.728784     0.318642    -0.120711
   -0.744853     0.292370    -0.097878
   -0.660000     0.438653    -0.172961
   -0.757003     0.257648    -0.097878
   -0.762125     0.247274    -0.086334
   -0.767879     0.236338    -0.071428
   -0.769535     0.233950    -0.065081
   -0.772686     0.227372    -0.052252
   -0.775335     0.220407    -0.035704
   -0.772792     0.226942    -0.051744
   -0.778945     0.188646     0.013186
   -0.758567     0.094639     0.054751
   -0.737516     0.026008     0.074959
   -0.662258    -0.132341     0.149886
   -0.527641    -0.346582     0.149886
   -0.471945    -0.408330     0.097654
   -0.470141    -0.409540     0.094430
   -0.420457    -0.451969     0.054993
   -0.356850    -0.515576     0.054993
   -0.183688    -0.640438    -0.071279
   -0.179731    -0.642630    -0.073222
   -0.059400    -0.703129    -0.119931
   -0.034818    -0.710864    -0.126636
    0.033193    -0.729026    -0.154054
    0.153413    -0.749168    -0.226859
    0.165678    -0.750427    -0.227953
    0.177786    -0.751791    -0.227953
    0.188041    -0.752731    -0.228663
    0.203153    -0.749708    -0.244241
    0.285289    -0.746321    -0.192163
    0.210941    -0.747794    -0.253445
    0.235642    -0.745010    -0.253445
    0.236679    -0.744904    -0.253352
    0.323668    -0.735442    -0.183696
    0.429017    -0.708942    -0.103543
    0.336450    -0.730969    -0.183696
    0.381721    -0.716724    -0.171349
    0.479080    -0.683958    -0.083534
    0.588232    -0.615373    -0.083534
    0.743867    -0.501354    -0.063860
    0.732018    -0.510365    -0.071279
    0.776537    -0.468684    -0.063860
    0.783231    -0.462967    -0.058546
    0.801427    -0.441390    -0.053470
    0.795651    -0.448108    -0.056202
    0.837309    -0.391133    -0.037115
    0.823800    -0.411252    -0.042849
    0.832616    -0.397971    -0.039736
    0.835596    -0.393543    -0.038425
    0.854838    -0.359713    -0.028833
    0.880676    -0.302090    -0.017086
    0.882959    -0.296011    -0.015879
    0.886648    -0.284304    -0.014349
    0.888715    -0.278049    -0.012466
    0.892535    -0.267697    -0.004915
    0.895446    -0.239333    -0.007445
    0.896695    -0.228242    -0.007445
    0.897276    -0.190637    -0.019500
    0.896679    -0.189259    -0.020956
    0.892463    -0.141227    -0.017013
    0.886077    -0.092720    -0.017013
    0.864595     0.033395    -0.015746
    0.863856     0.034705    -0.016283
    0.854959     0.056183    -0.016283
    0.850212     0.061228    -0.021158
    0.830768     0.087391    -0.030448
    0.830114     0.087907    -0.031042
    0.754145     0.163919    -0.071665
    0.732121     0.192620    -0.071665
    0.691388     0.222188    -0.100856
    0.666936     0.242768    -0.110978
    0.633330     0.276375    -0.110978
    0.614802     0.301899    -0.092687
    0.405484     0.462514    -0.092687
    0.358155     0.522508    -0.038171
    0.355242     0.528776    -0.028886
    0.313078     0.568449     0.011853
    0.119270     0.648726     0.011853
    0.084186     0.658218     0.002607
    0.036846     0.644636    -0.058281
   -0.046072     0.652621    -0.067290
   -0.134556     0.664270    -0.067290
   -0.425604     0.619823    -0.222131
   -0.442778     0.610524    -0.243758
   -0.498193     0.603228    -0.243758
   -0.514440     0.601664    -0.241993
   -0.515450     0.601904    -0.240847
   -0.530444     0.606206    -0.221561
   -0.535743     0.609253    -0.210054
   -0.540814     0.620356    -0.173885
   -0.541773     0.620311    -0.172920
   -0.536124     0.609289    -0.209522
   -0.542535     0.618562    -0.176848
   -0.543721     0.618298    -0.175359
   -0.536633     0.608899    -0.209522
   -0.544342     0.616609    -0.178150
   -0.562851     0.571534    -0.215171
   -0.537183     0.604986    -0.215171
   -0.570338     0.555798    -0.222592
   -0.575683     0.548160    -0.220905
   -0.647716     0.451238    -0.186491
   -0.659249     0.438981    -0.174647
   -0.704261     0.335719    -0.168512
   -0.724274     0.300242    -0.153945
   -0.726253     0.297045    -0.152150
   -0.730000     0.292722    -0.146793
   -0.691948     0.360039    -0.174647
   -0.735622     0.282741    -0.139722
   -0.745047     0.267817    -0.125764
   -0.753957     0.258644    -0.106836
   -0.761693     0.244356    -0.088843
   -0.767518     0.236338    -0.072619
   -0.764832     0.237112    -0.081186
   -0.768927     0.226824    -0.064441
   -0.764701     0.225442    -0.076868
   -0.763375     0.226047    -0.081186
   -0.749787     0.212763    -0.103335
   -0.729597     0.189464    -0.132207
   -0.645244    -0.014182    -0.132207
   -0.577435    -0.086249    -0.201840
   -0.527000    -0.154110    -0.225936
   -0.219079    -0.515477    -0.296472
   -0.226819    -0.523217    -0.264975
   -0.498927    -0.176257    -0.251446
   -0.485105    -0.189682    -0.259550
   -0.372516    -0.312288    -0.302171
   -0.219634    -0.511528    -0.302171
   -0.106187    -0.602102    -0.296472
   -0.086061    -0.627613    -0.273290
   -0.071267    -0.659442    -0.226143
   -0.075660    -0.665796    -0.203749
    0.104834    -0.732385    -0.226143
    0.152106    -0.745175    -0.238601
    0.166548    -0.741031    -0.257176
    0.167462    -0.741119    -0.257276
    0.199792    -0.745375    -0.257276
    0.210941    -0.746354    -0.258191
    0.219543    -0.742627    -0.267283
    0.224209    -0.740100    -0.273160
    0.228822    -0.739493    -0.273160
    0.237623    -0.742018    -0.261840
    0.266303    -0.734258    -0.254281
    0.391587    -0.694073    -0.222206
    0.304597    -0.718396    -0.254281
    0.388048    -0.693736    -0.227143
    0.529545    -0.628437    -0.157140
    0.609430    -0.567139    -0.157140
    0.628692    -0.555445    -0.150035
    0.642826    -0.547434    -0.143509
    0.736170    -0.499080    -0.089927
    0.757954    -0.481915    -0.077851
    0.775815    -0.468950    -0.065051
    0.737067    -0.498183    -0.089927
    0.780558    -0.462768    -0.065051
    0.801844    -0.440795    -0.053339
    0.868332    -0.332260    -0.023018
    0.856663    -0.355309    -0.028833
    0.876196    -0.312576    -0.019778
    0.892160    -0.242275    -0.016352
    0.893911    -0.228971    -0.016352
    0.895626    -0.189259    -0.022926
    0.893280    -0.185774    -0.026457
    0.892104    -0.182760    -0.027914
    0.885069    -0.096675    -0.019872
    0.878907    -0.057771    -0.019872
    0.878008    -0.050438    -0.019413
    0.862395     0.036640    -0.017494
    0.850181     0.060541    -0.021738
    0.727801     0.186269    -0.086537
    0.613290     0.276380    -0.134838
    0.612879     0.276645    -0.135012
    0.610453     0.279070    -0.135012
    0.425550     0.367053    -0.222201
    0.591292     0.287606    -0.144989
    0.360004     0.378468    -0.255601
    0.293647     0.396227    -0.279991
    0.080812     0.504672    -0.279991
    0.077187     0.509723    -0.275123
    0.057958     0.524243    -0.263098
   -0.046185     0.533151    -0.276374
   -0.335254     0.578935    -0.276374
   -0.431120     0.586769    -0.285329
   -0.442778     0.594619    -0.273514
   -0.459154     0.593281    -0.271984
   -0.468191     0.591850    -0.271984
   -0.479155     0.590912    -0.270586
   -0.505098     0.596567    -0.253502
   -0.505119     0.596575    -0.253480
   -0.514371     0.601513    -0.242275
   -0.527064     0.602432    -0.231052
   -0.529470     0.604044    -0.226266
   -0.519891     0.598701    -0.242275
   -0.525342     0.600247    -0.235705
   -0.535528     0.603331    -0.219902
   -0.537300     0.588289    -0.235705
   -0.559403     0.563485    -0.230740
   -0.537452     0.587948    -0.235883
   -0.647357     0.443352    -0.193141
   -0.587474     0.525018    -0.220905
   -0.676638     0.386055    -0.182965
   -0.732038     0.268677    -0.149890
   -0.730746     0.268677    -0.152150
   -0.735759     0.267817    -0.143140
   -0.730181     0.268038    -0.152963
   -0.717793     0.189826    -0.152963
   -0.717582     0.187357    -0.152648
   -0.682906     0.141435    -0.181366
   -0.658948     0.100724    -0.194382
   -0.576288    -0.061030    -0.223108
   -0.509341    -0.155818    -0.251446
   -0.527029    -0.128207    -0.245946
   -0.218518    -0.475275    -0.348973
   -0.211529    -0.483483    -0.350092
   -0.209427    -0.501322    -0.331350
   -0.304675    -0.379208    -0.328848
   -0.259311    -0.429764    -0.339477
   -0.186236    -0.502007    -0.358153
   -0.183916    -0.504328    -0.358153
   -0.207417    -0.486135    -0.351831
   -0.125144    -0.536952    -0.378329
   -0.119594    -0.540607    -0.379307
   -0.119001    -0.541138    -0.379182
   -0.180408    -0.505890    -0.359979
    0.043361    -0.621724    -0.382438
   -0.081182    -0.551260    -0.393083
   -0.079858    -0.551733    -0.393389
    0.015020    -0.600076    -0.393389
    0.037219    -0.616354    -0.385842
    0.138361    -0.689290    -0.330675
    0.161153    -0.710266    -0.309515
    0.068381    -0.636448    -0.374438
    0.221718    -0.727294    -0.296503
    0.211482    -0.718237    -0.309515
    0.223036    -0.728182    -0.295168
    0.224209    -0.733258    -0.285960
    0.228457    -0.734340    -0.282889
    0.229723    -0.727123    -0.295168
    0.234386    -0.722831    -0.299497
    0.260210    -0.716377    -0.291715
    0.306277    -0.692904    -0.291715
    0.393107    -0.669667    -0.259799
    0.562593    -0.588004    -0.181526
    0.394118    -0.668760    -0.260012
    0.671479    -0.528956    -0.131391
    0.712858    -0.509381    -0.105422
    0.780341    -0.462921    -0.065214
    0.803276    -0.437984    -0.053339
    0.845060    -0.375025    -0.035136
    0.889241    -0.253989    -0.018214
    0.891504    -0.239700    -0.018214
    0.887903    -0.178068    -0.032128
    0.863338     0.023313    -0.019413
    0.612727     0.276712    -0.135091
    0.315980     0.382938    -0.278492
    0.269838     0.394110    -0.296532
    0.195489     0.404939    -0.327939
    0.088300     0.429300    -0.363061
    0.242993     0.397259    -0.308756
    0.085124     0.427027    -0.366328
    0.058559     0.419406    -0.380838
   -0.040384     0.426412    -0.395088
   -0.247472     0.467605    -0.395088
   -0.263972     0.468839    -0.396769
   -0.291136     0.482191    -0.385742
   -0.354035     0.520067    -0.351729
   -0.365081     0.527540    -0.344755
   -0.403009     0.557761    -0.315250
   -0.431120     0.582934    -0.290002
   -0.439002     0.582345    -0.289199
   -0.448254     0.580504    -0.289199
   -0.472769     0.587537    -0.275809
   -0.477847     0.589975    -0.271932
   -0.519340     0.597839    -0.243601
   -0.519617     0.593591    -0.247329
   -0.510779     0.592771    -0.253502
   -0.514243     0.591932    -0.252147
   -0.531492     0.588337    -0.241114
   -0.550940     0.559745    -0.240799
   -0.558759     0.556241    -0.235772
   -0.550186     0.560359    -0.241114
   -0.716231     0.275542    -0.168512
   -0.716792     0.268038    -0.169277
   -0.702111     0.237985    -0.181366
   -0.703225     0.252887    -0.182884
   -0.304225    -0.379575    -0.329036
   -0.081858    -0.550808    -0.393083
   -0.089434    -0.547909    -0.391098
   -0.023654    -0.564507    -0.411805
    0.165331    -0.667414    -0.361304
    0.173517    -0.677842    -0.351409
    0.151847    -0.653050    -0.374438
    0.210568    -0.711020    -0.318133
    0.211482    -0.715065    -0.313380
    0.234339    -0.722509    -0.299899
    0.235983    -0.705964    -0.318133
    0.239930    -0.700996    -0.321566
    0.284177    -0.690940    -0.307067
    0.292547    -0.685348    -0.307067
    0.337179    -0.674541    -0.289618
    0.612949    -0.562411    -0.158275
    0.672464    -0.527481    -0.131391
    0.888377    -0.251336    -0.019778
    0.814471    -0.178068    -0.092392
    0.810600    -0.122739    -0.086537
    0.303543     0.382316    -0.285229
    0.169960     0.407826    -0.338470
   -0.057039     0.362868    -0.444775
   -0.071525     0.363670    -0.447025
   -0.153391     0.385606    -0.447025
    0.036975     0.403286    -0.396840
   -0.178816     0.387385    -0.449715
   -0.230671     0.433175    -0.420601
   -0.426764     0.566339    -0.304332
   -0.407798     0.552175    -0.318394
   -0.513407     0.582078    -0.257662
   -0.479904     0.580401    -0.275809
   -0.631198     0.260216    -0.240799
   -0.631711     0.252887    -0.241574
   -0.618434     0.212921    -0.245946
   -0.620498     0.242417    -0.249067
   -0.092281    -0.545062    -0.391098
   -0.023677    -0.563976    -0.412188
    0.096615    -0.594906    -0.413139
   -0.018055    -0.559778    -0.416356
   -0.016883    -0.559843    -0.416538
    0.091922    -0.588997    -0.416538
    0.105615    -0.602854    -0.408086
    0.151611    -0.652112    -0.375169
    0.238243    -0.693742    -0.327795
    0.202736    -0.660608    -0.358954
    0.238511    -0.687325    -0.332430
    0.170933    -0.646935    -0.375169
    0.259604    -0.682551    -0.325504
    0.270930    -0.671226    -0.325504
    0.672073    -0.527498    -0.131673
    0.753341    -0.224200    -0.131673
    0.784160    -0.206372    -0.112647
    0.092509    -0.224200    -0.484896
    0.088973    -0.223085    -0.486626
    0.087220    -0.223085    -0.487384
    0.075897    -0.218278    -0.491423
   -0.120989     0.257049    -0.491423
   -0.122661     0.287243    -0.486734
   -0.115881     0.304026    -0.480791
   -0.139648     0.313871    -0.480791
   -0.149116     0.336170    -0.472836
   -0.152488     0.340092    -0.471223
   -0.175845     0.377967    -0.454324
   -0.231264     0.433386    -0.420404
   -0.139293     0.306707    -0.482919
   -0.176288     0.217393    -0.482919
   -0.255629     0.242417    -0.444094
   -0.139648     0.308309    -0.482478
   -0.142040     0.187949    -0.497007
   -0.135160     0.097434    -0.487721
    0.042023    -0.463056    -0.463926
    0.028492    -0.496550    -0.452065
   -0.017466    -0.542508    -0.423936
    0.036861    -0.317861    -0.487721
    0.042023    -0.411124    -0.473236
    0.050484    -0.505660    -0.452065
    0.061667    -0.532002    -0.442669
    0.086083    -0.570482    -0.425598
    0.064089    -0.534819    -0.441510
    0.125505    -0.609903    -0.401470
    0.247728    -0.662144    -0.339206
    0.050484    -0.501139    -0.453437
    0.043377    -0.356673    -0.482411
    0.045149    -0.324653    -0.487384
    0.042336    -0.218278    -0.501604
    0.040475    -0.214943    -0.501749
   -0.125716     0.186279    -0.501749
   -0.126408     0.191498    -0.501303
   -0.126408     0.237630    -0.495507
   -0.129221     0.271572    -0.490389
   -0.129221     0.285412    -0.488113
   -0.138474     0.304730    -0.483416
   -0.126491     0.190265    -0.501433
   -0.126798     0.187949    -0.501631
   -0.126491     0.187669    -0.501689
    0.041857    -0.225363    -0.500859
    0.041857    -0.299958    -0.491486
    0.043377    -0.318302    -0.488720
     1      2      3
     1      3      4
     1      4      5
     1      5      6
     7      8      9
     7      9      2
     7      2      1
    10     11     12
     3      2      9
    13     14     15
    13     15     16
    13     16     17
    13     17     18
    15      6      5
    15      5     19
    15     19     16
    20     21      7
    20      7      1
    20      1      6
    20      6     15
    20     15     14
    22     23     24
    22     24     25
    22     25     21
    22     21     20
    25     26      8
    25      8      7
    25      7     21
    12     11     26
    12     26     25
    12     25     24
    12     24     27
    12     27     28
    12     28     29
    12     29     30
    31     28     27
    31     27     32
    31     32     33
    31     33     34
    29     28     31
    34     33     35
    36      4      3
    36      3      9
    36      9      8
    36      8     26
    36     26     11
    36     11     10
    19      5      4
    19      4     36
    19     36     37
    17     16     19
    17     19     37
    17     37     38
    39     40     41
    39     41     42
    39     42     43
    39     43     44
    39     44     45
    39     45     46
    39     46     47
    44     48     49
    44     49     50
    44     50     13
    44     13     18
    44     18     45
    43     51     52
    43     52     48
    43     48     44
    50     53     22
    50     22     20
    50     20     14
    50     14     13
    49     54     55
    49     55     56
    49     56     53
    49     53     50
    55     57     58
    55     58     59
    55     59     60
    55     60     61
    55     61     62
    55     62     63
    55     63     56
    56     63     64
    56     64     23
    56     23     22
    56     22     53
    60     65     66
    60     66     61
    64     67     32
    64     32     27
    64     27     24
    64     24     23
    62     68     69
    62     69     70
    62     70     71
    62     71     72
    62     72     67
    62     67     64
    62     64     63
    72     71     73
    72     73     74
    72     74     75
    72     75     76
    72     76     77
    72     77     78
    35     33     32
    35     32     67
    35     67     72
    35     72     78
    35     78     79
    35     79     80
    35     80     81
    77     76     82
    77     82     83
    81     80     84
    84     80     79
    84     79     85
    86     30     29
    86     29     31
    86     31     34
    86     34     35
    86     35     81
    86     81     84
    86     84     85
    86     85     87
    86     87     88
    86     88     89
    38     37     36
    38     36     10
    38     10     12
    38     12     30
    38     30     86
    38     86     90
    91     90     86
    91     86     89
    91     89     92
    91     92     93
    91     93     94
    45     18     17
    45     17     38
    45     38     90
    45     90     91
    45     91     46
    47     46     91
    47     91     94
    47     94     95
    47     95     96
    97     98     39
    97     39     47
    97     47     96
    97     96     99
    97     99    100
   101    102    103
   101    103    104
   101    104    105
   101    105    106
   101    106    107
   101    107    108
   101    108     40
   101     40     39
   101     39     98
   108     41     40
    42    109    110
    42    110    111
    42    111     51
    42     51     43
   111    112     52
   111     52     51
    52    112    113
    52    113    114
    52    114    115
    52    115     54
    52     54     49
    52     49     48
   115    116    117
   115    117    118
   115    118    119
   115    119     57
   115     57     55
   115     55     54
   118    120    121
   118    121    122
   118    122    123
   118    123    124
   118    124    125
   118    125    126
   118    126    119
   119    126    127
   119    127    128
   119    128    129
   119    129    130
   119    130     58
   119     58     57
    58    130    131
    58    131    132
    58    132    133
    58    133     59
    59    133    134
    59    134    135
    59    135    136
    59    136     65
    59     65     60
   136    137     66
   136     66     65
    61     66    137
    61    137    138
    61    138    139
    61    139    140
    61    140    141
    61    141     68
    61     68     62
   141    142    143
   141    143    144
   141    144     69
   141     69     68
    70    145    146
    70    146    147
    70    147    148
    70    148    149
    70    149     73
    70     73     71
    73    149    150
    73    150    151
    73    151     74
   150    149    148
   150    148    152
    75    153     82
    75     82     76
    83     82    153
    83    153    154
    83    154    155
    85     79     78
    85     78     77
    85     77     83
    85     83    155
    85    155    156
    85    156     87
    87    156    157
    87    157    158
    87    158     88
   159    160    161
   159    161    162
   159    162    163
   159    163    164
   159    164    165
    89     88    158
    89    158    160
    89    160    159
    89    159     92
    93     92    159
    93    159    165
    93    165    166
    93    166    167
    93    167    168
    93    168    169
    95     94     93
    95     93    169
    95    169    170
    95    170    171
   171    170    172
   171    172    173
   171    173    174
   171    174    175
   171    175    176
   171    176    177
   171    177    178
    99     96     95
    99     95    171
    99    171    178
    99    178    179
   179    178    177
   179    177    180
   179    180    181
   182    100     99
   182     99    179
   182    179    181
   182    181    183
   184     97    100
   184    100    182
   185    103    102
   110    113    112
   110    112    111
   186    187    188
   186    188    117
   186    117    116
   186    116    189
   117    188    190
   117    190    191
   117    191    192
   117    192    193
   117    193    194
   117    194    120
   117    120    118
   194    195    196
   194    196    121
   194    121    120
   122    197    198
   122    198    199
   122    199    200
   122    200    123
   125    201    127
   125    127    126
   129    202    131
   129    131    130
   132    203    134
   132    134    133
   135    138    137
   135    137    136
   139    204    205
   139    205    140
   140    205    206
   140    206    207
   140    207    208
   140    208    209
   140    209    142
   140    142    141
   209    210    211
   209    211    212
   209    212    143
   209    143    142
    69    144    213
    69    213    214
    69    214    145
    69    145     70
   215    146    145
   215    145    214
   215    214    216
   215    216    217
   215    217    218
   215    218    219
   217    220    221
   217    221    222
   217    222    218
   147    146    215
   219    218    222
   219    222    223
    74    151    154
    74    154    153
    74    153     75
   155    154    151
   155    151    150
   155    150    152
   155    152    224
   155    224    157
   155    157    156
   158    157    224
   158    224    225
   158    225    226
   158    226    161
   158    161    160
   161    226    227
   161    227    162
   228    229    230
   228    230    231
   228    231    232
   165    164    228
   165    228    232
   165    232    166
   166    232    231
   166    231    233
   166    233    234
   166    234    235
   166    235    236
   166    236    167
   167    236    237
   167    237    238
   167    238    239
   167    239    240
   167    240    241
   167    241    242
   167    242    243
   167    243    244
   167    244    168
   169    168    244
   169    244    245
   169    245    246
   169    246    247
   169    247    172
   169    172    170
   172    247    248
   172    248    249
   172    249    173
   174    173    249
   174    249    250
   174    250    251
   180    177    176
   180    176    252
   252    176    175
   252    175    253
   183    181    180
   183    180    252
   183    252    253
   183    253    254
   183    254    255
   183    255    256
   183    256    257
   183    257    258
   183    258    259
   183    259    260
   183    260    261
   183    261    262
   182    183    262
   182    262    263
   182    263    264
   182    264    265
   182    265    266
   182    266    267
   182    267    268
   182    268    269
   182    269    184
   269    270    271
   269    271    272
   269    272    273
   269    273    101
   269    101     98
   269     98     97
   269     97    184
   273    274    275
   273    275    185
   273    185    102
   273    102    101
   104    276    105
   107    277    109
   107    109     42
   107     42     41
   107     41    108
   278    279    114
   278    114    113
   278    113    110
   278    110    109
   278    109    277
   280    189    116
   280    116    115
   280    115    114
   280    114    279
   281    282    190
   281    190    188
   281    188    187
   190    282    283
   190    283    284
   190    284    191
   193    285    195
   193    195    194
   121    196    197
   121    197    122
   123    200    286
   123    286    287
   123    287    124
   124    287    201
   124    201    125
   128    288    289
   128    289    290
   128    290    202
   128    202    129
   131    202    290
   131    290    291
   131    291    203
   131    203    132
   134    203    291
   134    291    292
   134    292    204
   134    204    139
   134    139    138
   134    138    135
   292    293    206
   292    206    205
   292    205    204
   207    294    295
   207    295    208
   208    295    296
   208    296    297
   208    297    210
   208    210    209
   297    298    299
   297    299    211
   297    211    210
   300    301    212
   300    212    211
   300    211    299
   300    299    302
   300    302    303
   300    303    304
   300    304    305
   300    305    306
   300    306    307
   300    307    308
   300    308    309
   300    309    310
   143    212    301
   143    301    311
   143    311    312
   143    312    313
   143    313    314
   143    314    213
   143    213    144
   213    314    315
   213    315    316
   213    316    317
   213    317    216
   213    216    214
   216    317    318
   216    318    220
   216    220    217
   221    220    318
   221    318    319
   221    319    320
   223    222    221
   223    221    320
   223    320    321
   321    320    319
   321    319    322
   321    322    323
   321    323    324
   224    152    148
   224    148    147
   224    147    215
   224    215    219
   224    219    223
   224    223    321
   224    321    324
   224    324    325
   224    325    225
   225    325    326
   225    326    327
   225    327    328
   225    328    329
   225    329    330
   225    330    331
   225    331    227
   225    227    226
   162    227    331
   162    331    332
   162    332    333
   162    333    163
   163    333    334
   163    334    335
   163    335    336
   163    336    337
   163    337    229
   163    229    228
   163    228    164
   337    338    339
   337    339    230
   337    230    229
   231    230    339
   231    339    233
   234    340    341
   234    341    342
   234    342    235
   235    342    343
   235    343    344
   235    344    237
   235    237    236
   242    345    346
   242    346    347
   242    347    348
   242    348    349
   242    349    243
   244    243    349
   244    349    350
   244    350    351
   244    351    245
   246    352    353
   246    353    354
   246    354    248
   246    248    247
   249    248    354
   249    354    355
   249    355    250
   251    250    355
   251    355    356
   251    356    357
   251    357    358
   253    175    174
   253    174    251
   253    251    358
   253    358    359
   253    359    254
   254    359    255
   260    360    361
   260    361    362
   260    362    261
   262    261    362
   262    362    363
   262    363    364
   262    364    365
   262    365    263
   267    366    367
   267    367    368
   267    368    369
   267    369    268
   268    369    370
   268    370    371
   268    371    270
   268    270    269
   272    372    274
   272    274    273
   275    373    374
   275    374    375
   275    375    276
   275    276    104
   275    104    103
   275    103    185
   105    276    375
   105    375    376
   105    376    106
   106    376    377
   106    377    378
   106    378    278
   106    278    277
   106    277    107
   378    379    380
   378    380    381
   378    381    280
   378    280    279
   378    279    278
   381    382    383
   381    383    384
   381    384    385
   381    385    386
   381    386    186
   381    186    189
   381    189    280
   386    387    388
   386    388    389
   386    389    390
   386    390    391
   386    391    281
   386    281    187
   386    187    186
   391    392    393
   391    393    283
   391    283    282
   391    282    281
   393    394    395
   393    395    284
   393    284    283
   192    396    397
   192    397    285
   192    285    193
   397    398    198
   397    198    197
   397    197    196
   397    196    195
   397    195    285
   198    398    399
   198    399    400
   198    400    401
   198    401    199
   199    401    402
   199    402    286
   199    286    200
   402    401    400
   402    400    403
   402    403    404
   402    404    405
   127    201    287
   127    287    286
   127    286    402
   127    402    405
   127    405    288
   127    288    128
   405    404    406
   405    406    407
   405    407    408
   405    408    409
   405    409    289
   405    289    288
   289    409    410
   289    410    293
   289    293    292
   289    292    291
   289    291    290
   206    293    410
   206    410    411
   206    411    412
   206    412    294
   206    294    207
   412    413    296
   412    296    295
   412    295    294
   296    413    414
   296    414    415
   296    415    298
   296    298    297
   299    298    415
   299    415    416
   299    416    302
   302    416    417
   302    417    418
   302    418    419
   302    419    420
   302    420    421
   302    421    422
   302    422    423
   302    423    303
   303    423    424
   303    424    425
   303    425    304
   304    425    426
   304    426    305
   312    427    428
   312    428    313
   313    428    429
   313    429    430
   313    430    315
   313    315    314
   315    430    431
   315    431    316
   319    318    317
   319    317    316
   319    316    431
   319    431    432
   319    432    433
   319    433    322
   322    433    434
   322    434    435
   322    435    323
   324    323    435
   324    435    436
   324    436    326
   324    326    325
   326    436    437
   326    437    438
   326    438    439
   326    439    327
   331    330    440
   331    440    441
   331    441    442
   331    442    443
   331    443    444
   331    444    445
   331    445    332
   332    445    446
   332    446    447
   332    447    448
   332    448    334
   332    334    333
   334    448    449
   334    449    450
   334    450    451
   334    451    452
   334    452    453
   334    453    454
   334    454    335
   335    454    455
   335    455    456
   335    456    457
   335    457    458
   335    458    336
   336    458    459
   336    459    338
   336    338    337
   233    339    338
   233    338    459
   233    459    460
   233    460    461
   233    461    340
   233    340    234
   461    462    463
   461    463    341
   461    341    340
   341    463    464
   341    464    343
   341    343    342
   237    344    465
   237    465    238
   241    466    467
   241    467    345
   241    345    242
   349    348    468
   349    468    469
   349    469    350
   245    351    470
   245    470    471
   245    471    472
   245    472    352
   245    352    246
   353    352    472
   353    472    473
   353    473    474
   353    474    475
   355    354    353
   355    353    475
   355    475    476
   355    476    356
   357    356    476
   357    476    477
   357    477    478
   255    359    358
   255    358    357
   255    357    478
   255    478    479
   255    479    256
   256    479    480
   256    480    257
   481    482    483
   481    483    361
   481    361    360
   362    361    483
   362    483    484
   362    484    363
   265    485    486
   265    486    266
   266    486    487
   266    487    488
   266    488    366
   266    366    267
   370    489    371
   371    489    490
   371    490    271
   371    271    270
   491    492    373
   491    373    275
   491    275    274
   491    274    372
   493    377    376
   493    376    375
   493    375    374
   493    374    494
   495    379    378
   495    378    377
   495    377    493
   496    497    382
   496    382    381
   496    381    380
   496    380    498
   383    382    497
   383    497    499
   500    501    502
   500    502    388
   500    388    387
   503    389    388
   503    388    502
   503    502    504
   390    505    506
   390    506    392
   390    392    391
   506    507    394
   506    394    393
   506    393    392
   191    284    395
   191    395    508
   191    508    396
   191    396    192
   508    509    510
   508    510    399
   508    399    398
   508    398    397
   508    397    396
   511    512    510
   511    510    509
   511    509    513
   510    512    403
   510    403    400
   510    400    399
   514    515    516
   514    516    517
   514    517    518
   518    517    406
   518    406    404
   518    404    403
   518    403    512
   518    512    511
   519    520    521
   519    521    516
   519    516    515
   406    517    516
   406    516    521
   406    521    407
   407    521    520
   407    520    522
   407    522    523
   407    523    524
   407    524    525
   407    525    408
   408    525    526
   408    526    527
   408    527    411
   408    411    410
   408    410    409
   411    527    528
   411    528    529
   411    529    530
   411    530    414
   411    414    413
   411    413    412
   530    531    417
   530    417    416
   530    416    415
   530    415    414
   417    531    532
   417    532    533
   417    533    534
   417    534    535
   417    535    536
   417    536    537
   417    537    538
   417    538    418
   418    538    419
   419    538    537
   419    537    420
   421    539    540
   421    540    422
   422    540    424
   422    424    423
   541    309    308
   541    308    542
   310    309    541
   543    429    428
   543    428    427
   431    430    429
   431    429    543
   431    543    544
   431    544    432
   432    544    545
   432    545    546
   432    546    434
   432    434    433
   435    434    546
   435    546    437
   435    437    436
   438    547    439
   329    548    440
   329    440    330
   441    549    442
   447    550    449
   447    449    448
   449    550    551
   449    551    450
   453    552    553
   453    553    455
   453    455    454
   455    553    554
   455    554    555
   455    555    556
   455    556    456
   456    556    557
   456    557    558
   456    558    559
   456    559    457
   459    458    457
   459    457    559
   459    559    560
   459    560    460
   460    560    561
   460    561    562
   460    562    563
   460    563    462
   460    462    461
   563    564    464
   563    464    463
   563    463    462
   343    464    564
   343    564    565
   343    565    566
   343    566    465
   343    465    344
   238    465    566
   238    566    239
   467    567    346
   467    346    345
   347    568    468
   347    468    348
   350    469    569
   350    569    570
   350    570    470
   350    470    351
   471    571    572
   471    572    473
   471    473    472
   474    473    572
   474    572    573
   474    573    574
   474    574    575
   474    575    576
   476    475    474
   476    474    576
   476    576    577
   476    577    578
   476    578    477
   478    477    578
   478    578    579
   478    579    580
   478    580    480
   478    480    479
   257    480    580
   257    580    581
   257    581    258
   258    581    582
   258    582    259
   483    482    583
   483    583    584
   483    584    484
   363    484    584
   363    584    585
   363    585    364
   264    586    587
   264    587    588
   264    588    485
   264    485    265
   588    589    487
   588    487    486
   588    486    485
   367    590    368
   368    590    591
   368    591    592
   368    592    490
   368    490    489
   368    489    370
   368    370    369
   271    490    592
   271    592    593
   271    593    594
   271    594    491
   271    491    372
   271    372    272
   594    595    596
   594    596    495
   594    495    493
   594    493    494
   594    494    492
   594    492    491
   596    498    380
   596    380    379
   596    379    495
   597    499    497
   597    497    496
   598    385    384
   599    501    500
   599    500    600
   504    502    501
   504    501    599
   504    599    601
   602    603    505
   602    505    390
   602    390    389
   602    389    503
   604    507    506
   604    506    505
   604    505    603
   605    513    509
   605    509    508
   605    508    395
   605    395    394
   605    394    507
   605    507    604
   605    604    606
   607    608    514
   607    514    518
   607    518    511
   607    511    513
   607    513    605
   609    610    519
   609    519    515
   609    515    514
   609    514    608
   611    612    613
   611    613    614
   611    614    610
   611    610    609
   611    609    615
   614    522    520
   614    520    519
   614    519    610
   616    617    618
   616    618    613
   616    613    612
   613    618    523
   613    523    522
   613    522    614
   619    620    621
   619    621    617
   619    617    616
   523    618    617
   523    617    621
   523    621    622
   523    622    524
   524    622    623
   524    623    624
   524    624    625
   524    625    526
   524    526    525
   626    627    528
   626    528    527
   626    527    526
   626    526    625
   626    625    628
   528    627    629
   528    629    630
   528    630    631
   528    631    632
   528    632    529
   529    632    633
   529    633    532
   529    532    531
   529    531    530
   634    533    532
   634    532    633
   634    633    635
   534    533    634
   420    537    536
   420    536    636
   420    636    539
   420    539    421
   636    536    535
   305    426    637
   305    637    306
   542    308    307
   542    307    638
   639    311    301
   639    301    300
   640    545    544
   640    544    543
   640    543    427
   640    427    312
   640    312    311
   640    311    639
   437    546    545
   437    545    640
   437    640    641
   437    641    547
   437    547    438
   327    439    547
   327    547    641
   327    641    642
   327    642    643
   327    643    644
   327    644    328
   328    644    548
   328    548    329
   442    549    645
   442    645    646
   442    646    443
   444    446    445
   450    551    647
   450    647    648
   450    648    451
   451    648    649
   451    649    452
   650    651    652
   650    652    554
   650    554    553
   650    553    552
   554    652    653
   554    653    555
   555    653    654
   555    654    557
   555    557    556
   655    558    557
   655    557    654
   655    654    656
   655    656    657
   655    657    658
   559    558    655
   559    655    659
   559    659    561
   559    561    560
   660    562    561
   660    561    659
   660    659    661
   660    661    662
   565    564    563
   565    563    562
   565    562    660
   565    660    663
   239    566    565
   239    565    663
   239    663    664
   239    664    240
   665    567    467
   665    467    466
   665    466    666
   667    668    568
   667    568    347
   667    347    346
   667    346    567
   667    567    665
   669    569    469
   669    469    468
   669    468    568
   669    568    668
   669    668    670
   671    571    471
   671    471    470
   671    470    570
   671    570    672
   671    672    673
   671    673    674
   573    572    571
   573    571    671
   573    671    675
   576    575    676
   576    676    677
   576    677    577
   578    577    677
   578    677    678
   578    678    679
   578    679    680
   578    680    579
   580    579    680
   580    680    681
   580    681    682
   580    682    582
   580    582    581
   259    582    682
   259    682    481
   259    481    360
   259    360    260
   584    583    683
   584    683    684
   584    684    685
   584    685    585
   364    585    685
   364    685    686
   364    686    365
   587    687    589
   587    589    588
   487    589    687
   487    687    688
   487    688    689
   487    689    488
   488    689    690
   488    690    691
   488    691    591
   488    591    590
   488    590    367
   488    367    366
   691    692    693
   691    693    694
   691    694    593
   691    593    592
   691    592    591
   593    694    695
   593    695    696
   593    696    697
   593    697    698
   593    698    595
   593    595    594
   698    699    700
   698    700    701
   698    701    597
   698    597    496
   698    496    498
   698    498    596
   698    596    595
   701    702    598
   701    598    384
   701    384    383
   701    383    499
   701    499    597
   703    600    500
   703    500    387
   703    387    386
   703    386    385
   703    385    598
   703    598    702
   704    601    599
   704    599    600
   704    600    703
   705    706    707
   705    707    602
   705    602    503
   705    503    504
   705    504    601
   705    601    704
   707    606    604
   707    604    603
   707    603    602
   708    615    609
   708    609    608
   708    608    607
   709    710    711
   709    711    712
   709    712    713
   709    713    714
   709    714    715
   709    715    611
   709    611    615
   709    615    708
   715    716    619
   715    619    616
   715    616    612
   715    612    611
   714    717    718
   714    718    716
   714    716    715
   718    719    620
   718    620    619
   718    619    716
   720    721    719
   720    719    718
   720    718    717
   623    622    621
   623    621    620
   623    620    719
   623    719    721
   722    624    623
   722    623    721
   722    721    720
   722    720    723
   628    625    624
   628    624    722
   628    722    724
   628    724    725
   628    725    726
   628    726    727
   728    729    730
   728    730    731
   728    731    626
   728    626    628
   728    628    727
   728    727    732
   731    733    734
   731    734    735
   731    735    629
   731    629    627
   731    627    626
   736    630    629
   736    629    735
   737    631    630
   737    630    736
   737    736    738
   635    633    632
   635    632    631
   635    631    737
   635    737    739
   740    739    737
   740    737    738
   740    738    741
   637    426    425
   637    425    424
   637    424    540
   637    540    539
   637    539    636
   637    636    535
   637    535    534
   637    534    634
   637    634    635
   637    635    739
   637    739    740
   638    307    306
   638    306    637
   638    637    740
   638    740    741
   638    741    742
   638    742    743
   638    743    744
   642    641    640
   642    640    639
   642    639    300
   642    300    310
   642    310    541
   642    541    542
   642    542    638
   642    638    744
   642    744    745
   642    745    746
   747    748    643
   747    643    642
   747    642    746
   747    746    749
   747    749    750
   747    750    751
   747    751    752
   440    548    644
   440    644    643
   440    643    748
   440    748    645
   440    645    549
   440    549    441
   753    754    755
   753    755    756
   753    756    646
   753    646    645
   753    645    748
   753    748    747
   443    646    756
   443    756    647
   443    647    551
   443    551    550
   443    550    447
   443    447    446
   443    446    444
   757    649    648
   757    648    647
   757    647    756
   757    756    755
   452    649    757
   452    757    758
   452    758    650
   452    650    552
   452    552    453
   759    760    761
   759    761    651
   759    651    650
   759    650    758
   654    653    652
   654    652    651
   654    651    761
   654    761    762
   654    762    656
   656    762    763
   656    763    657
   658    657    763
   658    763    764
   658    764    765
   658    765    766
   661    659    655
   661    655    658
   661    658    766
   661    766    767
   768    662    661
   768    661    767
   768    767    769
   768    769    770
   771    664    663
   771    663    660
   771    660    662
   771    662    768
   240    664    771
   240    771    772
   240    772    773
   240    773    774
   240    774    775
   240    775    666
   240    666    466
   240    466    241
   776    777    667
   776    667    665
   776    665    666
   776    666    775
   776    775    778
   670    668    667
   670    667    777
   670    777    779
   570    569    669
   570    669    780
   570    780    672
   781    574    573
   781    573    675
   781    675    782
   783    676    575
   783    575    574
   783    574    781
   680    679    784
   680    784    785
   680    785    681
   682    681    785
   682    785    683
   682    683    583
   682    583    482
   682    482    481
   686    685    684
   686    684    786
   686    786    787
   686    787    788
   686    788    789
   263    365    686
   263    686    789
   263    789    790
   263    790    791
   263    791    586
   263    586    264
   792    793    690
   792    690    689
   792    689    688
   690    793    692
   690    692    691
   695    694    693
   695    693    794
   795    796    797
   795    797    697
   795    697    696
   798    699    698
   798    698    697
   798    697    797
   798    797    799
   800    801    802
   800    802    803
   800    803    700
   800    700    699
   800    699    798
   803    804    705
   803    705    704
   803    704    703
   803    703    702
   803    702    701
   803    701    700
   805    806    706
   805    706    705
   805    705    804
   807    808    709
   807    709    708
   807    708    607
   807    607    605
   807    605    606
   807    606    707
   807    707    706
   807    706    806
   809    710    709
   809    709    808
   810    811    812
   810    812    813
   810    813    814
   810    814    711
   810    711    710
   810    710    809
   712    815    816
   712    816    713
   814    817    818
   814    818    815
   814    815    712
   814    712    711
   713    816    819
   713    819    723
   713    723    720
   713    720    717
   713    717    714
   819    816    815
   819    815    818
   819    818    820
   821    724    722
   821    722    723
   821    723    819
   821    819    820
   821    820    822
   823    726    725
   823    725    824
   732    727    726
   732    726    823
   732    823    825
   826    733    731
   826    731    730
   826    730    827
   828    734    733
   828    733    826
   741    738    736
   741    736    735
   741    735    734
   741    734    828
   741    828    742
   743    742    828
   743    828    826
   743    826    827
   743    827    829
   743    829    830
   743    830    831
   745    744    743
   745    743    831
   745    831    832
   745    832    833
   745    833    834
   835    749    746
   835    746    745
   835    745    834
   835    834    836
   837    838    839
   837    839    752
   837    752    751
   837    751    840
   837    840    841
   842    843    839
   842    839    838
   842    838    844
   845    846    847
   845    847    753
   845    753    747
   845    747    752
   845    752    839
   845    839    843
   845    843    848
   849    754    753
   849    753    847
   849    847    850
   849    850    851
   849    851    852
   849    852    853
   854    855    759
   854    759    758
   854    758    757
   854    757    755
   854    755    754
   854    754    849
   854    849    856
   857    760    759
   857    759    855
   857    855    858
   859    860    764
   859    764    763
   859    763    762
   859    762    761
   859    761    760
   859    760    857
   765    764    860
   765    860    861
   861    860    859
   861    859    862
   767    766    765
   767    765    861
   767    861    862
   767    862    863
   767    863    864
   767    864    769
   770    769    864
   770    864    865
   770    865    866
   867    772    771
   867    771    768
   867    768    770
   867    770    866
   867    866    868
   778    775    774
   778    774    869
   778    869    870
   871    779    777
   871    777    776
   673    672    780
   673    780    872
   782    675    671
   782    671    674
   782    674    873
   784    679    678
   784    678    874
   784    874    875
   684    683    785
   684    785    784
   684    784    875
   684    875    786
   789    788    876
   789    876    790
   791    877    792
   791    792    688
   791    688    687
   791    687    587
   791    587    586
   799    797    796
   799    796    878
   879    880    801
   879    801    800
   881    882    802
   881    802    801
   881    801    880
   881    880    883
   802    882    884
   802    884    885
   802    885    886
   802    886    887
   802    887    805
   802    805    804
   802    804    803
   887    888    889
   887    889    890
   887    890    891
   887    891    892
   887    892    893
   887    893    807
   887    807    806
   887    806    805
   893    894    810
   893    810    809
   893    809    808
   893    808    807
   895    896    897
   895    897    811
   895    811    810
   895    810    894
   813    898    817
   813    817    814
   899    898    813
   899    813    812
   899    812    900
   899    900    901
   822    820    818
   822    818    817
   822    817    898
   822    898    899
   822    899    902
   903    904    821
   903    821    822
   903    822    902
   903    902    905
   824    725    724
   824    724    821
   824    821    904
   906    729    728
   829    827    730
   829    730    729
   829    729    906
   829    906    907
   908    830    829
   908    829    907
   908    907    909
   832    831    830
   832    830    908
   750    749    835
   841    840    910
   848    843    842
   911    850    847
   911    847    846
   911    846    912
   852    851    913
   914    915    854
   914    854    856
   914    856    916
   917    918    858
   917    858    855
   917    855    854
   917    854    915
   863    862    859
   863    859    857
   863    857    858
   863    858    918
   863    918    919
   919    918    917
   919    917    920
   865    864    863
   865    863    919
   865    919    920
   865    920    921
   865    921    922
   868    866    865
   868    865    922
   868    922    923
   868    923    924
   925    773    772
   925    772    867
   870    869    926
   872    780    669
   872    669    670
   872    670    779
   872    779    871
   874    678    677
   874    677    676
   874    676    783
   874    783    927
   786    875    874
   786    874    927
   786    927    787
   790    876    928
   790    928    929
   790    929    877
   790    877    791
   929    794    693
   929    693    692
   929    692    793
   929    793    792
   929    792    877
   878    796    795
   930    883    880
   930    880    879
   931    884    882
   931    882    881
   932    933    934
   932    934    886
   932    886    885
   932    885    935
   934    936    937
   934    937    888
   934    888    887
   934    887    886
   892    938    895
   892    895    894
   892    894    893
   891    939    938
   891    938    892
   900    812    811
   900    811    897
   940    901    900
   940    900    897
   940    897    896
   940    896    941
   905    902    899
   905    899    901
   905    901    940
   942    825    823
   942    823    824
   942    824    904
   942    904    903
   909    907    906
   909    906    728
   909    728    732
   909    732    825
   909    825    942
   909    942    943
   944    833    832
   944    832    908
   944    908    909
   944    909    943
   944    943    945
   836    834    833
   836    833    944
   844    838    837
   946    912    846
   946    846    845
   913    851    850
   913    850    911
   913    911    947
   948    853    852
   948    852    913
   948    913    947
   948    947    949
   948    949    950
   948    950    951
   916    856    849
   916    849    853
   916    853    948
   916    948    952
   916    952    953
   954    921    920
   954    920    917
   954    917    915
   954    915    914
   955    956    954
   955    954    914
   955    914    916
   955    916    953
   955    953    957
   922    921    954
   922    954    956
   922    956    958
   922    958    923
   924    923    958
   924    958    959
   926    869    774
   926    774    773
   926    773    925
   926    925    960
   873    674    673
   873    673    872
   873    872    871
   873    871    776
   873    776    778
   873    778    870
   873    870    926
   873    926    960
   873    960    961
   873    961    962
   787    927    783
   787    783    781
   787    781    782
   787    782    873
   787    873    962
   787    962    928
   787    928    876
   787    876    788
   928    962    961
   928    961    963
   928    963    964
   928    964    930
   928    930    879
   928    879    800
   928    800    798
   928    798    799
   928    799    878
   928    878    795
   928    795    696
   928    696    695
   928    695    794
   928    794    929
   964    965    966
   964    966    967
   964    967    968
   964    968    969
   964    969    932
   964    932    935
   964    935    931
   964    931    881
   964    881    883
   964    883    930
   935    885    884
   935    884    931
   969    970    971
   969    971    933
   969    933    932
   971    972    973
   971    973    936
   971    936    934
   971    934    933
   889    888    937
   889    937    974
   974    937    936
   974    936    973
   941    896    895
   941    895    938
   941    938    939
   975    976    977
   975    977    890
   975    890    889
   975    889    974
   975    974    973
   975    973    972
   975    972    978
   945    943    942
   945    942    903
   945    903    905
   945    905    940
   945    940    941
   945    941    939
   945    939    891
   945    891    890
   945    890    977
   910    840    751
   910    751    750
   910    750    835
   910    835    836
   910    836    944
   910    944    945
   910    945    977
   910    977    976
   910    976    979
   910    979    980
   981    982    983
   981    983    946
   981    946    845
   981    845    848
   981    848    842
   981    842    844
   981    844    837
   981    837    841
   981    841    910
   981    910    980
   981    980    984
   981    984    985
   983    949    947
   983    947    911
   983    911    912
   983    912    946
   950    949    983
   950    983    982
   950    982    986
   950    986    987
   988    951    950
   988    950    987
   988    987    989
   957    953    952
   957    952    990
   990    952    948
   990    948    951
   990    951    988
   959    958    956
   959    956    955
   959    955    991
   963    991    955
   963    955    957
   963    957    990
   963    990    988
   963    988    989
   963    989    992
   963    992    981
   963    981    985
   963    985    993
   963    993    994
   963    994    965
   963    965    964
   961    960    925
   961    925    867
   961    867    868
   961    868    924
   961    924    959
   961    959    991
   961    991    963
   966    995    996
   966    996    997
   966    997    998
   966    998    999
   966    999    967
   967    999   1000
   967   1000   1001
   967   1001    968
   968   1001   1002
   968   1002    975
   968    975    978
   968    978    970
   968    970    969
   978    972    971
   978    971    970
  1000   1002   1001
   998   1003   1004
   998   1004    979
   998    979    976
   998    976    975
   998    975   1002
   998   1002   1000
   998   1000    999
   980    979   1004
   980   1004   1005
   980   1005    997
   980    997    996
   980    996   1006
   980   1006   1007
   980   1007    984
   985    984   1007
   985   1007   1008
   985   1008    993
   992    986    982
   992    982    981
   989    987    986
   989    986    992
   993   1008    994
   994   1008   1007
   994   1007   1006
   994   1006    995
   994    995    966
   994    966    965
   997   1005   1003
   997   1003    998
  1004   1003   1005
  1006    996    995
   494    374    373
   494    373    492
