1020 2036
    0.000763     0.059685     2.846967
    0.149950    -0.023523     2.840472
    0.076815     0.049606     2.840472
   -1.362310     1.106218     2.700774
   -1.381700     1.086828     2.700774
   -1.367845     1.070151     2.703786
   -1.134053     0.856478     2.747857
   -0.487635     0.280689     2.841295
   -0.423780     0.216835     2.841295
   -0.357373     0.208031     2.846967
    0.740327    -0.389819     2.803540
    0.911320    -0.560812     2.773152
    1.556909    -1.118731     2.647417
    1.358803    -0.640460     2.647417
    0.251750     0.098418     2.803683
    0.738944    -0.388770     2.803683
   -0.026834     0.785848     2.630156
   -1.501399     1.396629     2.630156
   -0.673568     0.395992     2.829682
   -2.401929     2.550228     2.173589
   -2.146159     1.917068     2.397796
   -1.738966     1.509874     2.572481
   -1.548279     1.456666     2.612579
   -2.070782     2.687396     2.173589
   -1.687565     1.325677     2.611213
   -2.236854     1.698110     2.397796
   -1.916913     1.423039     2.529412
   -0.944255     0.047512     2.703786
   -0.748779     0.126474     2.773003
   -0.747807     0.126421     2.773152
    3.155003    -2.577878     2.164488
    3.397711    -2.860178     2.048356
    3.370126    -2.791892     2.072535
    3.168178    -2.589944     2.159168
    2.650399    -2.096607     2.349461
    2.788629    -2.211505     2.307841
    2.772138    -2.191667     2.313818
    3.378774    -2.771005     2.072535
    3.301696    -0.697545     1.816771
    3.551067    -2.825346     1.988229
    4.082349    -2.825346     1.704247
    4.215623    -2.748245     1.621969
    3.734644    -0.953208     1.621969
    3.179785    -0.578299     1.848156
    2.051338    -1.613165     2.522070
    3.173230    -0.549313     1.838636
    0.034725     2.589187     1.838636
   -2.070782     3.050060     2.016625
   -0.031677     2.858263     1.734087
   -0.695929     3.537343     1.559259
   -1.652655     4.514378     1.174050
   -2.387287     4.711226     1.174050
   -2.387287     4.053589     1.525561
   -0.821753     3.750420     1.463388
   -1.153945     4.157870     1.293177
   -1.647305     4.510955     1.175112
   -2.728085     5.150794     0.890284
   -3.074293     5.058030     0.890284
   -3.047501     4.522681     1.180271
   -2.940649     4.249715     1.341476
   -2.509998     4.923355     1.043085
   -2.714474     5.142331     0.896755
   -2.904863     3.201435     1.801586
   -2.751543     2.899841     1.959600
   -3.545758     4.024423     1.180271
   -3.605152     3.761979     1.266451
   -3.453782     3.559292     1.416723
   -2.880439     2.709906     1.937866
   -2.557701     1.799307     2.240790
   -3.209660     2.699814     1.763336
   -3.360982     2.135060     1.763336
   -3.001414     1.799307     2.003623
   -2.990100     1.637613     1.986511
   -2.511972    -0.146795     1.986511
   -2.467072    -0.129218     2.013023
   -1.073408    -0.081646     2.624728
   -2.653990    -0.336957     1.845519
   -2.481190    -1.100462     1.594807
   -1.153509    -2.428143     1.594807
   -1.082814    -2.714623     1.483494
   -1.076008    -2.721578     1.481705
   -0.904837    -3.011452     1.351276
   -0.830306    -3.102868     1.313092
   -0.823751    -3.109512     1.310479
   -0.791084    -3.139507     1.299123
    2.892290    -4.126467     1.299123
    3.377617    -4.160423     1.350483
    3.397693    -4.138927     1.364845
    3.520207    -3.927132     1.495602
    3.520207    -3.211951     1.877870
    3.421354    -2.898517     2.031250
    4.012381    -3.795254     1.495602
    4.009166    -3.731036     1.530386
    3.872284    -3.381357     1.736902
    3.803169    -3.312241     1.783740
    3.662451    -3.139615     1.883679
    4.102705    -3.637502     1.530386
    3.927568    -3.402995     1.704247
    4.999281    -1.587041     0.822099
    4.592965    -2.712291     1.339246
    5.314791    -2.712291     0.746858
    5.436720    -2.616587     0.631168
    5.499919    -2.546005     0.567778
    5.383291    -1.959683     0.567778
    5.189843    -1.738423     0.690424
    4.449647    -2.748245     1.450994
    4.594987    -1.147443     1.031419
    4.205358    -0.972860     1.281910
    3.466951     0.060753     1.317410
    3.312039     0.160656     1.382929
    3.236333     0.194152     1.422556
    3.583561    -0.042275     1.281910
    0.328625     2.888843     1.532444
    0.952188     2.478297     1.422556
   -0.177971     3.320258     1.463388
   -2.363841     4.976134     0.975914
   -2.095039     4.838768     1.023653
   -2.611416     5.121831     0.896755
   -3.005953     5.300971     0.722154
   -3.017965     5.300071     0.720925
   -3.082840     5.287170     0.720925
   -3.082076     5.283883     0.723747
   -2.735558     5.158757     0.883001
   -2.738564     5.162580     0.879375
   -2.788838     5.207605     0.834219
   -2.892397     5.256686     0.777032
   -3.090498     5.082192     0.869456
   -3.173641     5.349742     0.629336
   -3.453943     5.162449     0.629336
   -3.475015     5.114829     0.654262
   -3.168745     5.348674     0.632563
   -3.569020     5.020825     0.654262
   -3.614414     4.833323     0.727570
   -4.118851     4.078389     0.727570
   -4.128227     4.037127     0.741091
   -3.921764     3.748762     1.037717
   -3.931713     3.608253     1.057954
   -3.403616     2.145754     1.730097
   -4.124750     2.637814     1.057954
   -4.135390     2.495487     1.072453
   -3.832299     2.157014     1.376445
   -3.817960     2.145754     1.390056
   -3.458732     0.339796     1.390056
   -3.449625     0.211186     1.371531
   -2.957129    -0.324301     1.626520
   -2.891419    -0.613447     1.531781
   -2.490751    -1.213087     1.531781
   -2.438354    -1.429487     1.447171
   -2.050133    -2.019142     1.343260
   -1.495429    -2.573852     1.343260
   -1.258906    -2.729570     1.384939
   -1.011945    -2.939886     1.351276
   -0.712092    -3.218458     1.256908
   -0.570194    -3.348964     1.189337
   -0.181239    -3.636745     1.055222
    0.227028    -3.936115     0.916425
    0.410909    -4.030083     0.883771
    0.643788    -4.138927     0.849833
    1.732769    -4.545160     0.766225
    1.760455    -4.556224     0.761668
    2.429986    -4.689397     0.761668
    2.521903    -4.700663     0.767424
    3.344073    -4.762150     0.851181
    3.377617    -4.732113     0.881307
    3.516778    -4.721706     0.867130
    3.942198    -4.637089     0.867130
    3.956859    -4.624266     0.875259
    4.107805    -4.434259     1.006553
    4.115588    -4.398150     1.034914
    4.162468    -4.293529     1.102174
    4.173258    -4.035052     1.288906
    4.225220    -4.251600     1.102174
    4.286038    -4.114157     1.174116
    4.210058    -4.038177     1.268311
    4.180481    -3.689679     1.463346
    4.312228    -4.102568     1.160410
    4.599806    -3.672173     1.160410
    4.747287    -3.606088     1.065594
    4.755989    -3.596629     1.061091
    5.210742    -3.235361     0.746858
    5.516327    -2.542301     0.548501
    5.669545    -2.542301     0.361805
    5.673255    -2.538108     0.356478
    5.695574    -2.504958     0.322881
    5.695168    -2.499936     0.322410
    5.659209    -2.272920     0.322410
    5.618467    -2.228647     0.363510
    5.453313    -2.009927     0.500291
    4.682615    -1.186164     0.952593
    4.596901    -1.125912     1.016466
    5.129752    -1.620490     0.690424
    3.754917    -0.187562     1.213749
    1.028299     2.444396     1.382929
   -1.118337     4.161037     1.268443
   -1.071475     4.121994     1.275534
   -1.299094     4.333532     1.175112
   -1.257874     4.304683     1.184220
   -2.687438     5.179232     0.849219
   -2.703595     5.194102     0.834219
   -3.130799     5.354597     0.632718
   -3.167534     5.348776     0.632718
   -3.044095     5.326654     0.683493
   -3.346912     5.435498     0.430055
   -3.441173     5.387472     0.430055
   -3.439432     5.384741     0.434254
   -3.209762     5.364325     0.593807
   -3.304058     5.414658     0.479601
   -3.528408     5.412219     0.324915
   -3.593968     5.383011     0.290781
   -3.983197     4.993782     0.290781
   -4.159611     4.910329     0.180070
   -4.189815     4.876666     0.172991
   -4.224617     4.852200     0.147058
   -4.584603     4.145697     0.147058
   -4.506583     3.999534     0.324086
   -4.519394     3.849745     0.343184
   -4.647252     3.042491     0.343184
   -4.680659     2.633675     0.381374
   -4.587603     2.495487     0.521429
   -4.570169     2.282135     0.501502
   -4.346356     0.869027     0.501502
   -4.276447     0.793064     0.572019
   -4.095280     0.553142     0.722065
   -3.645966     0.230696     1.155137
   -3.158134    -0.726729     1.155137
   -2.916583    -0.896528     1.335118
   -2.037966    -2.046459     1.329041
   -1.522740    -2.561685     1.329041
   -0.617444    -3.315898     1.199775
    1.848281    -4.593740     0.739123
    2.048230    -4.656748     0.712999
    2.658290    -4.722266     0.767424
    2.704323    -4.727521     0.769911
    3.344073    -4.779805     0.829674
    3.365080    -4.793946     0.808381
    3.433551    -4.812543     0.772511
    3.596110    -4.799260     0.757326
    3.702961    -4.782333     0.757326
    3.812366    -4.772975     0.743375
    3.882894    -4.719719     0.787488
    4.013926    -4.595189     0.875259
    4.021405    -4.587489     0.879774
    4.127863    -4.436042     0.992620
    4.185574    -4.384253     1.004752
    4.221516    -4.308279     1.052437
    4.435261    -4.094534     1.052437
    4.461641    -4.082051     1.035880
    4.760033    -3.749507     0.965960
    5.018266    -3.567988     0.773549
    5.075721    -3.512179     0.739862
    5.217088    -3.234728     0.739862
    5.424601    -3.085810     0.539847
    5.539826    -2.933218     0.444429
    5.621723    -2.844223     0.361805
    5.734271    -2.346485     0.211461
    5.765280    -2.504958     0.192476
    5.766717    -2.502298     0.189130
    5.749343    -2.370354     0.189130
    5.672718    -2.275288     0.299435
    5.733996    -2.346007     0.211795
    5.644352    -2.206811     0.299435
    5.453576    -2.004058     0.495341
    5.223434    -1.694400     0.605288
    4.119346    -0.452093     0.952593
    1.090657     2.437048     1.317410
    1.048244     2.495481     1.275534
   -1.985598     4.843749     0.931354
   -2.086969     4.939125     0.833407
   -2.703679     5.194579     0.833407
   -2.801948     5.279732     0.711633
   -2.818821     5.296999     0.683493
   -3.330045     5.456773     0.394412
   -3.354523     5.453546     0.394412
   -3.353998     5.446138     0.408404
   -3.191910     5.386083     0.560681
   -3.292076     5.440317     0.434540
   -3.541011     5.507052     0.154555
   -3.543307     5.506098     0.154555
   -3.519694     5.453677     0.268665
   -3.726419     5.523490    -0.100869
   -3.728543     5.522482    -0.101871
   -3.967702     5.338970    -0.101871
   -4.118290     5.260962    -0.188313
   -4.141724     5.257670    -0.222131
   -4.271598     5.163391    -0.315199
   -4.565338     4.780586    -0.315199
   -4.590084     4.761065    -0.337685
   -4.610953     4.690440    -0.314722
   -4.586201     4.146436     0.144063
   -4.720495     4.425986    -0.314722
   -4.780127     4.205573    -0.256629
   -4.754683     4.116889    -0.142566
   -4.800304     3.643139    -0.091100
   -4.842174     3.325113    -0.091100
   -4.901997     2.643528    -0.035136
   -4.897726     2.633675    -0.024728
   -4.844214     2.023991    -0.074781
   -4.773268     1.485080    -0.074781
   -4.733766     1.074905    -0.119347
   -4.711578     1.007752    -0.099128
   -4.664895     0.924883    -0.040415
   -4.651016     0.873577    -0.053936
   -4.329059     0.096301    -0.053936
   -4.125895    -0.119621     0.154692
   -4.099246    -0.155479     0.167426
   -3.453949    -0.664550     0.753801
   -2.693653    -1.655387     0.753801
   -2.027027    -2.139282     1.231517
   -1.677968    -2.488341     1.231517
   -1.540406    -2.559604     1.310479
    0.221881    -3.936347     0.912089
    0.251189    -3.963920     0.883771
    2.077158    -4.666309     0.704291
    2.896483    -4.752816     0.769911
    3.507252    -4.844476     0.694611
    3.569145    -4.839049     0.689529
    3.689882    -4.823148     0.689529
    3.789892    -4.813521     0.678662
    3.808006    -4.797823     0.701106
    3.883765    -4.766444     0.701106
    3.901068    -4.750162     0.717824
    3.914547    -4.721157     0.760791
    4.153790    -4.485904     0.879774
    4.231506    -4.378844     0.956494
    4.452736    -4.157613     0.956494
    4.708023    -3.972300     0.773549
    5.364641    -3.284251     0.477323
    5.429653    -3.196777     0.446266
    5.568628    -3.049076     0.303551
    5.655971    -2.838217     0.303551
    5.728420    -2.754609     0.199944
    5.733000    -2.750135     0.192476
    5.776833    -2.501719     0.157817
    5.826259    -2.501719    -0.005123
    5.821160    -2.456474    -0.005123
    5.814146    -2.438211     0.011207
    5.792364    -2.396806     0.067636
    5.774823    -2.502298     0.164229
    5.785075    -2.382044     0.084068
    5.732416    -2.312249     0.177828
    5.783059    -2.376283     0.084068
    5.767468    -2.350791     0.106219
    5.653197    -2.210664     0.279580
    5.548379    -2.043852     0.279580
    5.220243    -1.680062     0.587306
    4.175095    -0.472605     0.860468
    4.300555    -0.579743     0.760887
    0.955820     2.746670     0.860468
   -0.758972     4.193632     0.558486
    0.915048     2.794415     0.822576
   -1.175595     4.569417     0.206075
   -2.208672     5.218544     0.206075
   -2.302748     5.291911     0.111838
   -2.810280     5.315709     0.622537
   -2.408299     5.387896    -0.084253
   -2.491359     5.438694    -0.156434
   -2.831680     5.557779    -0.156434
   -2.873073     5.556574    -0.104329
   -2.871427     5.502603     0.072974
   -3.345010     5.609747    -0.104329
   -3.347956     5.609025    -0.100852
   -3.347956     5.518903     0.196240
   -3.564111     5.584666    -0.100852
   -3.564982     5.556127    -0.007086
   -3.560813     5.550419     0.013277
   -3.691074     5.588370    -0.260667
   -3.723491     5.577026    -0.260667
   -3.715272     5.549077    -0.158312
   -3.844227     5.557159    -0.433759
   -3.878010     5.540304    -0.447262
   -4.003929     5.461180    -0.447262
   -4.082951     5.417396    -0.486066
   -4.088641     5.415201    -0.495210
   -4.210392     5.322616    -0.571446
   -4.426672     5.106336    -0.571446
   -4.461975     5.076192    -0.599467
   -4.531573     4.992917    -0.612600
   -4.546282     4.966370    -0.599568
   -4.591730     4.762204    -0.343488
   -4.632628     4.828951    -0.599568
   -4.660129     4.773846    -0.577542
   -4.667478     4.729209    -0.513550
   -4.713069     4.584304    -0.474030
   -4.790338     4.269368    -0.364679
   -4.788399     4.202865    -0.280964
   -4.720549     4.562934    -0.474030
   -4.767929     4.395795    -0.437159
   -4.863616     3.469927    -0.215582
   -4.920975     2.675217    -0.109482
   -4.914635     2.643528    -0.076815
   -4.869628     3.416564    -0.215582
   -4.926588     2.795274    -0.172567
   -4.886382     2.335295    -0.098156
   -4.848240     1.996800    -0.098156
   -4.740183     1.098237    -0.129618
   -4.734499     1.076897    -0.120796
   -4.830424     1.823165    -0.113645
   -4.787081     1.454483    -0.129618
   -4.700246     0.967791    -0.107943
   -4.648499     0.819904    -0.107943
   -4.642499     0.800836    -0.113144
   -4.365674     0.132522    -0.113144
   -4.350191     0.105504    -0.101382
   -4.330962     0.066968    -0.116782
   -4.309764     0.028760    -0.125478
   -4.108735    -0.312438    -0.166776
   -4.039930    -0.421943    -0.166776
   -4.014993    -0.466951    -0.188874
   -3.869326    -0.686243    -0.240925
   -3.819964    -0.758030    -0.254088
   -3.488566    -1.189916    -0.254088
   -3.350056    -1.355630    -0.227946
   -3.230225    -1.457955    -0.132832
   -2.120638    -2.567542    -0.132832
   -1.610177    -2.955745     0.186798
   -1.488784    -3.002506     0.381905
   -1.128471    -3.202139     0.558832
   -0.062608    -3.871866     0.558832
    0.287113    -4.046396     0.698607
    0.358405    -4.087258     0.667568
    0.501413    -4.132253     0.706569
    1.700722    -4.551912     0.706569
    2.253524    -4.731392     0.575645
    2.718763    -4.779131     0.617151
    3.301750    -4.844822     0.617151
    3.507252    -4.863658     0.631376
    3.634789    -4.889167     0.499910
    3.783349    -4.872431     0.499910
    3.783397    -4.870773     0.505367
    3.797025    -4.829130     0.627810
    3.800324    -4.872926     0.478545
    3.852357    -4.854717     0.478545
    3.863170    -4.844882     0.498639
    3.857701    -4.826285     0.566752
    4.071506    -4.713976     0.498639
    4.070432    -4.712461     0.505409
    4.076838    -4.711924     0.490062
    4.265580    -4.568391     0.371884
    4.951107    -3.882865     0.371884
    5.285691    -3.597142     0.106309
    5.298365    -3.581974     0.103917
    5.459612    -3.403210    -0.047297
    5.724102    -2.982269    -0.047297
    5.722849    -2.981899    -0.042705
    5.733704    -2.750457     0.190186
    5.751538    -2.952107    -0.103345
    5.819585    -2.757639    -0.103345
    5.818655    -2.725831    -0.063306
    5.807967    -2.726159    -0.028188
    5.838361    -2.550949    -0.063306
    5.838385    -2.482067    -0.132427
    5.838385    -2.550949    -0.063544
    5.842977    -2.553884    -0.107210
    5.856361    -2.553884    -0.243090
    5.846997    -2.508334    -0.193597
    5.833524    -2.468116    -0.103207
    5.808145    -2.407661    -0.025038
    5.803964    -2.398560    -0.017332
    5.784646    -2.362421    -0.017332
    5.742215    -2.287873     0.011815
    5.598468    -2.087184     0.128449
    5.710378    -2.237205     0.011815
    4.107012    -0.269840     0.128449
    1.272677     2.571067     0.092734
    4.057800    -0.214055     0.092734
    0.760940     3.022528    -0.234865
   -1.302028     4.715562    -0.234865
   -1.702810     5.014526    -0.546456
   -2.100252     5.264255    -0.546456
   -2.297678     5.376629    -0.623641
   -2.590624     5.533212    -0.623641
   -2.590535     5.531768    -0.607847
   -2.819048     5.576674    -0.336742
   -2.616683     5.544151    -0.657333
   -2.718852     5.577098    -0.679026
   -2.849538     5.616743    -0.679026
   -2.856939     5.618359    -0.672065
   -2.855919     5.615836    -0.647444
   -3.345010     5.615836    -0.158360
   -2.987422     5.632077    -0.680827
   -3.237347     5.656692    -0.680827
   -3.346453     5.656692    -0.571727
   -3.346453     5.618091    -0.179844
   -3.553488     5.636300    -0.571727
   -3.672794     5.623757    -0.563711
   -3.678979     5.622487    -0.556989
   -3.680744     5.618091    -0.514135
   -3.698405     5.599339    -0.365336
   -3.825774     5.577957    -0.556989
   -3.826000     5.574265    -0.516711
   -3.830921     5.575797    -0.563645
   -3.872594     5.556652    -0.598930
   -3.979094     5.499728    -0.598930
   -4.020463     5.476181    -0.615100
   -4.054269     5.454941    -0.615100
   -4.116590     5.408449    -0.663554
   -4.255530     5.294428    -0.663554
   -4.316576     5.240570    -0.702639
   -4.430400     5.126746    -0.702639
   -4.442346     5.113207    -0.711305
   -4.562385     4.966931    -0.711305
   -4.563799     4.965040    -0.709832
   -4.590722     4.922192    -0.709832
   -4.605925     4.895478    -0.699388
   -4.675255     4.757724    -0.650898
   -4.655477     4.802779    -0.699388
   -4.665527     4.780908    -0.680869
   -4.693208     4.702053    -0.639076
   -4.720990     4.610464    -0.639076
   -4.814702     4.053159    -0.364679
   -4.869628     3.530561    -0.329579
   -4.926588     2.831030    -0.208329
   -4.915804     3.061768    -0.329579
   -4.886382     2.323969    -0.109482
   -4.879863     2.261958    -0.113645
   -4.706300     0.983936    -0.120796
   -4.698922     0.961051    -0.115941
   -4.650378     0.822314    -0.115941
   -4.358666     0.118798    -0.116782
   -4.017486    -0.462984    -0.188874
   -3.410427    -1.286258    -0.263780
   -3.360863    -1.347190    -0.268331
   -3.337697    -1.375414    -0.268331
   -3.332968    -1.380776    -0.271761
   -3.267819    -1.449598    -0.291723
   -2.198497    -2.518921    -0.291723
   -2.197513    -2.519785    -0.292356
   -2.192216    -2.524324    -0.294336
   -2.148718    -2.560826    -0.302674
   -1.676936    -2.948003    -0.302674
   -1.475633    -3.111266    -0.282425
   -1.370165    -3.181324    -0.307457
   -0.778177    -3.553291    -0.307457
   -0.591272    -3.659678    -0.234388
    0.139459    -4.050267    -0.234388
    0.290179    -4.127279    -0.194433
    0.507389    -4.227063    -0.010527
    1.096293    -4.433126    -0.010527
    1.104840    -4.435887    -0.012346
    2.201831    -4.768651    -0.012346
    2.311110    -4.792544     0.090444
    2.775043    -4.844822     0.090444
    2.824320    -4.849999     0.087133
    3.573415    -4.923778     0.087133
    3.640479    -4.923778     0.154197
    3.640479    -4.898072     0.415186
    3.766732    -4.911343     0.154197
    3.797252    -4.908134     0.156249
    3.801296    -4.898072     0.254362
    3.810559    -4.888237     0.332418
    3.804916    -4.906458     0.149032
    3.856049    -4.890951     0.149032
    3.856777    -4.879153     0.277588
    3.865192    -4.871250     0.315909
    3.898891    -4.872968     0.093641
    3.923118    -4.861838     0.073129
    3.980150    -4.831355     0.073129
    3.978259    -4.825873     0.146264
    4.060281    -4.777514    -0.050918
    4.315103    -4.587430    -0.249030
    4.354778    -4.556618    -0.267216
    4.578746    -4.372808    -0.267216
    4.949729    -4.045525    -0.504711
    5.098707    -3.896547    -0.504711
    5.649422    -3.238999    -0.619990
    5.286740    -3.683410    -0.641152
    5.629119    -3.266220    -0.641152
    5.649678    -3.238593    -0.619990
    5.661380    -3.218034    -0.611956
    5.764176    -2.961918    -0.227666
    5.795412    -2.928637    -0.379149
    5.745400    -3.060849    -0.611956
    5.771590    -3.003836    -0.563681
    5.803362    -2.928148    -0.465811
    5.827917    -2.763215    -0.182891
    5.842977    -2.749032    -0.302364
    5.826540    -2.851738    -0.465811
    5.835653    -2.810053    -0.426608
    5.848661    -2.746748    -0.357820
    5.858026    -2.651711    -0.357820
    5.858026    -2.568824    -0.274928
    5.850683    -2.651711    -0.432351
    5.850683    -2.572153    -0.352792
    5.854137    -2.567256    -0.312861
    5.848483    -2.573620    -0.373793
    5.839041    -2.659149    -0.543122
    5.840019    -2.625563    -0.500840
    5.843115    -2.508095    -0.235903
    5.842828    -2.509735    -0.244617
    5.838522    -2.513081    -0.286994
    5.611345    -2.151527    -0.286994
    5.602494    -2.141722    -0.295290
    4.254409    -0.528873    -0.549730
    0.594964     3.126183    -0.573582
    4.224355    -0.503208    -0.573582
    0.138743     3.473136    -0.859245
    0.069509     3.530639    -0.852171
   -1.694967     5.005461    -0.573814
   -1.923140     5.131881    -0.685855
   -2.339148     5.393276    -0.685855
   -2.376831     5.412081    -0.700921
   -2.588119     5.525840    -0.691646
   -2.611368     5.539164    -0.681525
   -2.728455     5.576006    -0.713458
   -2.747875     5.582800    -0.713458
   -2.842959     5.609759    -0.734435
   -2.863470     5.609162    -0.760248
   -2.865355     5.609222    -0.761567
   -3.003734     5.623423    -0.773913
   -3.080508     5.632077    -0.773913
   -3.200642     5.643087    -0.782227
   -3.237347     5.650430    -0.744389
   -3.391490     5.636300    -0.733719
   -3.532935     5.620363    -0.733719
   -3.674094     5.605876    -0.721122
   -3.689213     5.606317    -0.702090
   -3.719942     5.597609    -0.695308
   -3.881976     5.540906    -0.695308
   -3.893105     5.537405    -0.692278
   -3.951950     5.503676    -0.717895
   -4.132670     5.389864    -0.719631
   -3.953686     5.502328    -0.719631
   -4.140418     5.382874    -0.726186
   -4.293225     5.255153    -0.750294
   -4.461599     5.082371    -0.774235
   -4.318979     5.224991    -0.774235
   -4.492167     5.042183    -0.799399
   -4.535927     4.989822    -0.791138
   -4.616458     4.858075    -0.806037
   -4.552735     4.959487    -0.806037
   -4.631077     4.828784    -0.817745
   -4.685556     4.678995    -0.801772
   -4.631095     4.828647    -0.817942
   -4.678380     4.693524    -0.817942
   -4.705441     4.625107    -0.762467
   -4.814702     3.637359    -0.780474
   -4.726149     4.423260    -0.780474
   -4.826571     3.507885    -0.789438
   -4.879863     2.321363    -0.173044
   -4.837039     1.941307    -0.173044
   -4.732752     1.078096    -0.144308
   -4.706860     0.986769    -0.124160
   -4.659861     0.852458    -0.124160
   -4.351718     0.106679    -0.122061
   -3.870101    -0.685014    -0.240925
   -3.266531    -1.450767    -0.292356
   -1.962153    -2.709607    -0.347669
   -1.217376    -3.265976    -0.382483
   -1.183480    -3.285748    -0.392575
   -0.721450    -3.576057    -0.392575
   -0.591940    -3.640693    -0.444334
   -0.314829    -3.789892    -0.432178
    0.722911    -4.263439    -0.312455
    1.357801    -4.485594    -0.312455
    1.757109    -4.598792    -0.400543
    1.816550    -4.618892    -0.377586
    2.190892    -4.757033    -0.104538
    2.548975    -4.793779    -0.136477
    3.047930    -4.849999    -0.136477
    3.331590    -4.876004    -0.156117
    3.467476    -4.896450    -0.084390
    3.573415    -4.917641     0.024812
    3.642101    -4.911343     0.029565
    3.747778    -4.899438     0.029565
    3.818348    -4.892197     0.035864
    3.838066    -4.884921     0.021484
    3.878743    -4.864833    -0.023780
    3.944411    -4.841858    -0.023780
    4.018160    -4.796749    -0.087879
    4.031711    -4.788978    -0.093778
    4.148810    -4.697657    -0.211073
    4.218629    -4.648046    -0.249030
    4.497081    -4.428259    -0.387589
    4.717674    -4.235484    -0.509721
    4.930799    -4.057346    -0.543342
    5.013578    -3.960413    -0.620283
    5.168121    -3.790632    -0.703098
    5.305695    -3.653057    -0.703098
    5.420044    -3.502696    -0.797245
    5.461407    -3.450830    -0.809759
    5.580700    -3.308108    -0.787243
    5.689735    -3.138786    -0.769738
    5.581315    -3.306999    -0.787786
    5.675683    -3.156810    -0.787786
    5.692246    -3.134408    -0.767829
    5.721966    -3.085822    -0.725601
    5.787688    -2.921927    -0.660858
    5.760061    -2.976954    -0.725601
    5.780310    -2.935949    -0.679968
    5.807883    -2.869303    -0.613817
    5.824631    -2.720683    -0.613817
    5.835653    -2.675837    -0.560824
    5.838910    -2.659572    -0.544058
    5.791833    -2.720683    -0.721927
    5.800911    -2.659381    -0.669238
    5.802181    -2.658457    -0.664699
    5.759470    -2.678312    -0.804236
    5.753804    -2.731646    -0.843225
    5.750774    -2.708623    -0.843225
    5.801179    -2.636991    -0.643102
    5.729410    -2.605732    -0.804236
    5.698467    -2.572844    -0.836014
    5.675575    -2.562204    -0.869921
    5.590243    -2.494884    -0.947464
    3.998090    -0.419957    -0.947464
    3.908553    -0.354964    -1.011629
    0.293095     3.260495    -1.011629
   -1.700418     4.888750    -0.852171
   -2.017502     5.152888    -0.804206
   -2.077199     5.189390    -0.807307
   -2.701896     5.559461    -0.728649
   -2.743551     5.576716    -0.728649
   -2.990816     5.600317    -0.839688
   -3.080257     5.612091    -0.839688
   -2.920120     5.593512    -0.832006
   -3.200642     5.622660    -0.849571
   -3.339188     5.591675    -0.900250
   -3.255121     5.599053    -0.907151
   -3.658545     5.549632    -0.900250
   -3.689583     5.558537    -0.860331
   -3.728065     5.548123    -0.850185
   -3.979010     5.444182    -0.850185
   -4.002874     5.424571    -0.864452
   -4.046634     5.403749    -0.843815
   -3.988494     5.435259    -0.859346
   -4.334475     5.182883    -0.843815
   -4.340069     5.175177    -0.849332
   -4.461945     5.053301    -0.849332
   -4.566018     4.899832    -0.880854
   -4.490389     4.998393    -0.880854
   -4.592201     4.844798    -0.906811
   -4.630015     4.828331    -0.821908
   -4.635419     4.713004    -0.937951
   -4.590955     4.831701    -0.925080
   -4.602651     4.792127    -0.937951
   -4.637035     4.707051    -0.939520
   -4.608347     4.566423    -1.084561
   -4.645952     4.175918    -1.126986
   -4.666458     4.020135    -1.126986
   -4.614377     4.628089    -1.041081
   -4.801521     3.507885    -0.872015
   -4.688532     3.768653    -1.147634
   -4.728416     2.674925    -0.803627
   -4.593108     1.508091    -0.747371
   -4.717871     1.073229    -0.188051
   -4.642970     2.025930    -0.803627
   -4.660219     0.860140    -0.131890
   -4.360647     0.136906    -0.131890
   -3.821873    -0.749906    -0.263965
   -3.821682    -0.750300    -0.263780
   -3.263757    -1.452783    -0.294336
   -1.901507    -2.741028    -0.382483
   -0.866802    -3.436414    -0.541929
   -0.049272    -3.868365    -0.518536
    0.927710    -4.273042    -0.518536
    1.411886    -4.404037    -0.646138
    1.752654    -4.595983    -0.404712
    2.829479    -4.752249    -0.377586
    3.100960    -4.776077    -0.399875
    3.630798    -4.882117    -0.070982
    3.883127    -4.851437    -0.063181
    3.811298    -4.858355    -0.070982
    3.976774    -4.798688    -0.129522
    4.042579    -4.741662    -0.211073
    4.283563    -4.586947    -0.311776
    4.736748    -4.211311    -0.531688
    4.883513    -4.060215    -0.620283
    5.230788    -3.704297    -0.764966
    5.299599    -3.623134    -0.797245
    5.517048    -3.343411    -0.871418
    5.596154    -3.240323    -0.871418
    5.625487    -3.178675    -0.900489
    5.698652    -2.997842    -0.905242
    5.625063    -3.174220    -0.906704
    5.697757    -2.998718    -0.906704
    5.699290    -2.996834    -0.904300
    5.751013    -2.738087    -0.850036
    5.727680    -2.781174    -0.904300
    5.661822    -2.781174    -1.027512
    5.679017    -2.713705    -0.978729
    5.617071    -2.791522    -1.108687
    5.579149    -2.791522    -1.175047
    5.573531    -2.756046    -1.175047
    5.668764    -2.711910    -0.996175
    5.542504    -2.739984    -1.209747
    5.396920    -2.454249    -1.209747
    5.284969    -2.375555    -1.293165
    4.102783    -1.058061    -1.570162
    3.951348    -0.718128    -1.393175
    0.211658     3.021568    -1.393175
    0.087151     3.284764    -1.227998
   -2.109598     5.198062    -0.819218
   -2.809290     5.554570    -0.819218
   -2.918062     5.581762    -0.851998
   -3.061213     5.505346    -1.025383
   -3.247647     5.534876    -1.025383
   -3.255121     5.535484    -1.026080
   -3.360958     5.464216    -1.133350
   -3.657853     5.539868    -0.918692
   -3.432423     5.400976    -1.224193
   -3.611701     5.372585    -1.224193
   -3.670766     5.404113    -1.152650
   -3.678668     5.421159    -1.120634
   -3.924520     5.274823    -1.152650
   -4.022508     5.248598    -1.116632
   -4.038887     5.253244    -1.096901
   -4.168826     5.195354    -1.029248
   -4.503177     4.889889    -0.994845
   -4.448364     4.915822    -1.029248
   -4.547123     4.840910    -0.984551
   -4.598142     4.693053    -1.021506
   -4.574034     4.740368    -1.021506
   -4.633660     4.127684    -1.161859
   -4.597820     4.546705    -1.108442
   -4.634268     4.107709    -1.165641
   -4.661978     3.768653    -1.197318
   -4.406942     2.952232    -1.473366
   -4.650736     3.751965    -1.214232
   -4.608418     3.643455    -1.266671
   -4.351044     2.790633    -1.526384
   -4.227558     2.010977    -1.526384
   -4.205000     1.747215    -1.492763
   -4.354939     1.466328    -1.152549
   -4.308589     1.280902    -1.096675
   -3.287227    -0.815079    -1.025872
   -3.334518    -0.852350    -0.925169
   -3.338777    -0.622460    -1.096675
   -3.251667    -0.831904    -1.048196
   -1.267870    -2.815696    -1.048196
   -0.969323    -2.948689    -1.203634
   -0.926225    -2.936462    -1.255577
   -0.683237    -3.001492    -1.344888
    0.930585    -3.823776    -1.344888
    1.362089    -4.120044    -1.129282
    1.035027    -3.849882    -1.376362
    1.221664    -3.990814    -1.259645
    2.424528    -4.288317    -1.129282
    2.544275    -4.394268    -0.977065
    3.100960    -4.769134    -0.412854
    3.373692    -4.746845    -0.387380
    4.060293    -4.640626    -0.382954
    4.025616    -4.643596    -0.387380
    4.140036    -4.580416    -0.432822
    4.213643    -4.477840    -0.531688
    4.967855    -3.940230    -0.709683
    5.395644    -3.420107    -0.924668
    5.523025    -3.292732    -0.924668
    5.572487    -3.181687    -0.982481
    5.619636    -3.171775    -0.918513
    5.612126    -3.006740    -1.057692
    5.550831    -3.105349    -1.074487
    5.603186    -3.002601    -1.074487
    5.669355    -2.996708    -0.960335
    5.557505    -2.917024    -1.178136
    5.576996    -2.793956    -1.178136
    5.507142    -2.793956    -1.263254
    5.497974    -2.791886    -1.274025
    5.513512    -2.744177    -1.245891
    5.477045    -2.791886    -1.297561
    5.417885    -2.745447    -1.353691
    5.415702    -2.734455    -1.353691
    5.340103    -2.674400    -1.405927
    5.265603    -2.593398    -1.444499
    5.240576    -2.582179    -1.460591
    4.827335    -2.245269    -1.633218
    4.030930    -1.053373    -1.633218
    3.767353    -0.936740    -1.771185
    0.447554     2.383064    -1.771185
    0.219727     2.897926    -1.501685
   -2.885759     4.972949    -1.501685
   -2.953031     5.123084    -1.405164
   -3.044501     5.207205    -1.361612
   -3.068859     5.452424    -1.091343
   -3.051521     5.207700    -1.362620
   -3.443362     5.285643    -1.362620
   -3.432423     5.334038    -1.305768
   -3.444973     5.284199    -1.364069
   -3.606529     5.336811    -1.268783
   -3.468019     5.254837    -1.391929
   -3.566556     5.235238    -1.391929
   -3.613299     5.268698    -1.343850
   -3.681442     5.253215    -1.321520
   -4.031169     5.115962    -1.233032
   -3.804839     5.170757    -1.321520
   -4.343302     4.922681    -1.121445
   -4.130118     5.017014    -1.233032
   -4.561240     4.596513    -1.121445
   -4.591849     4.547301    -1.115027
   -4.566053     4.575346    -1.128381
   -4.624075     4.092214    -1.180570
   -4.626025     4.082403    -1.180570
   -4.138677     2.308342    -1.692080
   -4.137191     2.288487    -1.690058
   -4.198672     2.480647    -1.652226
   -4.054334     1.871918    -1.690058
   -4.044374     1.731260    -1.669797
   -3.244635     0.436502    -1.832350
   -3.892211     1.565814    -1.748580
   -3.829311     1.477923    -1.769611
   -3.247957     0.451127    -1.837145
   -2.358133    -0.890248    -1.832350
   -2.340848    -0.897894    -1.841398
   -0.969813    -2.268930    -1.841398
    0.047810    -2.936504    -1.852760
   -0.948758    -2.274029    -1.849629
   -0.936812    -2.278598    -1.852760
    1.000082    -3.498151    -1.764022
    0.192566    -2.969403    -1.900189
    0.799416    -3.312993    -1.860275
    0.998286    -3.495890    -1.765579
    1.868697    -3.780116    -1.641258
    1.610619    -3.619591    -1.764022
    1.920897    -3.805769    -1.620066
    2.424528    -4.256753    -1.167740
    2.760501    -4.231631    -1.133511
    4.259497    -4.016311    -1.040359
    3.612738    -4.062112    -1.133511
    4.397363    -3.889515    -1.106009
    4.406954    -3.868109    -1.119769
    5.410161    -3.197785    -1.119769
    5.449615    -3.108624    -1.166446
    5.546095    -3.102319    -1.081776
    5.443102    -3.087516    -1.185365
    5.457166    -3.029429    -1.208077
    5.529931    -2.920525    -1.208077
    5.530725    -2.917048    -1.209210
    5.546709    -2.915462    -1.191592
    5.469232    -2.831167    -1.297561
    5.412535    -2.745447    -1.358081
    5.386500    -2.738916    -1.378384
    5.334378    -2.690247    -1.413210
    5.319186    -2.681462    -1.422586
    5.259072    -2.633723    -1.457167
    5.251795    -2.624043    -1.460591
    4.802141    -2.230394    -1.644556
    3.923303    -1.370749    -1.870802
    3.748147    -1.163052    -1.897839
    3.180984    -0.854163    -2.031077
   -0.016825     2.343646    -2.031077
   -0.417488     2.434322    -2.162639
   -0.511278     2.488150    -2.169212
   -1.399038     3.236834    -2.053646
   -2.704872     4.571815    -1.709967
   -2.881501     4.870934    -1.575387
   -3.180411     4.951024    -1.575387
   -3.369147     5.093006    -1.508598
   -3.395456     5.107696    -1.500838
   -3.406365     5.117328    -1.494713
   -3.465460     5.180616    -1.452420
   -3.468019     5.190827    -1.444463
   -3.564314     5.225599    -1.400202
   -3.525957     5.164405    -1.452420
   -3.565632     5.194036    -1.423003
   -3.705675     5.162341    -1.377018
   -4.123175     4.935182    -1.278833
   -3.870477     4.997546    -1.377018
   -4.487700     4.578620    -1.184989
   -4.504012     4.284046    -1.230736
   -4.584662     3.983066    -1.230736
   -4.014409     2.085800    -1.757736
   -4.008349     1.999257    -1.748580
   -2.824797    -0.031844    -1.911795
   -2.341815    -0.873399    -1.852844
   -2.339602    -0.883186    -1.849629
   -3.157400     0.362544    -1.860460
    0.153773    -2.929740    -1.910400
   -0.936555    -2.278658    -1.852844
    0.059751    -2.850450    -1.922639
    0.879232    -3.317413    -1.872675
    1.231308    -3.411751    -1.872675
    1.505145    -3.506638    -1.839501
    1.350107    -3.420059    -1.885242
    2.743467    -3.748225    -1.533016
    3.361603    -3.582594    -1.533016
    4.421328    -3.523893    -1.368441
    4.829106    -3.107013    -1.475764
    5.059217    -3.054933    -1.400202
    5.439786    -2.824684    -1.322659
    5.327226    -2.786924    -1.400202
    5.354209    -2.780267    -1.389722
    5.375138    -2.781317    -1.378384
    5.441128    -2.824630    -1.321687
    4.800227    -2.235810    -1.646351
    4.749207    -2.214147    -1.664548
    4.044815    -1.664095    -1.870802
    2.718005    -0.666536    -2.147943
    2.626064    -0.609231    -2.162639
   -1.754348     3.384005    -2.053646
   -1.984251     3.575026    -2.012194
   -2.750111     4.555777    -1.725021
   -3.067237     4.819390    -1.629532
   -3.523827     5.158960    -1.455634
   -3.520308     5.055979    -1.500838
   -3.548448     4.986553    -1.518362
   -3.533478     4.949491    -1.531483
   -3.548150     4.684387    -1.572661
   -4.139720     3.256206    -1.572661
   -3.732521     1.751008    -1.860460
   -3.740036     1.849909    -1.870605
    0.992644    -3.277213    -1.910400
    1.243702    -3.296299    -1.936160
    2.857309    -3.403854    -1.700776
    3.679873    -3.063140    -1.700776
    4.825444    -2.999738    -1.522853
    4.937228    -2.887954    -1.522853
    5.197448    -2.782498    -1.457167
    3.550369    -1.427280    -1.991038
    1.968016    -0.444220    -2.243707
   -0.842437     2.366233    -2.243707
   -0.849356     2.393812    -2.240307
   -2.964942     2.594334    -2.012194
   -3.063635     1.849909    -2.075792
   -2.676988     1.496538    -2.148676
   -2.587230     0.819510    -2.090834
    0.859555    -2.627275    -2.090834
    1.243702    -2.817998    -2.081249
    1.098321    -2.658928    -2.111232
    2.299646    -2.678002    -1.991038
    1.098321    -0.444220    -2.329361
   -0.842437     1.496538    -2.329361
     1      2      3
     4      5      6
     4      6      7
     8      9     10
    11     12     13
    11     13     14
    15      3      2
    15      2     16
    17     18      4
    17      4      7
    17      7     19
    17     19      8
    17      8     10
    17     10      1
    17      1      3
    17      3     15
    20     21     22
    20     22     23
    20     23     24
    23     22     25
    23     25      5
    23      5      4
    23      4     18
    26     27     25
    26     25     22
    26     22     21
     7      6     28
     7     28     29
     7     29     19
    19     29     30
    19     30      9
    19      9      8
    16      2      1
    16      1     10
    16     10      9
    16      9     30
    16     30     12
    16     12     11
    31     32     33
    31     33     34
    35     36     37
    34     33     38
    39     37     36
    39     36     31
    39     31     34
    39     34     38
    39     38     40
    39     40     41
    39     41     42
    39     42     43
    44     14     13
    44     13     45
    44     45     35
    44     35     37
    44     37     39
    46     47     17
    46     17     15
    46     15     16
    46     16     11
    46     11     14
    46     14     44
    48     24     23
    48     23     18
    48     18     17
    48     17     47
    48     47     49
    48     49     50
    51     52     53
    51     53     48
    51     48     50
    51     50     54
    51     54     55
    51     55     56
    57     58     59
    57     59     60
    57     60     53
    57     53     52
    57     52     61
    57     61     62
    53     60     63
    53     63     64
    53     64     20
    53     20     24
    53     24     48
    59     65     66
    59     66     67
    59     67     63
    59     63     60
    64     68     69
    64     69     26
    64     26     21
    64     21     20
    70     71     72
    70     72     69
    70     69     68
    69     72     73
    69     73     74
    69     74     75
    69     75     27
    69     27     26
    28      6      5
    28      5     25
    28     25     27
    28     27     75
    28     75     76
    76     75     74
    76     74     77
    76     77     78
    76     78     79
    13     12     30
    13     30     29
    13     29     28
    13     28     76
    13     76     79
    13     79     80
    13     80     81
    13     81     45
    45     81     82
    45     82     83
    45     83     84
    45     84     85
    45     85     86
    45     86     87
    45     87     88
    45     88     89
    45     89     90
    45     90     91
    45     91     32
    45     32     31
    45     31     36
    45     36     35
    89     92     93
    89     93     94
    89     94     95
    89     95     90
    90     95     96
    90     96     91
    94     93     97
    94     97     98
    38     33     32
    38     32     91
    38     91     96
    38     96     40
    40     96     95
    40     95     94
    40     94     98
    40     98     41
    99    100    101
    99    101    102
    99    102    103
    99    103    104
    99    104    105
    43     42    106
    43    106    100
    43    100     99
    43     99    107
    43    107    108
   109    110    111
   109    111     46
   109     46     44
   109     44     39
   109     39     43
   109     43    108
   109    108    112
   113     49     47
   113     47     46
   113     46    111
   113    111    114
    54     50     49
    54     49    113
    54    113    115
   116     61     52
   116     52     51
   116     51    117
   118     62     61
   118     61    116
   119    120    121
   119    121    122
   119    122    123
   119    123    124
   119    124    125
   119    125    126
   123    122    127
   123    127     58
   123     58     57
   128    129    130
   128    130    127
   128    127    122
   128    122    121
   128    121    131
   127    130    132
   127    132    133
   127    133     65
   127     65     59
   127     59     58
   133    134    135
   133    135    136
   133    136     66
   133     66     65
    66    136    137
    66    137    138
    66    138     71
    66     71     70
    66     70     67
   137    139    140
   137    140    141
   137    141    142
   137    142    138
   138    142    143
   138    143     73
   138     73     72
   138     72     71
    74     73    143
    74    143    144
    74    144    145
    74    145     77
    77    145    146
    77    146    147
    77    147     78
    79     78    147
    79    147    148
    79    148    149
    79    149    150
    79    150    151
    79    151     80
    80    151    152
    80    152     82
    80     82     81
    85    153    154
    85    154    155
    85    155    156
    85    156    157
    85    157    158
    85    158    159
    85    159     86
    86    159    160
    86    160    161
    86    161    162
    86    162    163
    86    163    164
    86    164     87
    87    164    165
    87    165    166
    87    166    167
    87    167    168
    87    168    169
    87    169     88
    88    169    170
    88    170    171
    88    171     92
    88     92     89
   170    172    173
   170    173    174
   170    174    171
    97     93     92
    97     92    171
    97    171    174
    97    174    175
   175    174    173
   175    173    176
   175    176    177
    41     98     97
    41     97    175
    41    175    177
    41    177    178
    41    178    179
    41    179    106
    41    106     42
   106    179    180
   106    180    101
   106    101    100
   181    182    183
   181    183    184
   181    184    185
   181    185    186
   181    186    187
   104    103    181
   104    181    187
   104    187    188
   189    190    107
   189    107     99
   189     99    105
   189    105    191
   112    108    107
   112    107    190
   112    190    192
   114    111    110
   114    110    193
   194     55     54
   194     54    115
   194    115    195
   196     56     55
   196     55    194
   196    194    197
   198    124    123
   198    123     57
   198     57     62
   198     62    118
   199    125    124
   199    124    198
   200    201    120
   200    120    119
   200    119    202
   131    121    120
   131    120    201
   203    204    205
   203    205    206
   203    206    207
   206    205    129
   206    129    128
   208    209    210
   208    210    132
   208    132    130
   208    130    129
   208    129    205
   208    205    204
   132    210    211
   132    211    212
   132    212    134
   132    134    133
   212    213    214
   212    214    215
   212    215    135
   212    135    134
   135    215    216
   135    216    139
   135    139    137
   135    137    136
   216    217    218
   216    218    219
   216    219    140
   216    140    139
   140    219    220
   140    220    221
   140    221    222
   140    222    141
   143    142    141
   143    141    222
   143    222    223
   143    223    224
   143    224    144
   144    224    225
   144    225    226
   144    226    146
   144    146    145
   147    146    226
   147    226    148
   149    227    228
   149    228    150
    82    152     83
   229    154    153
   160    230    231
   160    231    161
   162    232    233
   162    233    234
   162    234    163
   163    234    235
   163    235    236
   163    236    237
   163    237    238
   163    238    165
   163    165    164
   165    238    239
   165    239    240
   165    240    166
   167    241    242
   167    242    243
   167    243    168
   168    243    244
   168    244    245
   168    245    172
   168    172    170
   168    170    169
   173    172    245
   173    245    246
   173    246    176
   177    176    246
   177    246    247
   177    247    248
   177    248    178
   178    248    249
   178    249    250
   178    250    251
   178    251    180
   178    180    179
   101    180    251
   101    251    252
   101    252    253
   101    253    102
   102    253    254
   102    254    182
   102    182    181
   102    181    103
   255    185    184
   255    184    256
   255    256    257
   255    257    258
   259    186    185
   259    185    255
   259    255    260
   188    187    186
   188    186    259
   188    259    261
   188    261    262
   191    105    104
   191    104    188
   191    188    262
   191    262    263
   192    190    189
   192    189    264
   265    193    110
   265    110    109
   195    115    113
   195    113    114
   195    114    193
   195    193    265
   195    265    266
   267    117     51
   267     51     56
   267     56    196
   268    269    199
   268    199    198
   268    198    118
   268    118    116
   268    116    117
   268    117    267
   270    126    125
   270    125    199
   270    199    269
   271    202    119
   271    119    126
   271    126    270
   272    273    274
   272    274    203
   272    203    207
   272    207    275
   272    275    276
   275    207    206
   275    206    128
   275    128    131
   275    131    201
   275    201    200
   277    278    279
   277    279    274
   277    274    273
   274    279    208
   274    208    204
   274    204    203
   280    281    282
   280    282    209
   280    209    208
   280    208    279
   280    279    278
   282    283    211
   282    211    210
   282    210    209
   211    283    284
   211    284    285
   211    285    286
   211    286    213
   211    213    212
   286    287    288
   286    288    289
   286    289    214
   286    214    213
   288    290    291
   288    291    292
   288    292    289
   214    289    292
   214    292    293
   214    293    217
   214    217    216
   214    216    215
   293    294    295
   293    295    296
   293    296    218
   293    218    217
   218    296    297
   218    297    298
   218    298    220
   218    220    219
   220    298    299
   220    299    300
   220    300    301
   220    301    221
   222    221    301
   222    301    302
   222    302    303
   222    303    304
   222    304    223
   225    224    223
   225    223    304
   225    304    305
   225    305    306
   148    226    225
   148    225    306
   148    306    307
   148    307    308
   148    308    227
   148    227    149
   228    227    308
   228    308    309
   228    309    310
    83    152    151
    83    151    150
    83    150    228
    83    228    310
    83    310     84
   155    311    156
   156    311    312
   156    312    157
   161    231    313
   161    313    232
   161    232    162
   233    314    235
   233    235    234
   236    315    316
   236    316    317
   236    317    237
   237    317    318
   237    318    319
   237    319    239
   237    239    238
   239    319    320
   239    320    321
   239    321    322
   239    322    240
   166    240    322
   166    322    241
   166    241    167
   242    323    324
   242    324    244
   242    244    243
   246    245    244
   246    244    324
   246    324    325
   246    325    247
   247    325    326
   247    326    249
   247    249    248
   251    250    327
   251    327    328
   251    328    252
   252    328    329
   252    329    330
   252    330    254
   252    254    253
   254    330    331
   254    331    183
   254    183    182
   184    183    331
   184    331    332
   184    332    256
   333    334    335
   333    335    336
   333    336    337
   258    257    338
   258    338    333
   258    333    337
   258    337    339
   340    260    255
   340    255    258
   340    258    339
   340    339    341
   340    341    342
   343    261    259
   343    259    260
   343    260    340
   263    262    261
   263    261    343
   263    343    344
   263    344    345
   346    264    189
   346    189    191
   346    191    263
   346    263    345
   346    345    347
   348    266    265
   348    265    109
   348    109    112
   348    112    192
   348    192    264
   348    264    346
   349    197    194
   349    194    195
   349    195    266
   349    266    348
   349    348    350
   351    352    268
   351    268    267
   351    267    196
   351    196    197
   351    197    349
   353    354    271
   353    271    270
   353    270    269
   353    269    268
   353    268    352
   355    356    357
   355    357    358
   355    358    359
   355    359    354
   355    354    353
   359    276    275
   359    275    200
   359    200    202
   359    202    271
   359    271    354
   358    360    361
   358    361    362
   358    362    272
   358    272    276
   358    276    359
   361    363    364
   361    364    365
   361    365    362
   362    365    277
   362    277    273
   362    273    272
   366    367    368
   366    368    364
   366    364    363
   364    368    280
   364    280    278
   364    278    277
   364    277    365
   369    370    371
   369    371    281
   369    281    280
   369    280    368
   369    368    367
   371    372    284
   371    284    283
   371    283    282
   371    282    281
   373    374    375
   373    375    285
   373    285    284
   373    284    372
   285    375    376
   285    376    377
   285    377    378
   285    378    379
   285    379    287
   285    287    286
   378    380    381
   378    381    382
   378    382    379
   379    382    383
   379    383    290
   379    290    288
   379    288    287
   384    385    291
   384    291    290
   384    290    383
   384    383    386
   384    386    387
   292    291    385
   292    385    388
   292    388    294
   292    294    293
   389    390    295
   389    295    294
   389    294    388
   389    388    391
   389    391    392
   297    296    295
   297    295    390
   297    390    393
   297    393    394
   395    396    299
   395    299    298
   395    298    297
   395    297    394
   395    394    397
   395    397    398
   301    300    399
   301    399    400
   301    400    302
   302    400    401
   302    401    402
   302    402    403
   302    403    303
   304    303    403
   304    403    404
   304    404    405
   304    405    406
   304    406    407
   304    407    305
   306    305    407
   306    407    408
   306    408    409
   306    409    410
   306    410    411
   306    411    412
   306    412    413
   306    413    307
   309    308    307
   309    307    413
   309    413    414
   309    414    415
   309    415    416
    84    310    309
    84    309    416
    84    416    417
    84    417    229
    84    229    153
    84    153     85
   417    418    419
   417    419    312
   417    312    311
   417    311    155
   417    155    154
   417    154    229
   157    312    419
   157    419    420
   157    420    421
   157    421    158
   158    421    422
   158    422    230
   158    230    160
   158    160    159
   313    423    424
   313    424    314
   313    314    233
   313    233    232
   235    314    424
   235    424    425
   235    425    426
   235    426    315
   235    315    236
   426    427    428
   426    428    429
   426    429    316
   426    316    315
   316    429    430
   316    430    318
   316    318    317
   428    431    432
   428    432    433
   428    433    434
   428    434    430
   428    430    429
   318    430    434
   318    434    320
   318    320    319
   320    434    433
   320    433    435
   320    435    436
   320    436    321
   322    321    436
   322    436    323
   322    323    242
   322    242    241
   324    323    436
   324    436    435
   324    435    437
   324    437    438
   324    438    439
   324    439    326
   324    326    325
   249    326    439
   249    439    440
   249    440    441
   249    441    327
   249    327    250
   327    441    442
   327    442    443
   327    443    444
   327    444    329
   327    329    328
   331    330    329
   331    329    444
   331    444    445
   331    445    332
   445    444    443
   445    443    446
   445    446    447
   445    447    448
   445    448    449
   256    332    445
   256    445    449
   256    449    338
   256    338    257
   338    449    448
   338    448    450
   338    450    334
   338    334    333
   451    452    453
   451    453    454
   451    454    455
   456    335    334
   456    334    450
   456    450    452
   456    452    451
   457    336    335
   457    335    456
   339    337    336
   339    336    457
   339    457    458
   339    458    341
   342    341    458
   342    458    459
   342    459    460
   461    344    343
   461    343    340
   461    340    342
   461    342    460
   461    460    462
   347    345    344
   347    344    461
   347    461    463
   464    350    348
   464    348    346
   464    346    347
   464    347    463
   464    463    465
   466    467    351
   466    351    349
   466    349    350
   466    350    464
   468    469    355
   468    355    353
   468    353    352
   468    352    351
   468    351    467
   470    471    472
   470    472    356
   470    356    355
   470    355    469
   472    473    357
   472    357    356
   474    475    476
   474    476    477
   474    477    478
   474    478    473
   474    473    472
   474    472    471
   357    473    478
   357    478    479
   357    479    360
   357    360    358
   477    480    481
   477    481    482
   477    482    483
   477    483    479
   477    479    478
   482    484    485
   482    485    486
   482    486    487
   482    487    483
   479    483    487
   479    487    488
   479    488    366
   479    366    363
   479    363    361
   479    361    360
   487    486    489
   487    489    490
   487    490    488
   488    490    369
   488    369    367
   488    367    366
   489    491    492
   489    492    493
   489    493    370
   489    370    369
   489    369    490
   493    494    495
   493    495    373
   493    373    372
   493    372    371
   493    371    370
   495    496    497
   495    497    374
   495    374    373
   498    499    376
   498    376    375
   498    375    374
   498    374    497
   376    499    500
   376    500    501
   376    501    502
   376    502    377
   377    502    503
   377    503    504
   377    504    380
   377    380    378
   505    381    380
   505    380    504
   505    504    506
   505    506    507
   508    386    383
   508    383    382
   508    382    381
   508    381    505
   387    386    508
   387    508    509
   391    388    385
   391    385    384
   391    384    510
   391    510    511
   512    392    391
   512    391    511
   512    511    513
   514    393    390
   514    390    389
   394    393    514
   394    514    515
   394    515    397
   516    517    399
   516    399    300
   516    300    299
   516    299    396
   401    400    399
   401    399    517
   401    517    518
   403    402    519
   403    519    404
   407    406    520
   407    520    408
   411    521    522
   411    522    523
   411    523    412
   413    412    523
   413    523    524
   413    524    525
   413    525    526
   413    526    414
   414    526    527
   414    527    528
   414    528    529
   414    529    530
   414    530    531
   414    531    415
   416    415    531
   416    531    532
   416    532    533
   416    533    534
   416    534    418
   416    418    417
   534    535    536
   534    536    537
   534    537    420
   534    420    419
   534    419    418
   420    537    538
   420    538    422
   420    422    421
   422    538    539
   422    539    540
   422    540    541
   422    541    423
   422    423    313
   422    313    231
   422    231    230
   541    542    425
   541    425    424
   541    424    423
   425    542    543
   425    543    544
   425    544    545
   425    545    546
   425    546    427
   425    427    426
   545    547    548
   545    548    549
   545    549    546
   546    549    550
   546    550    431
   546    431    428
   546    428    427
   548    551    552
   548    552    553
   548    553    550
   548    550    549
   432    431    550
   432    550    553
   432    553    554
   554    553    552
   554    552    555
   554    555    556
   554    556    557
   554    557    558
   435    433    432
   435    432    554
   435    554    558
   435    558    437
   437    558    557
   437    557    559
   437    559    560
   437    560    561
   437    561    562
   437    562    438
   439    438    562
   439    562    563
   439    563    564
   439    564    440
   565    442    441
   565    441    440
   565    440    564
   565    564    566
   565    566    567
   443    442    565
   443    565    568
   443    568    569
   443    569    570
   443    570    446
   571    570    569
   571    569    572
   571    572    573
   571    573    574
   447    446    570
   447    570    571
   447    571    575
   576    575    571
   576    571    574
   576    574    577
   576    577    578
   576    578    579
   450    448    447
   450    447    575
   450    575    576
   450    576    453
   450    453    452
   454    453    576
   454    576    579
   454    579    580
   454    580    581
   581    580    582
   581    582    583
   581    583    584
   585    583    582
   585    582    586
   585    586    587
   588    455    454
   588    454    581
   588    581    584
   588    584    589
   589    584    583
   589    583    585
   589    585    590
   459    458    457
   459    457    456
   459    456    451
   459    451    455
   459    455    588
   462    460    459
   462    459    588
   462    588    589
   462    589    590
   462    590    591
   465    463    461
   465    461    462
   465    462    591
   465    591    592
   465    592    593
   594    466    464
   594    464    465
   594    465    593
   594    593    595
   594    596    597
   594    597    598
   594    598    468
   594    468    467
   594    467    466
   598    599    600
   598    600    470
   598    470    469
   598    469    468
   600    601    602
   600    602    603
   600    603    474
   600    474    471
   600    471    470
   603    604    605
   603    605    475
   603    475    474
   605    606    476
   605    476    475
   476    606    607
   476    607    608
   476    608    609
   476    609    610
   476    610    480
   476    480    477
   610    611    612
   610    612    481
   610    481    480
   481    612    613
   481    613    484
   481    484    482
   613    614    615
   613    615    616
   613    616    485
   613    485    484
   485    616    617
   485    617    491
   485    491    489
   485    489    486
   617    618    619
   617    619    492
   617    492    491
   492    619    620
   492    620    494
   492    494    493
   621    496    495
   621    495    494
   621    494    620
   621    620    622
   623    624    498
   623    498    497
   623    497    496
   623    496    621
   625    500    499
   625    499    498
   625    498    624
   625    624    626
   627    628    501
   627    501    500
   627    500    625
   629    503    502
   629    502    501
   629    501    628
   629    628    630
   506    504    503
   506    503    629
   506    629    631
   632    507    506
   632    506    631
   632    631    633
   632    633    634
   635    509    508
   635    508    505
   635    505    507
   635    507    632
   636    510    384
   636    384    387
   636    387    509
   636    509    635
   636    635    637
   513    511    510
   513    510    636
   513    636    638
   639    515    514
   639    514    389
   639    389    392
   639    392    512
   398    397    515
   398    515    639
   398    639    640
   641    642    516
   641    516    396
   641    396    395
   518    517    516
   518    516    642
   518    642    643
   404    519    644
   404    644    405
   408    520    645
   408    645    409
   523    522    524
   525    646    527
   525    527    526
   529    647    530
   532    648    649
   532    649    650
   532    650    533
   533    650    651
   533    651    652
   533    652    535
   533    535    534
   536    653    654
   536    654    539
   536    539    538
   536    538    537
   539    654    655
   539    655    656
   539    656    657
   539    657    540
   540    657    658
   540    658    659
   540    659    543
   540    543    542
   540    542    541
   659    660    661
   659    661    662
   659    662    544
   659    544    543
   544    662    663
   544    663    547
   544    547    545
   663    664    665
   663    665    551
   663    551    548
   663    548    547
   552    551    665
   552    665    666
   552    666    555
   555    666    667
   555    667    668
   555    668    556
   557    556    668
   557    668    669
   557    669    670
   557    670    559
   559    670    671
   559    671    672
   559    672    560
   562    561    673
   562    673    674
   562    674    675
   562    675    563
   564    563    675
   564    675    676
   564    676    677
   564    677    678
   564    678    566
   567    566    678
   567    678    679
   567    679    680
   567    680    681
   682    568    565
   682    565    567
   682    567    681
   682    681    683
   682    683    684
   572    569    568
   572    568    682
   572    682    685
   572    685    686
   687    573    572
   687    572    686
   687    686    688
   687    688    689
   690    577    574
   690    574    573
   690    573    687
   578    577    690
   578    690    691
   578    691    692
   582    580    579
   582    579    578
   582    578    692
   582    692    693
   582    693    586
   693    692    691
   693    691    694
   693    694    695
   693    695    696
   697    695    694
   697    694    698
   697    698    699
   587    586    693
   587    693    696
   587    696    700
   700    696    695
   700    695    697
   700    697    701
   591    590    585
   591    585    587
   591    587    700
   591    700    701
   591    701    702
   591    702    592
   593    592    702
   593    702    703
   593    703    704
   593    704    705
   593    705    595
   595    705    706
   595    706    707
   595    707    596
   595    596    594
   597    708    709
   597    709    599
   597    599    598
   709    710    601
   709    601    600
   709    600    599
   602    711    712
   602    712    604
   602    604    603
   712    607    606
   712    606    605
   712    605    604
   713    714    609
   713    609    608
   713    608    715
   609    714    716
   609    716    611
   609    611    610
   717    614    613
   717    613    612
   717    612    611
   717    611    716
   717    716    718
   719    720    615
   719    615    614
   719    614    717
   721    618    617
   721    617    616
   721    616    615
   721    615    720
   722    622    620
   722    620    619
   722    619    618
   722    618    721
   723    724    623
   723    623    621
   723    621    622
   723    622    722
   723    722    725
   726    626    624
   726    624    623
   726    623    724
   727    728    627
   727    627    625
   727    625    626
   727    626    726
   729    630    628
   729    628    627
   729    627    728
   729    728    730
   731    732    633
   731    633    631
   731    631    629
   731    629    630
   731    630    729
   733    732    731
   733    731    734
   733    734    735
   634    633    732
   634    732    733
   634    733    736
   737    738    739
   737    739    637
   737    637    635
   737    635    632
   737    632    634
   737    634    736
   737    736    740
   741    638    636
   741    636    637
   741    637    739
   741    739    742
   743    640    639
   743    639    512
   743    512    513
   743    513    638
   743    638    741
   744    745    641
   744    641    395
   744    395    398
   744    398    640
   744    640    743
   744    743    746
   747    643    642
   747    642    641
   747    641    745
   748    644    519
   748    519    402
   748    402    401
   748    401    518
   748    518    643
   748    643    747
   409    645    749
   409    749    750
   409    750    410
   410    750    521
   410    521    411
   527    646    751
   527    751    528
   531    530    647
   531    647    752
   531    752    648
   531    648    532
   649    753    651
   649    651    650
   652    754    755
   652    755    653
   652    653    536
   652    536    535
   755    756    757
   755    757    655
   755    655    654
   755    654    653
   656    758    658
   656    658    657
   658    758    759
   658    759    660
   658    660    659
   661    760    664
   661    664    663
   661    663    662
   761    667    666
   761    666    665
   761    665    664
   761    664    760
   761    760    762
   763    669    668
   763    668    667
   763    667    761
   671    670    669
   671    669    763
   671    763    764
   560    672    765
   560    765    673
   560    673    561
   675    674    766
   675    766    767
   675    767    676
   678    677    768
   678    768    769
   678    769    679
   681    680    770
   681    770    771
   681    771    683
   684    683    771
   684    771    772
   773    685    682
   773    682    684
   773    684    772
   773    772    774
   773    774    775
   688    686    685
   688    685    773
   688    773    776
   777    689    688
   777    688    776
   777    776    778
   694    691    690
   694    690    687
   694    687    689
   694    689    777
   694    777    698
   699    698    777
   699    777    778
   699    778    779
   699    779    780
   780    779    781
   780    781    782
   780    782    783
   780    783    784
   702    701    697
   702    697    699
   702    699    780
   702    780    784
   702    784    703
   703    784    783
   703    783    785
   703    785    786
   703    786    704
   705    704    786
   705    786    787
   705    787    788
   705    788    789
   705    789    706
   706    789    790
   706    790    791
   706    791    707
   707    791    708
   707    708    597
   707    597    596
   792    793    711
   792    711    602
   792    602    601
   792    601    710
   794    715    608
   794    608    607
   794    607    712
   794    712    711
   794    711    793
   795    796    713
   795    713    715
   795    715    794
   797    718    716
   797    716    714
   797    714    713
   797    713    796
   798    799    719
   798    719    717
   798    717    718
   798    718    797
   800    801    802
   800    802    803
   800    803    799
   800    799    798
   803    725    722
   803    722    721
   803    721    720
   803    720    719
   803    719    799
   802    804    805
   802    805    806
   802    806    723
   802    723    725
   802    725    803
   806    807    727
   806    727    726
   806    726    724
   806    724    723
   808    730    728
   808    728    727
   808    727    807
   808    807    809
   810    734    731
   810    731    729
   810    729    730
   810    730    808
   811    735    734
   811    734    810
   811    810    812
   740    736    733
   740    733    735
   740    735    811
   813    738    737
   813    737    814
   742    739    738
   742    738    813
   742    813    815
   742    815    816
   817    746    743
   817    743    741
   817    741    742
   817    742    816
   817    816    818
   817    818    819
   820    821    822
   820    822    823
   820    823    744
   820    744    746
   820    746    817
   823    824    748
   823    748    747
   823    747    745
   823    745    744
   825    826    749
   825    749    645
   825    645    520
   825    520    406
   825    406    405
   825    405    644
   825    644    748
   825    748    824
   825    824    827
   524    522    521
   524    521    750
   524    750    749
   524    749    826
   524    826    751
   524    751    646
   524    646    525
   528    751    826
   528    826    825
   528    825    828
   528    828    829
   528    829    752
   528    752    647
   528    647    529
   752    829    830
   752    830    753
   752    753    649
   752    649    648
   651    753    830
   651    830    831
   651    831    832
   651    832    833
   651    833    754
   651    754    652
   834    756    755
   834    755    754
   834    754    833
   834    833    835
   834    835    836
   837    838    757
   837    757    756
   837    756    834
   655    757    838
   655    838    839
   655    839    759
   655    759    758
   655    758    656
   762    760    661
   762    661    660
   762    660    759
   762    759    839
   762    839    840
   841    764    763
   841    763    761
   841    761    762
   841    762    840
   841    840    842
   843    765    672
   843    672    671
   843    671    764
   843    764    841
   766    674    673
   766    673    765
   766    765    843
   766    843    844
   768    677    676
   768    676    767
   768    767    845
   770    680    679
   770    679    769
   770    769    846
   770    846    847
   772    771    770
   772    770    847
   772    847    848
   772    848    849
   772    849    774
   850    849    848
   850    848    851
   850    851    852
   775    774    849
   775    849    850
   775    850    853
   781    853    850
   781    850    852
   781    852    854
   781    854    855
   781    855    782
   778    776    773
   778    773    775
   778    775    853
   778    853    781
   778    781    779
   783    782    855
   783    855    856
   783    856    857
   783    857    858
   783    858    785
   858    857    859
   858    859    860
   858    860    861
   786    785    858
   786    858    861
   786    861    862
   786    862    863
   786    863    787
   787    863    864
   787    864    865
   787    865    866
   787    866    788
   788    866    867
   788    867    868
   788    868    869
   788    869    790
   788    790    789
   790    869    870
   790    870    871
   790    871    792
   790    792    710
   790    710    709
   790    709    708
   790    708    791
   871    872    873
   871    873    795
   871    795    794
   871    794    793
   871    793    792
   874    875    876
   874    876    873
   874    873    872
   873    876    800
   873    800    798
   873    798    797
   873    797    796
   873    796    795
   877    878    801
   877    801    800
   877    800    876
   877    876    875
   879    880    881
   879    881    878
   879    878    877
   881    882    804
   881    804    802
   881    802    801
   881    801    878
   883    805    804
   883    804    882
   883    882    884
   885    809    807
   885    807    806
   885    806    805
   885    805    883
   885    883    886
   887    812    810
   887    810    808
   887    808    809
   887    809    885
   888    814    737
   888    737    740
   888    740    811
   888    811    812
   888    812    887
   888    887    889
   890    891    815
   890    815    813
   890    813    814
   890    814    888
   816    815    891
   816    891    818
   892    893    821
   892    821    820
   892    820    894
   895    896    822
   895    822    821
   895    821    893
   897    827    824
   897    824    823
   897    823    822
   897    822    896
   897    896    898
   897    898    899
   897    899    900
   901    828    825
   901    825    827
   901    827    897
   902    903    831
   902    831    830
   902    830    829
   902    829    828
   902    828    901
   904    832    831
   904    831    903
   904    903    905
   904    905    906
   907    835    833
   907    833    832
   907    832    904
   907    904    908
   907    908    909
   907    909    910
   911    836    835
   911    835    907
   911    907    912
   913    914    837
   913    837    834
   913    834    836
   913    836    911
   842    840    839
   842    839    838
   842    838    837
   842    837    914
   842    914    915
   916    844    843
   916    843    841
   916    841    842
   916    842    915
   916    915    917
   845    767    766
   845    766    844
   845    844    916
   845    916    918
   846    769    768
   846    768    845
   846    845    918
   846    918    919
   846    919    920
   848    847    846
   848    846    920
   848    920    921
   848    921    922
   848    922    851
   922    921    923
   922    923    924
   922    924    925
   852    851    922
   852    922    925
   852    925    926
   852    926    927
   852    927    854
   856    927    926
   856    926    928
   856    928    859
   856    859    857
   855    854    927
   855    927    856
   861    860    929
   861    929    930
   861    930    931
   861    931    862
   862    931    932
   862    932    933
   862    933    934
   862    934    864
   862    864    863
   865    935    936
   865    936    937
   865    937    867
   865    867    866
   867    937    938
   867    938    939
   867    939    868
   868    939    940
   868    940    941
   868    941    942
   868    942    943
   868    943    944
   868    944    870
   868    870    869
   870    944    945
   870    945    946
   870    946    874
   870    874    872
   870    872    871
   946    947    948
   946    948    949
   946    949    950
   946    950    879
   946    879    877
   946    877    875
   946    875    874
   950    951    880
   950    880    879
   949    952    953
   949    953    951
   949    951    950
   954    884    882
   954    882    881
   954    881    880
   954    880    951
   954    951    953
   955    886    883
   955    883    884
   955    884    954
   955    954    956
   957    889    887
   957    887    885
   957    885    886
   957    886    955
   958    959    890
   958    890    888
   958    888    889
   958    889    957
   819    818    891
   819    891    890
   819    890    959
   960    961    895
   960    895    893
   960    893    892
   898    896    895
   898    895    961
   962    963    964
   962    964    902
   962    902    901
   962    901    897
   962    897    900
   962    900    965
   964    905    903
   964    903    902
   966    908    904
   966    904    906
   966    906    967
   966    967    968
   910    909    969
   910    969    970
   971    912    907
   971    907    910
   971    910    970
   971    970    972
   917    915    914
   917    914    913
   917    913    973
   919    918    916
   919    916    917
   919    917    973
   919    973    974
   919    974    975
   923    921    920
   923    920    919
   923    919    975
   923    975    976
   923    976    977
   978    924    923
   978    923    977
   978    977    979
   978    979    980
   978    980    981
   926    925    924
   926    924    978
   926    978    982
   926    982    928
   929    982    978
   929    978    981
   929    981    930
   859    928    982
   859    982    929
   859    929    860
   864    934    983
   864    983    935
   864    935    865
   983    984    985
   983    985    936
   983    936    935
   938    986    987
   938    987    940
   938    940    939
   942    988    989
   942    989    990
   942    990    943
   943    990    991
   943    991    945
   943    945    944
   948    992    952
   948    952    949
   993    992    948
   993    948    947
   994    956    954
   994    954    953
   994    953    952
   994    952    992
   994    992    993
   995    996    997
   995    997    958
   995    958    957
   995    957    955
   995    955    956
   995    956    994
   997    894    820
   997    820    817
   997    817    819
   997    819    959
   997    959    958
   998    899    898
   998    898    961
   998    961    960
   998    960    999
   965    900    899
   965    899    998
   906    905    964
   906    964    963
   906    963    967
  1000    969    909
  1000    909    908
  1000    908    966
   972    970    969
   972    969   1000
   972   1000   1001
   974    973    913
   974    913    911
   974    911    912
   974    912    971
   974    971   1002
   976    975    974
   976    974   1002
   976   1002   1003
   976   1003   1004
   979    977    976
   979    976   1004
   979   1004   1005
   979   1005   1006
   932    980    979
   932    979   1006
   932   1006    933
   930    981    980
   930    980    932
   930    932    931
   936    985   1007
   936   1007    986
   936    986    938
   936    938    937
   940    987   1008
   940   1008   1009
   940   1009   1010
   940   1010    941
   941   1010    988
   941    988    942
   945    991    995
   945    995    994
   945    994    993
   945    993    947
   945    947    946
   989   1011    996
   989    996    995
   989    995    991
   989    991    990
  1012    999    960
  1012    960    892
  1012    892    894
  1012    894    997
  1012    997    996
  1012    996   1011
  1013   1014    962
  1013    962    965
  1013    965    998
  1013    998    999
  1013    999   1012
   968    967    963
   968    963    962
   968    962   1014
   968   1014   1015
  1016   1001   1000
  1016   1000    966
  1016    966    968
  1016    968   1015
  1016   1015   1017
  1003   1002    971
  1003    971    972
  1003    972   1001
  1003   1001   1016
  1003   1016   1018
  1005   1004   1003
  1005   1003   1018
  1005   1018   1007
  1005   1007    985
  1005    985    984
   933   1006   1005
   933   1005    984
   933    984    983
   933    983    934
  1008   1019   1020
  1008   1020   1009
  1009   1020   1013
  1009   1013   1012
  1009   1012   1011
  1009   1011    989
  1009    989    988
  1009    988   1010
  1017   1015   1014
  1017   1014   1013
  1017   1013   1020
  1017   1020   1019
  1007   1018   1016
  1007   1016   1017
  1007   1017   1019
  1007   1019   1008
  1007   1008    987
  1007    987    986
    63     67     70
    63     70     68
    63     68     64
