1022 2040
    0.054275     0.042407     0.619615
    0.065753     0.042407     0.618484
    0.073092     0.044247     0.617580
    0.146062     0.110938     0.603824
    0.127177     0.129824     0.603824
    0.054275     0.050058     0.618861
   -0.055578    -0.049424     0.617840
   -0.058202    -0.069212     0.619530
   -0.056262    -0.068130     0.619615
    0.042319     0.048473     0.617840
   -0.129476    -0.135505     0.606239
   -0.124495    -0.140486     0.606239
   -0.071587    -0.082598     0.617151
   -0.043029    -0.066376     0.618484
    0.230876     0.157268     0.582262
    0.303773     0.188215     0.556261
    0.308078     0.191917     0.554490
    0.286750     0.243406     0.554490
    0.280166     0.240747     0.556821
    0.244108     0.204689     0.572290
    0.211973     0.142506     0.587797
    0.150526     0.178575     0.591970
    0.179660     0.282378     0.556821
    0.150526     0.213755     0.581298
   -0.032188     0.138072     0.581298
   -0.057240     0.076255     0.596903
   -0.074026     0.059469     0.596903
   -0.076002     0.023769     0.602447
   -0.144026    -0.140456     0.602447
   -0.139813    -0.140456     0.603726
   -0.147051    -0.141740     0.601369
   -0.162245    -0.154803     0.595118
   -0.154419    -0.173696     0.595118
   -0.147025    -0.166301     0.598290
   -0.138714    -0.163983     0.600038
   -0.131043    -0.154159     0.602914
   -0.164013    -0.197446     0.586708
   -0.154580    -0.201353     0.586708
   -0.021468    -0.108771     0.602914
   -0.008223    -0.076088     0.611164
    0.081605     0.013739     0.611164
    0.174175     0.051254     0.587797
    0.390656     0.200624     0.511598
    0.383983     0.225529     0.511598
    0.351343     0.244803     0.526283
    0.335685     0.200624     0.540981
    0.348071     0.248004     0.527125
    0.347296     0.248195     0.527427
    0.289568     0.246224     0.552765
    0.291539     0.303952     0.527427
    0.287937     0.318547     0.521756
    0.266388     0.340577     0.516085
    0.179660     0.309839     0.544936
    0.243833     0.378773     0.498899
    0.226363     0.400201     0.489947
    0.176077     0.413675     0.489947
    0.176077     0.321200     0.539376
    0.149893     0.458939     0.462003
    0.113665     0.497736     0.436077
   -0.040801     0.456347     0.436077
   -0.037832     0.397015     0.468216
   -0.040639     0.385641     0.472636
   -0.280661     0.145619     0.472636
   -0.220044     0.064453     0.532813
   -0.220055     0.064239     0.532846
   -0.270819    -0.125216     0.532846
   -0.262409    -0.133070     0.538467
   -0.221344    -0.156825     0.563818
   -0.168655    -0.156825     0.591982
   -0.204534    -0.219563     0.563818
   -0.188693    -0.213362     0.573173
   -0.179620    -0.213053     0.577156
   -0.213672    -0.231799     0.554746
   -0.186636    -0.258835     0.554746
   -0.180661    -0.243572     0.563760
   -0.157367    -0.235316     0.571509
   -0.154580    -0.226479     0.575834
   -0.188619    -0.298454     0.533285
   -0.157367    -0.306828     0.533285
   -0.129006    -0.355855     0.503018
   -0.006836    -0.323120     0.503018
   -0.008249    -0.294891     0.518309
   -0.015770    -0.275676     0.529656
    0.332493     0.045850     0.518309
    0.333100     0.046000     0.518073
    0.348751     0.061310     0.514043
    0.383943     0.082091     0.498210
    0.412342     0.188079     0.498210
    0.463920     0.175306     0.458025
    0.420760     0.209593     0.487848
    0.412991     0.188079     0.497735
    0.463901     0.175306     0.458039
    0.417655     0.212970     0.489455
    0.390205     0.225269     0.507103
    0.364785     0.263312     0.507103
    0.349929     0.269886     0.514879
    0.300225     0.319590     0.514879
    0.286715     0.350120     0.498899
    0.215915     0.423518     0.474957
    0.169646     0.466072     0.452925
    0.152030     0.488247     0.437602
    0.123832     0.512900     0.421973
    0.109127     0.515825     0.421973
    0.100955     0.524530     0.414013
    0.086517     0.542924     0.396560
    0.035725     0.588405     0.350943
    0.024522     0.595984     0.342895
   -0.007584     0.611202     0.325165
   -0.048843     0.602995     0.325165
   -0.042655     0.576387     0.348012
   -0.047265     0.465981     0.427773
   -0.077977     0.623854     0.295196
   -0.090036     0.621114     0.291245
   -0.283206     0.492041     0.291245
   -0.285779     0.486227     0.294288
   -0.308362     0.463644     0.294288
   -0.281409     0.146122     0.471990
   -0.311326     0.462332     0.292737
   -0.477989     0.212903     0.292737
   -0.432265     0.149041     0.358429
   -0.398659     0.141226     0.387285
   -0.305599    -0.116491     0.505728
   -0.467079    -0.025981     0.358429
   -0.422908    -0.075310     0.402732
   -0.370442    -0.116491     0.452512
   -0.345930    -0.239724     0.452512
   -0.323922    -0.244466     0.469800
   -0.300682    -0.239063     0.489754
   -0.228961    -0.242057     0.541568
   -0.264300    -0.333696     0.469800
   -0.234184    -0.303580     0.507136
   -0.189514    -0.299788     0.532135
   -0.270108    -0.352504     0.452938
   -0.184937    -0.409413     0.452938
   -0.183316    -0.413031     0.450613
   -0.129006    -0.393420     0.475573
   -0.168178    -0.483280     0.395431
   -0.148473    -0.508084     0.378292
   -0.111430    -0.515453     0.378292
   -0.111430    -0.463474     0.420950
   -0.044231    -0.601066     0.297062
   -0.039688    -0.605134     0.292981
    0.014599    -0.594336     0.292981
    0.016819    -0.584034     0.301074
   -0.002030    -0.502978     0.370671
    0.004758    -0.340402     0.488122
    0.242521    -0.433224     0.301074
    0.273500    -0.363213     0.337720
    0.351175    -0.285539     0.337720
    0.358628    -0.254755     0.349754
    0.555949     0.040556     0.349755
    0.558714     0.052718     0.353739
    0.542021     0.076033     0.377723
    0.495874     0.086764     0.417347
    0.548397     0.108087     0.377723
    0.535982     0.121952     0.390175
    0.473522     0.170978     0.449437
    0.572673     0.102602     0.349201
    0.556873     0.119770     0.365139
    0.538388     0.129342     0.385817
    0.481470     0.170188     0.440677
    0.471936     0.188899     0.440677
    0.418834     0.226228     0.480245
    0.389609     0.258797     0.487092
    0.382511     0.262154     0.491547
    0.286168     0.358497     0.491547
    0.284084     0.362904     0.488781
    0.216477     0.423568     0.474567
    0.181605     0.473176     0.437602
    0.113766     0.526928     0.408452
    0.090754     0.544304     0.394061
    0.057446     0.574957     0.363139
   -0.011863     0.614628     0.320356
   -0.014244     0.616734     0.317330
   -0.048206     0.639604     0.282908
   -0.061833     0.643995     0.274928
   -0.077620     0.641495     0.274928
   -0.076793     0.635771     0.282062
   -0.113540     0.660668     0.231422
   -0.127076     0.667250     0.215775
   -0.150909     0.661293     0.208593
   -0.209008     0.631690     0.208593
   -0.246341     0.621699     0.194871
   -0.276507     0.594630     0.201213
   -0.313383     0.578203     0.182014
   -0.437493     0.454094     0.182014
   -0.459883     0.443502     0.167962
   -0.501104     0.397564     0.158304
   -0.485019     0.216634     0.283998
   -0.503420     0.395936     0.156578
   -0.568621     0.267972     0.156578
   -0.574413     0.244798     0.163561
   -0.556124     0.210536     0.205059
   -0.552165     0.209964     0.209994
   -0.475989    -0.023968     0.347961
   -0.570797     0.117888     0.205059
   -0.575148     0.064657     0.210032
   -0.570698     0.048274     0.218616
   -0.522051    -0.023968     0.291834
   -0.521699    -0.028273     0.291432
   -0.493182    -0.208320     0.291432
   -0.473268    -0.229960     0.311523
   -0.468592    -0.236151     0.315394
   -0.359601    -0.246980     0.435519
   -0.466742    -0.243555     0.313163
   -0.396178    -0.382044     0.313163
   -0.370127    -0.365395     0.353254
   -0.288339    -0.370735     0.425031
   -0.401027    -0.399134     0.292566
   -0.290699    -0.509461     0.292566
   -0.280340    -0.493252     0.317511
   -0.289298    -0.537403     0.260957
   -0.288185    -0.538985     0.259778
   -0.137790    -0.615615     0.259778
   -0.128531    -0.628517     0.247343
   -0.116791    -0.651190     0.221981
   -0.097127    -0.669287     0.203725
   -0.030618    -0.679821     0.203725
   -0.030618    -0.645272     0.245824
   -0.013981    -0.694542     0.182577
    0.023099    -0.688669     0.182577
    0.026181    -0.685832     0.185438
    0.026596    -0.685032     0.186333
    0.023391    -0.662859     0.213970
    0.027739    -0.619093     0.262206
    0.116010    -0.639474     0.186334
    0.124301    -0.627678     0.195123
    0.223484    -0.538682     0.215976
    0.237581    -0.508880     0.234679
    0.436949    -0.309512     0.234679
    0.450518    -0.279052     0.250537
    0.564893    -0.151587     0.223738
    0.571002    -0.128760     0.232128
    0.643264     0.013064     0.232128
    0.644002     0.016015     0.233018
    0.625666     0.050364     0.274621
    0.588738     0.055701     0.320649
    0.573709     0.101854     0.347869
    0.625731     0.050771     0.274621
    0.621821     0.056577     0.280506
    0.592517     0.089696     0.322605
    0.649527     0.045268     0.231457
    0.654103     0.045268     0.222897
    0.625952     0.072790     0.268784
    0.614668     0.085811     0.284921
    0.603776     0.112106     0.284921
    0.587450     0.129458     0.301687
    0.557939     0.143174     0.345401
    0.510163     0.180864     0.388815
    0.424873     0.292017     0.388815
    0.382029     0.323116     0.419517
    0.355706     0.349440     0.419517
    0.343150     0.355944     0.426724
    0.179920     0.481194     0.426724
    0.171444     0.491939     0.416961
    0.123754     0.527382     0.400028
    0.085575     0.563305     0.363139
    0.012854     0.606095     0.328436
   -0.008591     0.618175     0.313242
   -0.041025     0.638659     0.282908
   -0.075264     0.650916     0.259096
   -0.081802     0.654456     0.250863
   -0.115282     0.668962     0.215478
   -0.127087     0.667407     0.215478
   -0.170079     0.679743     0.160180
   -0.173211     0.680575     0.156274
   -0.176790     0.679607     0.155330
   -0.214066     0.664167     0.155330
   -0.238960     0.656810     0.147234
   -0.242959     0.657190     0.141657
   -0.273818     0.642508     0.127102
   -0.365649     0.572044     0.127102
   -0.396523     0.556051     0.109380
   -0.453313     0.499261     0.109380
   -0.462104     0.492880     0.103080
   -0.542089     0.388641     0.103080
   -0.542530     0.387715     0.103517
   -0.564451     0.358220     0.093044
   -0.571623     0.333947     0.100937
   -0.588742     0.292617     0.100937
   -0.596571     0.263683     0.108563
   -0.590351     0.242003     0.136448
   -0.593662     0.207618     0.140183
   -0.596076     0.189281     0.140183
   -0.599320     0.152318     0.143218
   -0.596750     0.135237     0.152234
   -0.590492     0.100070     0.172602
   -0.569400     0.033482     0.217401
   -0.547790    -0.130665     0.217401
   -0.545858    -0.150722     0.215222
   -0.543766    -0.160387     0.216203
   -0.542706    -0.163596     0.217169
   -0.520182    -0.203585     0.245501
   -0.501529    -0.272529     0.227331
   -0.471373    -0.345332     0.227331
   -0.458138    -0.390121     0.212766
   -0.404023    -0.401496     0.286184
   -0.458831    -0.397418     0.202586
   -0.434336    -0.448903     0.178304
   -0.391923    -0.504177     0.178304
   -0.380264    -0.526683     0.165385
   -0.378697    -0.537841     0.149282
   -0.355998    -0.569112     0.126873
   -0.267594    -0.636946     0.126873
   -0.256805    -0.650622     0.114446
   -0.248007    -0.657161     0.111322
   -0.239963    -0.664730     0.103549
   -0.114138    -0.716848     0.103549
   -0.096726    -0.721559     0.108138
   -0.089623    -0.719521     0.117274
   -0.089247    -0.714222     0.127280
   -0.013981    -0.695044     0.181699
   -0.034314    -0.726803     0.117274
   -0.033627    -0.726863     0.117330
   -0.023986    -0.722686     0.127519
   -0.013107    -0.716795     0.141220
   -0.013107    -0.698823     0.174842
    0.005659    -0.714324     0.141220
    0.016855    -0.707254     0.151691
    0.017478    -0.706617     0.152729
    0.020395    -0.704088     0.156344
    0.055650    -0.689486     0.156344
    0.057994    -0.687280     0.158609
    0.114842    -0.645030     0.178794
    0.118274    -0.643398     0.177176
    0.253163    -0.539893     0.177176
    0.256902    -0.534743     0.180866
    0.430913    -0.360731     0.180866
    0.436308    -0.356815     0.177000
    0.595454    -0.149413     0.177000
    0.597701    -0.144690     0.179227
    0.647400    -0.077819     0.155483
    0.649203    -0.075902     0.153631
    0.681000     0.000862     0.153631
    0.676434     0.016775     0.174099
    0.656426     0.018193     0.211881
    0.676489     0.017186     0.174099
    0.664991     0.038421     0.200839
    0.693133     0.015626     0.122321
    0.708024     0.015626     0.073232
    0.707211     0.022846     0.073232
    0.701988     0.032772     0.086763
    0.690078     0.033136     0.125886
    0.687717     0.017186     0.139595
    0.668720     0.040124     0.188692
    0.690323     0.066106     0.086763
    0.671961     0.086298     0.124275
    0.666628     0.084730     0.143807
    0.609448     0.185787     0.124275
    0.593313     0.203676     0.139407
    0.566997     0.221335     0.186452
    0.529165     0.253643     0.216482
    0.397537     0.385271     0.216482
    0.327594     0.438462     0.260276
    0.322183     0.440546     0.268973
    0.268367     0.470363     0.295399
    0.095808     0.578790     0.295399
    0.074116     0.589615     0.304069
    0.048258     0.604435     0.292811
    0.030944     0.615026     0.277764
   -0.041597     0.640408     0.277764
   -0.072756     0.655795     0.243088
   -0.074863     0.656903     0.240216
   -0.112955     0.671524     0.206166
   -0.116084     0.671877     0.206166
   -0.116084     0.671748     0.206591
   -0.155297     0.681517     0.159824
   -0.172033     0.684864     0.142571
   -0.173085     0.684746     0.142571
   -0.214482     0.685953     0.090461
   -0.234927     0.678798     0.090461
   -0.234371     0.676907     0.097390
   -0.260846     0.674534     0.053303
   -0.262788     0.673565     0.052527
   -0.333278     0.629273     0.052527
   -0.356937     0.616164     0.040909
   -0.382163     0.595079     0.044889
   -0.383692     0.593917     0.043931
   -0.492848     0.484761     0.043931
   -0.496219     0.480327     0.046707
   -0.521808     0.449713     0.041878
   -0.532984     0.429541     0.051783
   -0.569688     0.371127     0.051783
   -0.577959     0.354554     0.058407
   -0.578352     0.352164     0.061833
   -0.587281     0.323789     0.069572
   -0.595880     0.299215     0.069572
   -0.599976     0.284766     0.072759
   -0.599334     0.262779     0.100436
   -0.602455     0.232367     0.103149
   -0.604604     0.213300     0.103149
   -0.606776     0.189598     0.104790
   -0.579913     0.006175     0.172602
   -0.576065    -0.011530     0.178711
   -0.513463    -0.266751     0.194413
   -0.499995    -0.305242     0.194413
   -0.472923    -0.391280     0.170947
   -0.472558    -0.393501     0.167762
   -0.443421    -0.451886     0.144427
   -0.428324    -0.475913     0.144427
   -0.397933    -0.530763     0.117494
   -0.396014    -0.535747     0.109483
   -0.364180    -0.577607     0.083272
   -0.346289    -0.595497     0.083272
   -0.315100    -0.632020     0.054282
   -0.305928    -0.639687     0.052835
   -0.288017    -0.655842     0.037685
   -0.227185    -0.694066     0.037685
   -0.222998    -0.697330     0.033491
   -0.204588    -0.707882     0.025476
   -0.186944    -0.713434     0.030288
   -0.135038    -0.731597     0.030288
   -0.115204    -0.737219     0.034664
   -0.092170    -0.736548     0.063658
   -0.092206    -0.735375     0.067513
   -0.062709    -0.739867     0.063658
   -0.052185    -0.737762     0.074507
   -0.033627    -0.733200     0.096439
   -0.021446    -0.731827     0.096439
   -0.013905    -0.728933     0.103180
   -0.006853    -0.725223     0.112793
    0.003818    -0.719953     0.124667
    0.021667    -0.713708     0.124667
    0.033496    -0.706473     0.134947
    0.052485    -0.695590     0.143214
    0.053252    -0.694992     0.143982
    0.144739    -0.637506     0.143982
    0.158569    -0.629844     0.137191
    0.247379    -0.555612     0.151201
    0.286847    -0.525597     0.126488
    0.466877    -0.345568     0.126488
    0.493285    -0.323016     0.105527
    0.579869    -0.219428     0.089185
    0.589914    -0.208291     0.079764
    0.682104    -0.061572     0.079763
    0.686011    -0.056562     0.074745
    0.688542    -0.002582     0.129061
    0.692724    -0.049180     0.061032
    0.708831    -0.003148     0.061032
    0.708737     0.000095     0.065114
    0.695492    -0.000309     0.108625
    0.709713     0.008756     0.065114
    0.716186     0.008397     0.007304
    0.722833     0.008397    -0.060186
    0.721545     0.021476    -0.060186
    0.715624     0.023857    -0.002456
    0.715624     0.008756     0.012645
    0.712759     0.026556     0.020279
    0.720911     0.024563    -0.063539
    0.712059     0.053742    -0.063539
    0.707359     0.054032    -0.012319
    0.693624     0.068669     0.054301
    0.710464     0.057542    -0.068452
    0.675788     0.122416    -0.068452
    0.666507     0.136229    -0.047068
    0.666096     0.136780    -0.046641
    0.596036     0.222148    -0.046641
    0.553251     0.270646    -0.015594
    0.548558     0.275339    -0.006840
    0.487957     0.328802     0.031956
    0.379498     0.417812     0.031956
    0.283522     0.489405     0.106573
    0.267979     0.499171     0.106573
    0.205334     0.534829     0.131064
    0.035729     0.625485     0.131064
    0.004518     0.639823     0.157489
   -0.005135     0.643200     0.157489
   -0.019324     0.647776     0.154476
   -0.119090     0.678039     0.154476
   -0.134992     0.681517     0.139519
   -0.168857     0.688476     0.102722
   -0.173586     0.688942     0.102722
   -0.173586     0.687295     0.119447
   -0.215379     0.687295     0.077654
   -0.214758     0.688942     0.061550
   -0.215411     0.687317     0.077389
   -0.224405     0.687867     0.040990
   -0.252651     0.682062     0.010298
   -0.255525     0.681434     0.007596
   -0.255649     0.679410     0.029651
   -0.257974     0.680580     0.002465
   -0.287571     0.668156    -0.035804
   -0.292205     0.666027    -0.039727
   -0.324273     0.648886    -0.039727
   -0.332854     0.644002    -0.043082
   -0.340022     0.639186    -0.054178
   -0.341342     0.638202    -0.055205
   -0.429598     0.565772    -0.055205
   -0.431632     0.563978    -0.053903
   -0.447784     0.547825    -0.053903
   -0.467225     0.525788    -0.039795
   -0.526715     0.453299    -0.039795
   -0.535416     0.441635    -0.030727
   -0.541345     0.432811    -0.017068
   -0.553505     0.411448    -0.008715
   -0.576536     0.368359    -0.008715
   -0.585870     0.346124     0.020036
   -0.587896     0.339843     0.021370
   -0.597021     0.309758     0.021370
   -0.602681     0.282218     0.051293
   -0.604604     0.263927     0.052521
   -0.608606     0.223288     0.052521
   -0.608606     0.189598     0.086211
   -0.599170     0.093787     0.086211
   -0.596750     0.082825     0.099821
   -0.525770    -0.245234     0.130230
   -0.502832    -0.320851     0.130230
   -0.499414    -0.331449     0.127980
   -0.480760    -0.384760     0.127980
   -0.470363    -0.407393     0.108818
   -0.433895    -0.475619     0.108818
   -0.406652    -0.523481     0.090106
   -0.402436    -0.530191     0.090106
   -0.369441    -0.574423     0.055718
   -0.355747    -0.591109     0.055718
   -0.325243    -0.625686     0.033583
   -0.322045    -0.628884     0.027617
   -0.298693    -0.649485     0.012668
   -0.280844    -0.664134     0.012668
   -0.255255    -0.683222    -0.007226
   -0.250136    -0.686439    -0.007226
   -0.238023    -0.693334    -0.011962
   -0.196363    -0.715601    -0.011962
   -0.192643    -0.717310    -0.015111
   -0.180502    -0.721558    -0.015111
   -0.171736    -0.724385    -0.013250
   -0.133496    -0.735985    -0.013250
   -0.125424    -0.737750    -0.005658
   -0.112325    -0.740442     0.008575
   -0.112441    -0.740153     0.011389
   -0.062892    -0.740153     0.060939
   -0.088846    -0.742754     0.008575
   -0.062892    -0.742754     0.034529
   -0.052557    -0.741736     0.034529
   -0.033219    -0.737762     0.055541
   -0.025430    -0.736060     0.062867
    0.003054    -0.727419     0.062867
    0.010558    -0.724269     0.072570
    0.010567    -0.724124     0.074146
    0.099568    -0.676692     0.072570
    0.134618    -0.656741     0.058867
    0.136111    -0.655803     0.058867
    0.184846    -0.619449     0.020978
    0.338549    -0.493309     0.020978
    0.417855    -0.423344    -0.029791
    0.451875    -0.389324    -0.029791
    0.490741    -0.345269    -0.057994
    0.635573    -0.168791    -0.057994
    0.656037    -0.141356    -0.079323
    0.692960    -0.049364     0.058705
    0.657637    -0.138975    -0.083009
    0.710574    -0.039938    -0.083009
    0.714223    -0.031246    -0.071769
    0.709701    -0.031524    -0.022493
    0.714529    -0.006957     0.006653
    0.720369    -0.010982    -0.071769
    0.721998    -0.003060    -0.063161
    0.716186    -0.005397    -0.006490
    0.722833     0.005422    -0.063161
    0.717521     0.005422    -0.117097
    0.717521     0.025926    -0.096594
    0.713758     0.004919    -0.150999
    0.711498     0.024974    -0.150999
    0.711568     0.027367    -0.147987
    0.714153     0.029096    -0.123308
    0.716733     0.004919    -0.124592
    0.708540     0.057660    -0.089420
    0.696528     0.070348    -0.147987
    0.696589     0.070396    -0.147384
    0.675719     0.122392    -0.069368
    0.694789     0.072261    -0.151540
    0.654290     0.136715    -0.151540
    0.649802     0.144814    -0.147563
    0.638687     0.158112    -0.149661
    0.623816     0.177667    -0.137417
    0.537684     0.263799    -0.137417
    0.507365     0.299303    -0.109236
    0.443923     0.352331    -0.099228
    0.408529     0.384255    -0.069289
    0.202230     0.513882    -0.069289
    0.171372     0.537946    -0.038379
    0.064125     0.599415     0.008314
    0.062362     0.600493     0.009846
   -0.141231     0.671733     0.009846
   -0.159895     0.677024     0.005728
   -0.167499     0.685099     0.069796
   -0.165947     0.676848    -0.001890
   -0.225398     0.683546    -0.001890
   -0.224405     0.685099     0.012890
   -0.232816     0.682062    -0.009537
   -0.263736     0.674461    -0.046079
   -0.266713     0.673035    -0.051886
   -0.270878     0.671436    -0.055609
   -0.294522     0.658996    -0.087837
   -0.299090     0.656740    -0.092920
   -0.303892     0.655060    -0.092920
   -0.310420     0.651067    -0.098594
   -0.325217     0.637611    -0.126083
   -0.333801     0.630917    -0.134682
   -0.364131     0.611859    -0.134682
   -0.382618     0.595184    -0.150320
   -0.382963     0.594895    -0.150375
   -0.389443     0.587307    -0.156398
   -0.477516     0.499235    -0.156398
   -0.478572     0.498526    -0.154509
   -0.493260     0.482242    -0.140735
   -0.543752     0.401884    -0.140735
   -0.556028     0.388385    -0.115655
   -0.556608     0.388835    -0.109949
   -0.575779     0.368406    -0.016969
   -0.577225     0.327810    -0.115655
   -0.582089     0.318565    -0.103054
   -0.585169     0.320625    -0.073657
   -0.596476     0.309978     0.016051
   -0.596476     0.223288    -0.070638
   -0.592350     0.227494    -0.103054
   -0.593803     0.221580    -0.096065
   -0.592904     0.211774    -0.095386
   -0.592904     0.064177     0.052210
   -0.564985    -0.036018    -0.095386
   -0.565508    -0.053972    -0.072787
   -0.568357    -0.051290    -0.050189
   -0.527811    -0.186953    -0.043451
   -0.463728    -0.370092    -0.043451
   -0.445413    -0.428298    -0.027576
   -0.444279    -0.435189    -0.017696
   -0.433093    -0.457604    -0.008738
   -0.348078    -0.592905    -0.008738
   -0.341406    -0.600302    -0.014995
   -0.335431    -0.607450    -0.016123
   -0.325751    -0.615717    -0.023806
   -0.280820    -0.660647    -0.023806
   -0.263177    -0.674065    -0.034854
   -0.259681    -0.675412    -0.040473
   -0.250703    -0.680386    -0.044881
   -0.216083    -0.702139    -0.044881
   -0.201682    -0.709326    -0.050637
   -0.200318    -0.710108    -0.050043
   -0.193241    -0.712334    -0.051973
   -0.149431    -0.727664    -0.051973
   -0.145619    -0.728745    -0.052814
   -0.140754    -0.730540    -0.049266
   -0.137416    -0.731822    -0.046282
   -0.093000    -0.736826    -0.046282
   -0.089838    -0.737603    -0.042545
   -0.089838    -0.737750    -0.041245
   -0.088846    -0.739303    -0.026473
   -0.051578    -0.739303     0.010795
   -0.049504    -0.733058    -0.042545
   -0.047923    -0.735422    -0.019992
    0.003180    -0.725379     0.040637
   -0.039911    -0.728011    -0.055621
   -0.036817    -0.726483    -0.059064
    0.025085    -0.704823    -0.059064
    0.044674    -0.692842    -0.076088
    0.055709    -0.682807    -0.096589
    0.108622    -0.641541    -0.149591
    0.233754    -0.562916    -0.149591
    0.306526    -0.497277    -0.211148
    0.327376    -0.479849    -0.214437
    0.388789    -0.407934    -0.271520
    0.556085    -0.240638    -0.271520
    0.573911    -0.217197    -0.286197
    0.586054    -0.202669    -0.283906
    0.598534    -0.188833    -0.272202
    0.656584    -0.138612    -0.097056
    0.653546    -0.101281    -0.272202
    0.665756    -0.085626    -0.256521
    0.687409    -0.061815    -0.212285
    0.688250    -0.060439    -0.211090
    0.707299    -0.040139    -0.118694
    0.693068    -0.046669    -0.211090
    0.695425    -0.041896    -0.205778
    0.709364    -0.015404    -0.169668
    0.711836    -0.017056    -0.146081
    0.716733    -0.012445    -0.107228
    0.709874    -0.010877    -0.169668
    0.699754    -0.010877    -0.203030
    0.705092     0.025170    -0.172046
    0.693334    -0.012727    -0.223506
    0.689476     0.016577    -0.223506
    0.692379     0.026694    -0.210493
    0.695740     0.028229    -0.199544
    0.693691     0.071938    -0.155564
    0.669225     0.082594    -0.210493
    0.666030     0.085989    -0.213773
    0.665186     0.087763    -0.212937
    0.600394     0.172202    -0.212937
    0.596447     0.175067    -0.215765
    0.558832     0.212682    -0.215765
    0.554087     0.219219    -0.211081
    0.365990     0.363551    -0.211081
    0.360126     0.370984    -0.204326
    0.224640     0.471678    -0.156220
    0.217814     0.478100    -0.149625
   -0.092833     0.606775    -0.149625
   -0.094804     0.607308    -0.150144
   -0.138991     0.632197    -0.118838
   -0.155355     0.642532    -0.103534
   -0.165882     0.674707    -0.008923
   -0.267431     0.657287    -0.103534
   -0.266713     0.659777    -0.095593
   -0.271391     0.655571    -0.107720
   -0.292258     0.644272    -0.133998
   -0.303660     0.642771    -0.133998
   -0.310756     0.638289    -0.140635
   -0.331244     0.617333    -0.174795
   -0.332460     0.616279    -0.176301
   -0.341875     0.612380    -0.176301
   -0.353188     0.601735    -0.187233
   -0.361438     0.583985    -0.213525
   -0.374629     0.567265    -0.228719
   -0.405547     0.543540    -0.228719
   -0.423393     0.518955    -0.246337
   -0.477336     0.499107    -0.157202
   -0.425195     0.506135    -0.264839
   -0.435569     0.486107    -0.276336
   -0.492568     0.411825    -0.276336
   -0.496205     0.414339    -0.263521
   -0.532438     0.398557    -0.182170
   -0.489996     0.384744    -0.314111
   -0.514552     0.325462    -0.314111
   -0.535419     0.334992    -0.246132
   -0.555330     0.328478    -0.187585
   -0.503673     0.287545    -0.362879
   -0.512397     0.221282    -0.362879
   -0.518825     0.221282    -0.343125
   -0.540377     0.227494    -0.274385
   -0.556960    -0.036263    -0.121751
   -0.499547     0.197551    -0.392764
   -0.473716     0.001346    -0.392765
   -0.473623     0.000382    -0.392660
   -0.490386    -0.058045    -0.317512
   -0.475839    -0.111815    -0.303340
   -0.407595    -0.276569    -0.303340
   -0.375038    -0.386744    -0.267512
   -0.381624    -0.456082    -0.170793
   -0.366374    -0.488137    -0.155674
   -0.304785    -0.568400    -0.155674
   -0.279616    -0.616990    -0.127783
   -0.277289    -0.633548    -0.103885
   -0.272819    -0.639706    -0.099472
   -0.220284    -0.680018    -0.099472
   -0.213452    -0.688678    -0.091602
   -0.211257    -0.690309    -0.090823
   -0.209067    -0.692370    -0.088707
   -0.156735    -0.714046    -0.088707
   -0.152094    -0.715302    -0.089930
   -0.149548    -0.716736    -0.088127
   -0.140881    -0.717571    -0.089069
   -0.094447    -0.723684    -0.089069
   -0.093000    -0.723810    -0.089188
   -0.086704    -0.721083    -0.095842
   -0.070371    -0.712239    -0.116411
   -0.030436    -0.706981    -0.116411
   -0.002822    -0.689541    -0.142237
    0.004904    -0.685189    -0.147711
    0.043100    -0.652089    -0.195045
    0.056474    -0.643808    -0.202555
    0.118897    -0.617952    -0.202555
    0.180106    -0.560358    -0.261697
    0.247223    -0.510478    -0.285527
    0.274314    -0.476136    -0.316734
    0.317336    -0.431846    -0.342703
    0.404639    -0.364855    -0.342703
    0.448965    -0.303791    -0.386462
    0.510249    -0.242508    -0.386462
    0.515519    -0.238682    -0.382685
    0.573407    -0.163242    -0.382685
    0.598904    -0.143126    -0.359516
    0.599355    -0.142917    -0.358848
    0.628103    -0.112363    -0.329327
    0.632416    -0.101952    -0.329327
    0.649721    -0.081983    -0.304580
    0.666705    -0.065378    -0.276894
    0.674733    -0.052668    -0.265007
    0.675571    -0.046298    -0.265007
    0.691674    -0.016559    -0.227556
    0.662039    -0.046298    -0.290324
    0.677851     0.015754    -0.245459
    0.651567    -0.048720    -0.309320
    0.643387     0.002926    -0.309320
    0.649023     0.013485    -0.296530
    0.660486     0.018798    -0.274999
    0.663492     0.084846    -0.219298
    0.606567     0.096811    -0.296530
    0.605588     0.097500    -0.297260
    0.589539     0.098304    -0.315415
    0.463984     0.223859    -0.315415
    0.434452     0.237014    -0.330790
    0.382856     0.283311    -0.319943
    0.374955     0.285426    -0.322847
    0.027061     0.462687    -0.322847
    0.026985     0.462706    -0.322870
   -0.043565     0.515979    -0.278750
   -0.085567     0.554632    -0.239757
   -0.281268     0.585628    -0.239757
   -0.289145     0.592598    -0.229744
   -0.289145     0.593936    -0.227403
   -0.292258     0.607399    -0.202983
   -0.337969     0.584865    -0.229744
   -0.339986     0.583009    -0.231617
   -0.361125     0.542185    -0.277282
   -0.382153     0.531471    -0.277282
   -0.397683     0.509377    -0.293743
   -0.400023     0.462724    -0.346520
   -0.410046     0.441536    -0.359816
   -0.444933     0.406649    -0.359816
   -0.454521     0.385125    -0.371023
   -0.479286     0.379920    -0.337423
   -0.439615     0.332582    -0.434350
   -0.439896     0.331534    -0.434735
   -0.464496     0.283255    -0.434735
   -0.475112     0.288175    -0.414796
   -0.485891     0.286285    -0.396457
   -0.434954     0.227913    -0.501765
   -0.440594     0.192305    -0.501765
   -0.463280     0.197551    -0.460614
   -0.429323     0.175566    -0.518729
   -0.421921     0.167202    -0.529363
   -0.409185     0.086787    -0.529363
   -0.405253     0.040816    -0.523502
   -0.407078     0.032442    -0.517988
   -0.428423    -0.007544    -0.469556
   -0.400447    -0.119473    -0.435826
   -0.383345    -0.153038    -0.435826
   -0.340630    -0.312645    -0.377161
   -0.339956    -0.334854    -0.360991
   -0.355823    -0.390784    -0.293582
   -0.314887    -0.482676    -0.245738
   -0.287241    -0.510323    -0.245738
   -0.245290    -0.599005    -0.190083
   -0.244178    -0.621166    -0.165014
   -0.227739    -0.644552    -0.147589
   -0.172053    -0.672925    -0.147589
   -0.161212    -0.688032    -0.133028
   -0.156988    -0.691222    -0.130387
   -0.156187    -0.691959    -0.129643
   -0.084763    -0.703271    -0.129643
   -0.070371    -0.704447    -0.130988
   -0.035768    -0.681146    -0.166058
   -0.012964    -0.660968    -0.195046
    0.083516    -0.618922    -0.227659
    0.162154    -0.559542    -0.276837
    0.167987    -0.551414    -0.284671
    0.225831    -0.500840    -0.316734
    0.348939    -0.386886    -0.376203
    0.440423    -0.304798    -0.395437
    0.446452    -0.292053    -0.403435
    0.452536    -0.282620    -0.407425
    0.512600    -0.222556    -0.407425
    0.518230    -0.209915    -0.414006
    0.549305    -0.175284    -0.406725
    0.563464    -0.165331    -0.396175
    0.575335    -0.142033    -0.396175
    0.594379    -0.128366    -0.377819
    0.598144    -0.126417    -0.373607
    0.618396    -0.104411    -0.353178
    0.621395    -0.085476    -0.353178
    0.644079    -0.059840    -0.320590
    0.595673    -0.085476    -0.384521
    0.623525     0.000055    -0.334076
    0.575654    -0.088688    -0.407746
    0.559190    -0.005916    -0.407746
    0.578810     0.004497    -0.383358
    0.581458    -0.088688    -0.401221
    0.587005     0.096685    -0.319314
    0.537260    -0.001191    -0.424972
    0.534667    -0.000028    -0.426639
    0.464710     0.104671    -0.426639
    0.442450     0.114520    -0.438291
    0.425029     0.109140    -0.453909
    0.374134     0.121463    -0.473808
    0.157657     0.266108    -0.473808
    0.114843     0.275839    -0.487836
    0.059704     0.326550    -0.461581
    0.037769     0.354161    -0.442501
   -0.226194     0.406667    -0.442501
   -0.257352     0.446363    -0.404837
   -0.270024     0.457710    -0.393456
   -0.281268     0.507473    -0.334990
   -0.359804     0.533047    -0.288671
   -0.356812     0.440446    -0.393456
   -0.367082     0.459795    -0.369405
   -0.368444     0.386465    -0.435859
   -0.415703     0.354888    -0.435859
   -0.425155     0.333527    -0.447040
   -0.405655     0.270381    -0.503652
   -0.406158     0.268303    -0.504464
   -0.430973     0.231164    -0.504464
   -0.431724     0.227862    -0.505545
   -0.433431     0.227693    -0.503664
   -0.404199     0.189419    -0.545090
   -0.404381     0.186851    -0.545460
   -0.408524     0.166024    -0.545460
   -0.413733     0.167202    -0.539340
   -0.397536     0.153753    -0.556481
   -0.395639     0.128387    -0.553897
   -0.392555     0.112882    -0.553897
   -0.389667     0.072103    -0.548024
   -0.394223     0.056221    -0.539349
   -0.378165    -0.094774    -0.476304
   -0.371763    -0.104356    -0.476304
   -0.329813    -0.277617    -0.408565
   -0.291556    -0.444234    -0.303737
   -0.195617    -0.594589    -0.224591
   -0.244209    -0.475871    -0.303737
   -0.199882    -0.574796    -0.240139
   -0.177580    -0.617294    -0.208902
   -0.023860    -0.647871    -0.208902
   -0.012964    -0.648686    -0.210012
    0.037140    -0.603820    -0.255012
    0.061676    -0.572561    -0.284671
    0.228887    -0.496993    -0.319392
    0.348635    -0.386860    -0.376414
    0.365268    -0.349740    -0.400277
    0.371431    -0.342181    -0.403435
    0.462241    -0.260686    -0.418906
    0.512647    -0.210280    -0.418906
    0.514375    -0.203141    -0.421697
    0.546604    -0.154908    -0.421697
    0.547460    -0.154525    -0.421147
    0.548940    -0.152914    -0.420380
    0.560823    -0.143475    -0.412169
    0.570993    -0.092346    -0.412169
    0.527070    -0.092346    -0.448216
    0.517865    -0.090037    -0.455393
    0.508377    -0.081178    -0.461733
    0.463629    -0.055292    -0.489359
    0.447850     0.003596    -0.489359
    0.417587     0.021467    -0.502976
    0.406492     0.020912    -0.508986
    0.323362     0.041427    -0.541286
    0.253561     0.111228    -0.541286
    0.152894     0.134012    -0.574342
    0.119331     0.168324    -0.565509
    0.056649     0.171796    -0.575243
   -0.178156     0.234712    -0.575243
   -0.181003     0.239632    -0.572206
   -0.214563     0.275574    -0.548188
   -0.226194     0.321931    -0.512042
   -0.365101     0.372090    -0.448202
   -0.350571     0.239130    -0.548188
   -0.369476     0.267310    -0.523899
   -0.350527     0.238242    -0.548669
   -0.351039     0.236167    -0.549475
   -0.398348     0.188858    -0.549475
   -0.399478     0.189616    -0.548501
   -0.387736     0.174648    -0.560011
   -0.392949     0.155192    -0.560011
   -0.393050     0.153753    -0.560163
   -0.389734     0.150657    -0.562379
   -0.387978     0.125558    -0.559722
   -0.384910     0.114110    -0.559722
   -0.383073     0.080933    -0.554570
   -0.367976    -0.059747    -0.501269
   -0.333494    -0.094229    -0.501269
   -0.294214    -0.253400    -0.439421
   -0.295279    -0.274685    -0.427892
   -0.249362    -0.352442    -0.392907
    0.071736    -0.438480    -0.392907
    0.071736    -0.440247    -0.391615
    0.061676    -0.480349    -0.360347
    0.078643    -0.426541    -0.400277
    0.398625    -0.296129    -0.424155
    0.435514    -0.258417    -0.433864
    0.440064    -0.239978    -0.441029
    0.511443    -0.168599    -0.441029
    0.514236    -0.156260    -0.445081
    0.503848    -0.142350    -0.455393
    0.455266    -0.055292    -0.493830
    0.416060    -0.042927    -0.513014
    0.391385    -0.021712    -0.523165
    0.309108     0.013219    -0.552513
    0.297785     0.040554    -0.552513
    0.166668     0.093690    -0.585610
    0.152018     0.108340    -0.585610
    0.048742     0.114056    -0.601650
   -0.022731     0.143661    -0.601650
   -0.123991     0.151359    -0.612039
   -0.155529     0.168842    -0.607211
   -0.178156     0.195160    -0.596384
   -0.220001     0.191980    -0.592091
   -0.264306     0.173628    -0.592091
   -0.332593     0.169848    -0.581485
   -0.349001     0.176477    -0.575675
   -0.357566     0.173006    -0.573513
   -0.386021     0.173977    -0.561024
   -0.365206     0.154560    -0.573513
   -0.375830     0.150050    -0.569724
   -0.377755     0.150657    -0.568781
   -0.375184     0.141551    -0.568852
   -0.350535     0.082044    -0.568852
   -0.349478     0.081615    -0.569118
   -0.331935     0.064072    -0.569118
   -0.328389     0.055322    -0.566909
    0.019299    -0.088695    -0.566909
    0.039074    -0.135274    -0.550296
    0.077936    -0.180475    -0.531701
    0.078643    -0.182719    -0.530603
    0.342955    -0.070700    -0.531701
    0.395726    -0.092018    -0.513014
    0.436402    -0.132693    -0.488118
    0.483266    -0.134293    -0.467549
    0.305400     0.013219    -0.553638
    0.163216     0.081318    -0.588212
    0.104906     0.081318    -0.597799
    0.044150     0.096553    -0.605283
    0.031467     0.109236    -0.605283
   -0.074506     0.123286    -0.614337
   -0.123113     0.150398    -0.612220
   -0.217645     0.160607    -0.601904
   -0.223355     0.154897    -0.601904
   -0.328421     0.154897    -0.584629
   -0.329123     0.154560    -0.584459
   -0.205415     0.150398    -0.604114
   -0.165524     0.110508    -0.604114
   -0.047774     0.094896    -0.614174
    0.019299     0.021509    -0.600340
    0.049040     0.025452    -0.597799
    0.323345    -0.051090    -0.540113
   -0.047774     0.096553    -0.614337
     1      2      3
     1      3      4
     1      4      5
     1      5      6
     7      8      9
     7      9      1
     7      1      6
     7      6     10
    11     12     13
     9     14      2
     9      2      1
    15     16     17
    15     17     18
    15     18     19
    15     19     20
     4     21     15
     4     15     20
     4     20     22
     4     22      5
    22     20     19
    22     19     23
    22     23     24
     6      5     22
     6     22     24
     6     24     25
     6     25     26
     6     26     10
    10     26     27
    10     27     28
    10     28      7
     7     28     29
     7     29     30
     7     30     11
     7     11     13
     7     13      8
    29     31     32
    29     32     33
    29     33     34
    29     34     30
    30     34     35
    30     35     36
    30     36     12
    30     12     11
    33     37     38
    33     38     35
    33     35     34
     8     13     12
     8     12     36
     8     36     39
     8     39     40
     8     40     14
     8     14      9
    40     41      3
    40      3      2
    40      2     14
     3     41     42
     3     42     21
     3     21      4
    43     44     45
    43     45     46
    17     46     45
    17     45     47
    17     47     48
    17     48     49
    17     49     18
    49     48     50
    19     18     49
    19     49     50
    19     50     51
    19     51     52
    19     52     53
    19     53     23
    53     52     54
    53     54     55
    53     55     56
    53     56     57
    57     56     58
    57     58     59
    57     59     60
    57     60     61
    24     23     53
    24     53     57
    24     57     61
    24     61     62
    24     62     25
    26     25     62
    26     62     63
    26     63     64
    26     64     27
    27     64     65
    27     65     31
    27     31     29
    27     29     28
    65     66     67
    65     67     68
    65     68     69
    65     69     32
    65     32     31
    68     70     71
    68     71     69
    32     69     71
    32     71     72
    32     72     37
    32     37     33
    71     70     73
    71     73     74
    71     74     75
    71     75     72
    38     37     72
    38     72     75
    38     75     76
    38     76     77
    75     74     78
    75     78     79
    75     79     76
    77     76     79
    77     79     80
    77     80     81
    77     81     82
    77     82     83
    36     35     38
    36     38     77
    36     77     83
    36     83     39
    39     83     82
    39     82     84
    39     84     42
    39     42     41
    39     41     40
    84     85     86
    84     86     16
    84     16     15
    84     15     21
    84     21     42
    86     87     88
    86     88     43
    86     43     46
    86     46     17
    86     17     16
    89     90     91
    89     91     92
    88     91     90
    88     90     93
    88     93     94
    88     94     44
    88     44     43
    45     44     94
    45     94     95
    45     95     96
    45     96     47
    50     48     47
    50     47     96
    50     96     97
    50     97     51
    51     97     98
    51     98     54
    51     54     52
    55     99    100
    55    100     58
    55     58     56
    58    100    101
    58    101    102
    58    102    103
    58    103     59
   104    105    106
   104    106    107
   104    107    108
   104    108    109
   104    109    110
    60     59    103
    60    103    104
    60    104    110
    60    110    111
   111    110    109
   111    109    112
   111    112    113
   111    113    114
   111    114    115
    62     61     60
    62     60    111
    62    111    115
    62    115    116
    62    116    117
    62    117     63
   116    118    119
   116    119    120
   116    120    121
   116    121    117
    63    117    121
    63    121    122
    63    122     66
    63     66     65
    63     65     64
   121    120    123
   121    123    124
   121    124    125
   121    125    122
   122    125    126
   122    126    127
   122    127    128
   122    128     67
   122     67     66
    67    128    129
    67    129     73
    67     73     70
    67     70     68
   127    130    131
   127    131    129
   127    129    128
   129    131    132
   129    132     78
   129     78     74
   129     74     73
   132    131    130
   132    130    133
   132    133    134
    79     78    132
    79    132    134
    79    134    135
    79    135    136
    79    136     80
   135    137    138
   135    138    139
   135    139    140
   135    140    136
   140    139    141
   140    141    142
   140    142    143
   140    143    144
   140    144    145
    80    136    140
    80    140    145
    80    145    146
    80    146     81
   146    145    144
   146    144    147
   146    147    148
    82     81    146
    82    146    148
    82    148    149
    82    149    150
    82    150     85
    82     85     84
   150    151    152
   150    152    153
   150    153    154
   150    154     87
   150     87     86
   150     86     85
   154     92     91
   154     91     88
   154     88     87
   153    155    156
   153    156    157
   153    157     89
   153     89     92
   153     92    154
   158    159    160
   158    160    156
   158    156    155
   156    160    161
   156    161    157
   157    161    162
   157    162    163
   157    163     93
   157     93     90
   157     90     89
    93    163    164
    93    164    165
    93    165     95
    93     95     94
    96     95    165
    96    165    166
    96    166     98
    96     98     97
    54     98    166
    54    166    167
    54    167    168
    54    168     99
    54     99     55
   168    169    101
   168    101    100
   168    100     99
   103    102    170
   103    170    171
   103    171    105
   103    105    104
   171    172    106
   171    106    105
   173    174    175
   173    175    176
   173    176    177
   173    177    178
   109    108    173
   109    173    178
   109    178    112
   112    178    177
   112    177    179
   112    179    180
   112    180    181
   112    181    182
   112    182    113
   113    182    183
   113    183    184
   113    184    114
   115    114    184
   115    184    185
   115    185    186
   115    186    118
   115    118    116
   186    187    188
   186    188    189
   186    189    119
   186    119    118
   188    190    191
   188    191    192
   188    192    193
   188    193    194
   188    194    189
   119    189    194
   119    194    195
   119    195    123
   119    123    120
   194    193    196
   194    196    197
   194    197    198
   194    198    199
   194    199    195
   123    195    199
   123    199    200
   123    200    201
   123    201    202
   123    202    124
   124    202    203
   124    203    204
   124    204    126
   124    126    125
   203    205    206
   203    206    207
   203    207    204
   126    204    207
   126    207    208
   126    208    133
   126    133    130
   126    130    127
   207    206    209
   207    209    210
   207    210    211
   207    211    208
   134    133    208
   134    208    211
   134    211    137
   134    137    135
   211    210    212
   211    212    213
   211    213    214
   211    214    138
   211    138    137
   138    214    215
   138    215    141
   138    141    139
   141    215    216
   141    216    217
   141    217    218
   141    218    219
   141    219    142
   218    220    221
   218    221    222
   218    222    223
   218    223    224
   218    224    219
   142    219    224
   142    224    225
   142    225    143
   225    224    223
   225    223    226
   225    226    227
   144    143    225
   144    225    227
   144    227    228
   144    228    229
   144    229    147
   148    147    229
   148    229    230
   148    230    231
   148    231    149
   149    231    232
   149    232    233
   149    233    151
   149    151    150
   233    234    235
   233    235    236
   233    236    237
   233    237    152
   233    152    151
   152    237    238
   152    238    158
   152    158    155
   152    155    153
   236    239    240
   236    240    241
   236    241    238
   236    238    237
   242    243    244
   242    244    240
   242    240    239
   240    244    245
   240    245    241
   238    241    245
   238    245    246
   238    246    247
   238    247    248
   238    248    159
   238    159    158
   248    249    162
   248    162    161
   248    161    160
   248    160    159
   164    163    162
   164    162    249
   164    249    250
   164    250    251
   166    165    164
   166    164    251
   166    251    252
   166    252    253
   166    253    167
   167    253    254
   167    254    169
   167    169    168
   101    169    254
   101    254    255
   101    255    256
   101    256    170
   101    170    102
   170    256    257
   170    257    172
   170    172    171
   107    258    259
   107    259    174
   107    174    173
   107    173    108
   259    260    175
   259    175    174
   179    261    262
   179    262    263
   179    263    264
   179    264    180
   177    176    261
   177    261    179
   180    264    265
   180    265    266
   180    266    267
   180    267    268
   180    268    181
   181    268    269
   181    269    183
   181    183    182
   184    183    269
   184    269    270
   184    270    271
   184    271    272
   184    272    185
   185    272    273
   185    273    274
   185    274    187
   185    187    186
   274    275    276
   274    276    277
   274    277    190
   274    190    188
   274    188    187
   277    278    279
   277    279    191
   277    191    190
   191    279    280
   191    280    281
   191    281    282
   191    282    192
   192    282    283
   192    283    196
   192    196    193
   196    283    284
   196    284    285
   196    285    286
   196    286    287
   196    287    197
   199    198    288
   199    288    289
   199    289    200
   200    289    290
   200    290    291
   200    291    292
   200    292    293
   200    293    201
   201    293    294
   201    294    295
   201    295    205
   201    205    203
   201    203    202
   295    296    297
   295    297    209
   295    209    206
   295    206    205
   298    299    300
   298    300    297
   298    297    296
   209    297    300
   209    300    301
   209    301    212
   209    212    210
   212    301    302
   212    302    303
   212    303    304
   212    304    213
   213    304    305
   213    305    306
   213    306    216
   213    216    215
   213    215    214
   216    306    307
   216    307    308
   216    308    309
   216    309    310
   216    310    311
   216    311    217
   217    311    312
   217    312    220
   217    220    218
   310    313    314
   310    314    315
   310    315    316
   310    316    317
   310    317    312
   310    312    311
   316    318    319
   316    319    320
   316    320    317
   312    317    320
   312    320    321
   312    321    221
   312    221    220
   221    321    322
   221    322    323
   221    323    222
   223    222    323
   223    323    324
   223    324    226
   227    226    324
   227    324    325
   227    325    326
   227    326    327
   227    327    228
   229    228    327
   229    327    328
   229    328    230
   230    328    329
   230    329    330
   230    330    331
   230    331    232
   230    232    231
   232    331    332
   232    332    234
   232    234    233
   332    333    334
   332    334    335
   332    335    336
   332    336    235
   332    235    234
   235    336    242
   235    242    239
   235    239    236
   335    337    338
   335    338    243
   335    243    242
   335    242    336
   339    340    341
   339    341    342
   339    342    343
   339    343    344
   344    343    345
   344    345    338
   344    338    337
   345    343    342
   345    342    346
   345    346    347
   345    347    348
   245    244    243
   245    243    338
   245    338    345
   245    345    348
   245    348    246
   246    348    347
   246    347    349
   246    349    350
   246    350    351
   246    351    247
   247    351    352
   247    352    250
   247    250    249
   247    249    248
   251    250    352
   251    352    353
   251    353    354
   251    354    355
   251    355    252
   252    355    356
   252    356    255
   252    255    254
   252    254    253
   255    356    357
   255    357    358
   255    358    257
   255    257    256
   106    172    257
   106    257    358
   106    358    359
   106    359    258
   106    258    107
   359    360    361
   359    361    260
   359    260    259
   359    259    258
   175    260    361
   175    361    362
   175    362    262
   175    262    261
   175    261    176
   262    362    363
   262    363    364
   262    364    365
   262    365    366
   262    366    263
   265    366    365
   265    365    367
   265    367    368
   265    368    369
   265    369    266
   263    366    265
   263    265    264
   266    369    370
   266    370    371
   266    371    372
   266    372    267
   269    268    267
   269    267    372
   269    372    270
   270    372    371
   270    371    373
   270    373    374
   270    374    375
   270    375    271
   271    375    376
   271    376    377
   271    377    273
   271    273    272
   273    377    378
   273    378    379
   273    379    380
   273    380    275
   273    275    274
   380    381    382
   380    382    276
   380    276    275
   276    382    383
   276    383    384
   276    384    385
   276    385    278
   276    278    277
   385    386    280
   385    280    279
   385    279    278
   280    386    387
   280    387    388
   280    388    389
   280    389    281
   281    389    390
   281    390    284
   281    284    283
   281    283    282
   284    390    391
   284    391    392
   284    392    285
   197    287    393
   197    393    394
   197    394    288
   197    288    198
   288    394    290
   288    290    289
   292    395    396
   292    396    294
   292    294    293
   294    396    397
   294    397    298
   294    298    296
   294    296    295
   397    398    399
   397    399    400
   397    400    299
   397    299    298
   300    299    400
   300    400    401
   300    401    302
   300    302    301
   302    401    402
   302    402    403
   302    403    404
   302    404    303
   303    404    405
   303    405    406
   303    406    305
   303    305    304
   305    406    407
   305    407    408
   305    408    307
   305    307    306
   307    408    409
   307    409    410
   307    410    411
   307    411    308
   308    411    412
   308    412    413
   308    413    414
   308    414    415
   308    415    309
   309    415    313
   309    313    310
   414    416    417
   414    417    418
   414    418    314
   414    314    313
   414    313    415
   314    418    419
   314    419    420
   314    420    421
   314    421    315
   315    421    422
   315    422    318
   315    318    316
   319    318    422
   319    422    423
   319    423    424
   322    321    320
   322    320    319
   322    319    424
   322    424    425
   322    425    426
   324    323    322
   324    322    426
   324    426    427
   324    427    325
   325    427    428
   325    428    429
   325    429    326
   327    326    429
   327    429    430
   327    430    431
   327    431    329
   327    329    328
   329    431    432
   329    432    433
   329    433    330
   330    433    434
   330    434    435
   330    435    333
   330    333    332
   330    332    331
   435    436    437
   435    437    334
   435    334    333
   438    439    440
   438    440    441
   438    441    437
   438    437    436
   334    437    441
   334    441    339
   334    339    344
   334    344    337
   334    337    335
   441    440    442
   441    442    340
   441    340    339
   443    444    445
   443    445    446
   443    446    447
   442    447    446
   442    446    448
   442    448    341
   442    341    340
   446    445    449
   446    449    450
   446    450    451
   446    451    448
   341    448    451
   341    451    452
   341    452    346
   341    346    342
   452    451    450
   452    450    453
   452    453    454
   452    454    455
   347    346    452
   347    452    455
   347    455    456
   347    456    349
   349    456    457
   349    457    458
   349    458    459
   349    459    350
   352    351    350
   352    350    459
   352    459    460
   352    460    353
   353    460    461
   353    461    462
   353    462    354
   354    462    463
   354    463    464
   354    464    357
   354    357    356
   354    356    355
   358    357    464
   358    464    465
   358    465    466
   358    466    360
   358    360    359
   466    467    363
   466    363    362
   466    362    361
   466    361    360
   363    467    468
   363    468    469
   363    469    364
   364    469    470
   364    470    367
   364    367    365
   367    470    471
   367    471    472
   367    472    473
   367    473    368
   474    473    472
   474    472    475
   474    475    476
   368    473    474
   368    474    370
   368    370    369
   476    475    477
   476    477    478
   476    478    479
   476    479    480
   371    370    474
   371    474    476
   371    476    480
   371    480    373
   373    480    479
   373    479    481
   373    481    482
   373    482    483
   373    483    484
   373    484    374
   374    484    485
   374    485    376
   374    376    375
   376    485    486
   376    486    487
   376    487    488
   376    488    489
   376    489    378
   376    378    377
   378    489    490
   378    490    491
   378    491    379
   379    491    492
   379    492    493
   379    493    494
   379    494    381
   379    381    380
   494    495    383
   494    383    382
   494    382    381
   383    495    496
   383    496    497
   383    497    384
   384    497    498
   384    498    387
   384    387    386
   384    386    385
   498    499    500
   498    500    388
   498    388    387
   388    500    501
   388    501    391
   388    391    390
   388    390    389
   391    501    502
   391    502    503
   391    503    392
   285    392    503
   285    503    504
   285    504    505
   285    505    286
   286    505    393
   286    393    287
   291    506    507
   291    507    395
   291    395    292
   507    508    509
   507    509    398
   507    398    397
   507    397    396
   507    396    395
   509    510    511
   509    511    399
   509    399    398
   399    511    512
   399    512    513
   399    513    402
   399    402    401
   399    401    400
   402    513    514
   402    514    515
   402    515    403
   403    515    516
   403    516    405
   403    405    404
   405    516    517
   405    517    518
   405    518    519
   405    519    407
   405    407    406
   407    519    520
   407    520    521
   407    521    409
   407    409    408
   409    521    522
   409    522    523
   409    523    410
   410    523    524
   410    524    525
   410    525    526
   410    526    412
   410    412    411
   412    526    527
   412    527    528
   412    528    529
   412    529    530
   412    530    413
   413    530    531
   413    531    416
   413    416    414
   529    532    533
   529    533    531
   529    531    530
   531    533    534
   531    534    535
   531    535    417
   531    417    416
   417    535    536
   417    536    419
   417    419    418
   419    536    537
   419    537    538
   419    538    539
   419    539    420
   420    539    423
   420    423    422
   420    422    421
   424    423    539
   424    539    538
   424    538    540
   424    540    425
   426    425    540
   426    540    541
   426    541    542
   426    542    428
   426    428    427
   429    428    542
   429    542    543
   429    543    544
   429    544    430
   430    544    545
   430    545    546
   430    546    432
   430    432    431
   432    546    547
   432    547    548
   432    548    434
   432    434    433
   434    548    549
   434    549    550
   434    550    438
   434    438    436
   434    436    435
   549    551    552
   549    552    553
   549    553    554
   549    554    550
   550    554    555
   550    555    439
   550    439    438
   553    556    557
   553    557    558
   553    558    555
   553    555    554
   555    558    443
   555    443    447
   555    447    442
   555    442    440
   555    440    439
   557    559    444
   557    444    443
   557    443    558
   560    561    449
   560    449    445
   560    445    444
   560    444    559
   562    563    564
   562    564    565
   562    565    561
   562    561    560
   562    560    566
   450    449    561
   450    561    565
   450    565    567
   450    567    453
   565    564    568
   565    568    569
   565    569    567
   453    567    569
   453    569    570
   453    570    454
   570    569    568
   570    568    571
   570    571    572
   570    572    573
   455    454    570
   455    570    573
   455    573    574
   455    574    575
   455    575    457
   455    457    456
   457    575    576
   457    576    577
   457    577    458
   459    458    577
   459    577    578
   459    578    579
   459    579    461
   459    461    460
   461    579    580
   461    580    581
   461    581    463
   461    463    462
   464    463    581
   464    581    582
   464    582    583
   464    583    465
   465    583    584
   465    584    468
   465    468    467
   465    467    466
   584    585    586
   584    586    471
   584    471    470
   584    470    469
   584    469    468
   587    588    589
   587    589    586
   587    586    585
   471    586    589
   471    589    477
   471    477    475
   471    475    472
   477    589    588
   477    588    590
   477    590    478
   479    478    590
   479    590    591
   479    591    481
   481    591    592
   481    592    593
   481    593    482
   482    593    594
   482    594    595
   482    595    596
   482    596    483
   483    596    597
   483    597    486
   483    486    485
   483    485    484
   486    597    598
   486    598    599
   486    599    600
   486    600    487
   487    600    601
   487    601    602
   487    602    488
   488    602    603
   488    603    604
   488    604    605
   488    605    490
   488    490    489
   490    605    606
   490    606    492
   490    492    491
   492    606    607
   492    607    608
   492    608    609
   492    609    493
   493    609    610
   493    610    496
   493    496    495
   493    495    494
   608    611    612
   608    612    613
   608    613    610
   608    610    609
   610    613    614
   610    614    499
   610    499    498
   610    498    497
   610    497    496
   615    614    613
   615    613    612
   615    612    616
   615    616    617
   502    501    500
   502    500    499
   502    499    614
   502    614    615
   504    503    502
   504    502    615
   504    615    617
   504    617    618
   504    618    619
   619    618    620
   619    620    621
   619    621    622
   622    621    623
   622    623    508
   622    508    507
   622    507    506
   623    624    625
   623    625    626
   623    626    510
   623    510    509
   623    509    508
   626    627    512
   626    512    511
   626    511    510
   512    627    628
   512    628    514
   512    514    513
   514    628    629
   514    629    630
   514    630    517
   514    517    516
   514    516    515
   517    630    631
   517    631    632
   517    632    518
   518    632    633
   518    633    520
   518    520    519
   520    633    634
   520    634    635
   520    635    636
   520    636    522
   520    522    521
   522    636    637
   522    637    638
   522    638    524
   522    524    523
   524    638    639
   524    639    640
   524    640    525
   525    640    641
   525    641    642
   525    642    643
   525    643    527
   525    527    526
   527    643    644
   527    644    645
   527    645    646
   527    646    528
   528    646    647
   528    647    532
   528    532    529
   647    648    534
   647    534    533
   647    533    532
   645    649    650
   645    650    648
   645    648    647
   645    647    646
   537    536    535
   537    535    534
   537    534    648
   537    648    650
   537    650    651
   651    650    649
   651    649    652
   651    652    653
   651    653    654
   540    538    537
   540    537    651
   540    651    654
   540    654    655
   540    655    541
   542    541    655
   542    655    656
   542    656    657
   542    657    658
   542    658    543
   543    658    659
   543    659    660
   543    660    545
   543    545    544
   545    660    661
   545    661    662
   545    662    547
   545    547    546
   547    662    663
   547    663    664
   547    664    665
   547    665    666
   547    666    551
   547    551    549
   547    549    548
   665    667    668
   665    668    669
   665    669    666
   666    669    670
   666    670    671
   666    671    552
   666    552    551
   670    672    673
   670    673    674
   670    674    675
   670    675    671
   552    671    675
   552    675    676
   552    676    556
   552    556    553
   675    674    677
   675    677    562
   675    562    566
   675    566    676
   676    566    560
   676    560    559
   676    559    557
   676    557    556
   677    678    679
   677    679    563
   677    563    562
   680    681    682
   680    682    683
   680    683    679
   680    679    678
   568    564    563
   568    563    679
   568    679    683
   568    683    684
   568    684    571
   683    682    685
   683    685    684
   571    684    685
   571    685    686
   571    686    687
   571    687    572
   573    572    687
   573    687    688
   573    688    574
   574    688    689
   574    689    690
   574    690    691
   574    691    576
   574    576    575
   577    576    691
   577    691    692
   577    692    693
   577    693    578
   578    693    694
   578    694    695
   578    695    580
   578    580    579
   581    580    695
   581    695    696
   581    696    582
   582    696    697
   582    697    698
   582    698    699
   582    699    700
   582    700    587
   582    587    585
   582    585    584
   582    584    583
   699    701    702
   699    702    700
   590    588    587
   590    587    700
   590    700    702
   590    702    592
   590    592    591
   592    702    701
   592    701    703
   592    703    594
   592    594    593
   594    703    704
   594    704    705
   594    705    595
   595    705    706
   595    706    598
   595    598    597
   595    597    596
   598    706    707
   598    707    708
   598    708    709
   598    709    599
   599    709    710
   599    710    601
   599    601    600
   601    710    711
   601    711    712
   601    712    713
   601    713    603
   601    603    602
   603    713    714
   603    714    715
   603    715    604
   714    716    717
   714    717    718
   714    718    719
   714    719    715
   604    715    719
   604    719    720
   604    720    607
   604    607    606
   604    606    605
   719    718    721
   719    721    722
   719    722    723
   719    723    720
   607    720    723
   607    723    724
   607    724    611
   607    611    608
   723    722    725
   723    725    726
   723    726    727
   723    727    728
   723    728    724
   724    728    616
   724    616    612
   724    612    611
   617    616    728
   617    728    727
   617    727    729
   617    729    620
   617    620    618
   727    726    730
   727    730    731
   727    731    732
   727    732    733
   727    733    729
   620    729    733
   620    733    734
   620    734    624
   620    624    623
   620    623    621
   734    735    736
   734    736    737
   734    737    625
   734    625    624
   625    737    738
   625    738    629
   625    629    628
   625    628    627
   625    627    626
   738    739    740
   738    740    741
   738    741    631
   738    631    630
   738    630    629
   631    741    742
   631    742    634
   631    634    633
   631    633    632
   634    742    743
   634    743    744
   634    744    635
   635    744    745
   635    745    746
   635    746    637
   635    637    636
   637    746    747
   637    747    639
   637    639    638
   639    747    748
   639    748    749
   639    749    641
   639    641    640
   641    749    750
   641    750    751
   641    751    642
   642    751    752
   642    752    644
   642    644    643
   644    752    753
   644    753    652
   644    652    649
   644    649    645
   653    652    753
   653    753    754
   653    754    755
   655    654    653
   655    653    755
   655    755    756
   655    756    757
   655    757    656
   656    757    758
   656    758    759
   656    759    760
   656    760    657
   657    760    761
   657    761    762
   657    762    659
   657    659    658
   659    762    763
   659    763    764
   659    764    765
   659    765    661
   659    661    660
   661    765    766
   661    766    767
   661    767    768
   661    768    663
   661    663    662
   663    768    769
   663    769    770
   663    770    771
   663    771    664
   664    771    772
   664    772    667
   664    667    665
   772    773    774
   772    774    775
   772    775    668
   772    668    667
   668    775    776
   668    776    672
   668    672    670
   668    670    669
   776    777    778
   776    778    673
   776    673    672
   673    778    680
   673    680    678
   673    678    677
   673    677    674
   779    780    681
   779    681    680
   779    680    778
   779    778    777
   781    782    783
   781    783    784
   781    784    780
   781    780    779
   685    682    681
   685    681    780
   685    780    784
   685    784    785
   685    785    686
   785    784    783
   785    783    786
   687    686    785
   687    785    786
   687    786    787
   687    787    689
   687    689    688
   689    787    788
   689    788    789
   689    789    690
   691    690    789
   691    789    790
   691    790    791
   691    791    692
   692    791    792
   692    792    793
   692    793    694
   692    694    693
   695    694    793
   695    793    794
   695    794    795
   695    795    796
   695    796    697
   695    697    696
   697    796    797
   697    797    798
   697    798    799
   697    799    698
   698    799    800
   698    800    704
   698    704    703
   698    703    701
   698    701    699
   704    800    707
   704    707    706
   704    706    705
   707    800    799
   707    799    798
   707    798    801
   707    801    708
   708    801    802
   708    802    711
   708    711    710
   708    710    709
   711    802    803
   711    803    804
   711    804    712
   712    804    805
   712    805    716
   712    716    714
   712    714    713
   805    806    807
   805    807    808
   805    808    717
   805    717    716
   717    808    809
   717    809    810
   717    810    721
   717    721    718
   809    811    812
   809    812    813
   809    813    814
   809    814    810
   721    810    814
   721    814    815
   721    815    725
   721    725    722
   814    813    816
   814    816    817
   814    817    818
   814    818    815
   725    815    818
   725    818    730
   725    730    726
   730    818    817
   730    817    819
   730    819    731
   731    819    820
   731    820    821
   731    821    822
   731    822    823
   731    823    824
   731    824    732
   733    732    824
   733    824    825
   733    825    735
   733    735    734
   825    826    827
   825    827    828
   825    828    829
   825    829    736
   825    736    735
   736    829    830
   736    830    739
   736    739    738
   736    738    737
   830    831    832
   830    832    833
   830    833    740
   830    740    739
   740    833    834
   740    834    743
   740    743    742
   740    742    741
   743    834    835
   743    835    836
   743    836    745
   743    745    744
   745    836    837
   745    837    838
   745    838    748
   745    748    747
   745    747    746
   748    838    839
   748    839    750
   748    750    749
   753    752    751
   753    751    750
   753    750    839
   753    839    840
   753    840    754
   755    754    840
   755    840    841
   755    841    756
   756    841    842
   756    842    758
   756    758    757
   759    843    844
   759    844    761
   759    761    760
   761    844    845
   761    845    846
   761    846    763
   761    763    762
   764    847    848
   764    848    766
   764    766    765
   766    848    849
   766    849    850
   766    850    851
   766    851    767
   767    851    852
   767    852    853
   767    853    854
   767    854    769
   767    769    768
   769    854    855
   769    855    856
   769    856    857
   769    857    770
   770    857    858
   770    858    773
   770    773    772
   770    772    771
   858    859    860
   858    860    774
   858    774    773
   774    860    781
   774    781    779
   774    779    777
   774    777    776
   774    776    775
   861    862    782
   861    782    781
   861    781    860
   861    860    859
   863    864    865
   863    865    862
   863    862    861
   863    861    866
   786    783    782
   786    782    862
   786    862    865
   786    865    867
   786    867    788
   786    788    787
   867    865    864
   867    864    868
   867    868    869
   867    869    870
   789    788    867
   789    867    870
   789    870    871
   789    871    790
   790    871    872
   790    872    873
   790    873    874
   790    874    792
   790    792    791
   793    792    874
   793    874    875
   793    875    876
   793    876    877
   793    877    794
   794    877    878
   794    878    879
   794    879    795
   795    879    880
   795    880    881
   795    881    797
   795    797    796
   797    881    882
   797    882    803
   797    803    802
   797    802    801
   797    801    798
   880    883    884
   880    884    882
   880    882    881
   803    882    884
   803    884    806
   803    806    805
   803    805    804
   884    883    885
   884    885    886
   884    886    807
   884    807    806
   807    886    887
   807    887    811
   807    811    809
   807    809    808
   887    888    889
   887    889    890
   887    890    812
   887    812    811
   812    890    891
   812    891    892
   812    892    816
   812    816    813
   892    891    893
   892    893    894
   892    894    895
   892    895    896
   817    816    892
   817    892    896
   817    896    820
   817    820    819
   820    896    895
   820    895    897
   820    897    898
   820    898    821
   821    898    899
   821    899    900
   821    900    901
   821    901    822
   824    823    902
   824    902    826
   824    826    825
   902    903    904
   902    904    827
   902    827    826
   828    905    831
   828    831    830
   828    830    829
   906    832    831
   906    831    905
   906    905    907
   906    907    908
   909    835    834
   909    834    833
   909    833    832
   909    832    906
   837    836    835
   837    835    909
   837    909    910
   840    839    838
   840    838    837
   840    837    910
   840    910    911
   840    911    842
   840    842    841
   758    842    911
   758    911    912
   758    912    843
   758    843    759
   912    913    845
   912    845    844
   912    844    843
   763    846    914
   763    914    915
   763    915    847
   763    847    764
   915    916    917
   915    917    849
   915    849    848
   915    848    847
   850    918    919
   850    919    852
   850    852    851
   852    919    920
   852    920    921
   852    921    922
   852    922    853
   853    922    923
   853    923    924
   853    924    855
   853    855    854
   855    924    925
   855    925    863
   855    863    866
   855    866    856
   856    866    861
   856    861    859
   856    859    858
   856    858    857
   925    926    927
   925    927    928
   925    928    868
   925    868    864
   925    864    863
   928    929    930
   928    930    869
   928    869    868
   870    869    930
   870    930    931
   870    931    872
   870    872    871
   872    931    932
   872    932    933
   872    933    934
   872    934    873
   874    873    934
   874    934    935
   874    935    936
   874    936    875
   875    936    937
   875    937    938
   875    938    939
   875    939    876
   876    939    940
   876    940    941
   876    941    878
   876    878    877
   878    941    942
   878    942    885
   878    885    883
   878    883    880
   878    880    879
   940    943    944
   940    944    942
   940    942    941
   942    944    888
   942    888    887
   942    887    886
   942    886    885
   945    946    947
   945    947    948
   945    948    889
   945    889    888
   945    888    944
   945    944    943
   889    948    893
   889    893    891
   889    891    890
   893    948    947
   893    947    949
   893    949    950
   893    950    894
   895    894    950
   895    950    951
   895    951    897
   897    951    952
   897    952    953
   897    953    899
   897    899    898
   899    953    954
   899    954    955
   899    955    900
   822    901    956
   822    956    903
   822    903    902
   822    902    823
   956    957    958
   956    958    959
   956    959    904
   956    904    903
   827    904    959
   827    959    960
   827    960    907
   827    907    905
   827    905    828
   908    907    960
   908    960    961
   908    961    962
   908    962    963
   911    910    909
   911    909    906
   911    906    908
   911    908    963
   911    963    913
   911    913    912
   845    913    963
   845    963    962
   845    962    914
   845    914    846
   914    962    961
   914    961    964
   914    964    916
   914    916    915
   849    917    965
   849    965    966
   849    966    918
   849    918    850
   966    967    968
   966    968    920
   966    920    919
   966    919    918
   920    968    969
   920    969    921
   921    969    970
   921    970    927
   921    927    926
   921    926    923
   921    923    922
   923    926    925
   923    925    924
   930    929    971
   930    971    972
   930    972    973
   930    973    932
   930    932    931
   932    973    974
   932    974    975
   932    975    933
   934    933    975
   934    975    976
   934    976    977
   934    977    935
   935    977    978
   935    978    979
   935    979    937
   935    937    936
   937    979    980
   937    980    981
   937    981    982
   937    982    938
   938    982    983
   938    983    945
   938    945    943
   938    943    940
   938    940    939
   983    984    985
   983    985    986
   983    986    946
   983    946    945
   986    987    988
   986    988    949
   986    949    947
   986    947    946
   988    987    989
   988    989    990
   988    990    991
   950    949    988
   950    988    991
   950    991    952
   950    952    951
   952    991    990
   952    990    992
   952    992    954
   952    954    953
   954    992    993
   954    993    955
   900    955    993
   900    993    994
   900    994    995
   900    995    996
   900    996    957
   900    957    956
   900    956    901
   958    957    996
   958    996    997
   958    997    998
   961    960    959
   961    959    958
   961    958    998
   961    998    999
   961    999   1000
   961   1000    964
   964   1000    965
   964    965    917
   964    917    916
   965   1000    999
   965    999   1001
   965   1001   1002
   965   1002   1003
   965   1003    967
   965    967    966
  1003   1004    970
  1003    970    969
  1003    969    968
  1003    968    967
  1002    972    971
  1002    971   1004
  1002   1004   1003
   970   1004    971
   970    971    929
   970    929    928
   970    928    927
   975    974   1005
   975   1005   1006
   975   1006    976
   976   1006   1007
   976   1007   1008
   976   1008   1009
   976   1009    978
   976    978    977
   978   1009   1010
   978   1010   1011
   978   1011    980
   978    980    979
   981   1012    984
   981    984    983
   981    983    982
  1013   1014    985
  1013    985    984
  1013    984   1012
   985   1014   1015
   985   1015    989
   985    989    987
   985    987    986
   993    992    990
   993    990    989
   993    989   1015
   993   1015    994
   994   1015   1014
   994   1014   1013
   994   1013   1016
   994   1016   1017
   994   1017    995
   995   1017   1018
   995   1018   1019
   995   1019    997
   995    997    996
   998    997   1019
   998   1019   1020
   998   1020   1021
   998   1021   1001
   998   1001    999
  1020   1007   1006
  1020   1006   1005
  1020   1005   1021
  1001   1021   1005
  1001   1005    974
  1001    974    973
  1001    973    972
  1001    972   1002
  1008   1022   1010
  1008   1010   1009
   980   1011   1016
   980   1016   1013
   980   1013   1012
   980   1012    981
  1010   1022   1018
  1010   1018   1017
  1010   1017   1016
  1010   1016   1011
  1019   1018   1022
  1019   1022   1008
  1019   1008   1007
  1019   1007   1020
   290    394    393
   290    393    505
   290    505    504
   290    504    619
   290    619    622
   290    622    506
   290    506    291
