100000000.0 2688.810057937734 2770.757265076014 2856.7612609072416 2974.3650724339113 3206.6215612098476
68664884.50042999 2689.1283901705615 2769.951608433481 2855.169337389034 2971.003747551513 3192.5783211410876
47148663.6345739 2688.0328803460925 2767.9781986743483 2852.161021092665 2966.614614721375 3166.8261353666985
32374575.428176466 2686.8629876783657 2766.3488035347805 2849.8069672188394 2960.081111896004 3138.6174242557045
22229964.825261954 2683.6787337389774 2765.1347396302913 2845.868540717781 2949.0192417495355 3114.497959415666
15264179.671752334 2683.8142254440754 2763.672497508071 2840.5786113934723 2937.4553355597054 3085.758793690465
10481131.341546852 2681.870496653577 2763.0272251308634 2837.012906965607 2928.9570608607933 3056.1602305123583
7196856.730011528 2683.217904314756 2764.925231495432 2834.8105059649447 2920.143157879813 3029.0783776705966
4941713.361323838 2685.2606354453765 2767.287102129756 2833.8956539413757 2911.4904861142536 2994.003177927965
3393221.77189533 2692.4580141949086 2773.6602337622608 2835.2223172441554 2902.62216845916 2972.786794947166
2329951.810515372 2703.4440898063563 2780.614538058056 2838.98029352037 2899.2003282874252 2962.6670973040245
1599858.7196060573 2713.7748051530452 2788.799514624672 2846.1218290023553 2898.768891281518 2948.039759106086
1098541.1419875573 2725.315931498529 2798.158402728055 2856.391229299056 2900.348114547684 2944.3668187306607
754312.0063354623 2739.1477911263582 2811.1768050249966 2867.91538339249 2907.946505991065 2941.6489513596116
517947.46792312124 2756.7285368028543 2827.87303780873 2884.4847999120193 2919.2652398415353 2948.1148447639985
355648.03062231356 2781.957554873683 2846.078983817835 2902.6710532647176 2935.061872116595 2963.353070981087
244205.30945486546 2809.295271330618 2868.863617158922 2923.9784046702307 2956.4701344086106 2981.867397744554
167683.293681101 2835.2165930436995 2895.80108702546 2949.8966633061646 2981.3437065284993 3008.4360468536725
115139.53993264481 2865.129570754855 2927.2607208374393 2979.6571218348317 3011.05539625347 3036.299179109332
79060.43210907701 2905.469630841061 2962.6776559132813 3014.055656456102 3043.507026272028 3068.492648605172
54286.754393238596 2949.3502245817335 3003.0058971754543 3052.7862989504974 3080.790099662635 3104.5965915405186
37275.93720314938 2997.966650804277 3047.4648255552074 3093.786094025103 3121.6057762095916 3144.768641925125
25595.479226995383 3052.707788827169 3094.8414656044874 3138.037050540478 3165.5425843229737 3187.133231389877
17575.10624854793 3110.808481377511 3147.7627809612472 3185.7947453773772 3213.53107779608 3234.3151295803773
12067.92640639329 3172.876977762009 3204.040504327058 3237.5613115645183 3266.006525718933 3286.5262875987128
8286.427728546843 3235.7311155003717 3263.1380125676533 3293.1391761496816 3324.0248614027714 3347.777264792195
5689.866029018305 3291.346157221931 3320.440082833311 3352.295019285972 3384.670448995681 3415.950817749731
3906.9399370546207 3340.7949963820834 3376.2962166081647 3413.492765406676 3451.0590561670792 3486.411574861255
2682.6957952797275 3379.4268302308633 3431.193493358458 3477.4395735594494 3519.9494803747516 3566.2165718969663
1842.0699693267163 3410.1197824455826 3479.1689259487407 3541.6888447486485 3593.9216947257173 3652.3881512009407
1264.8552168552983 3422.964946618403 3523.097369860293 3603.5822758806767 3668.3161315509956 3735.785213657488
868.5113737513539 3428.609997408983 3557.8316718317856 3661.8334874556977 3742.9341835675473 3822.8439042201544
596.3623316594649 3415.9338021713534 3574.183255250077 3717.2227039484796 3816.283283923203 3906.6057767833336
409.49150623804275 3395.0314506857258 3576.849131405221 3766.657808124684 3889.7419627894133 3990.542816908122
281.1768697974231 3374.27953221749 3568.1680063857157 3808.186554258351 3955.140022948224 4068.141944745871
193.06977288832536 3347.8418326949145 3556.5716550604348 3841.1789340403516 4020.6937858861825 4134.144989684496
132.57113655901108 3316.9325483412285 3539.9214851373445 3853.791903188186 4075.6330988918608 4205.426615647946
91.02981779915227 3257.478490284567 3512.3000219411065 3858.006643625031 4126.88839840875 4275.082131954401
62.50551925273976 3208.624177847273 3489.786911535072 3846.7395660543593 4161.451502232891 4313.123068414697
42.91934260128787 3141.422501677964 3463.877468278095 3833.6490459003307 4188.638947040958 4352.809398785551
29.47051702551816 3071.087353431428 3428.850725423657 3817.6231896066643 4206.328357983997 4385.066307080965
20.235896477251597 2979.3267421919722 3404.7539530797058 3803.1725010933683 4208.289490161648 4398.643908597964
13.894954943731388 2912.8589854945512 3382.5765229291383 3789.023962238433 4199.696358925454 4411.329053592736
9.540954763499943 2824.0818909891204 3368.4612754250493 3772.496223319213 4189.420272682563 4414.453167569939
6.551285568595523 2745.348374341307 3351.302675236601 3757.30740489324 4185.159445494042 4412.546875020632
4.498432668969453 2612.2756810756437 3323.3293813002842 3742.7145312564076 4169.0491584348065 4409.671458156104
3.088843596477485 2533.9206667309736 3307.857538063337 3735.6314072993864 4153.644730448433 4408.904270556544
2.1209508879201926 2419.1605097614747 3297.705557730472 3726.8065924950974 4145.238429623138 4402.253301595324
1.4563484775012443 2370.6164205457194 3286.843277315277 3721.82829266146 4135.808756969451 4398.25549421699
1.0 2309.3528193217567 3275.994100621595 3715.841864733085 4130.791311244556 4392.371517638086
