1022 2040
    0.312586    -0.101379     0.511674
   -0.123279     0.334485     0.511674
   -0.123279     0.204463     0.524480
    0.246707    -0.165523     0.524480
    0.321090    -0.165523     0.517154
   -0.126363     0.346783     0.510159
   -0.145650     0.367886     0.506181
   -0.207105     0.306431     0.506181
   -0.220616     0.204519     0.514888
   -0.220555     0.204463     0.514899
   -0.217549     0.181794     0.512962
    0.158966    -0.194721     0.512962
    0.246707    -0.206354     0.520458
    0.332584    -0.300316     0.502746
    0.395016    -0.237884     0.502746
    0.395583    -0.233606     0.503111
    0.483552     0.017828     0.444834
    0.401276     0.216459     0.444834
    0.415536    -0.233606     0.497059
    0.417397    -0.232006     0.496293
    0.426570    -0.215580     0.491447
    0.480651    -0.060256     0.455525
    0.487592    -0.035329     0.450287
    0.399453     0.249389     0.439719
    0.270026     0.378815     0.439719
    0.203271     0.428281     0.442562
    0.190981     0.435335     0.443423
    0.183454     0.441682     0.442443
   -0.121122     0.567842     0.442443
   -0.123853     0.568049     0.442723
   -0.129330     0.563929     0.444661
   -0.158488     0.530015     0.458613
   -0.172963     0.495918     0.470775
   -0.172963     0.424913     0.492314
   -0.183984     0.491353     0.470775
   -0.207055     0.434426     0.485145
   -0.214149     0.427331     0.485145
   -0.215539     0.424910     0.485314
   -0.219615     0.351263     0.496753
   -0.247502     0.283937     0.496753
   -0.253539     0.204519     0.504901
   -0.336080     0.133554     0.470945
   -0.382684     0.071602     0.449024
   -0.465131    -0.076038     0.405463
   -0.368673    -0.308907     0.405463
   -0.352671    -0.302442     0.411129
   -0.247862    -0.308243     0.427408
    0.068333    -0.439215     0.427408
    0.208417    -0.449863     0.441780
    0.266894    -0.417208     0.459033
    0.299198    -0.392907     0.470464
    0.335367    -0.350838     0.487770
    0.335367    -0.306126     0.501333
    0.356751    -0.349213     0.485576
    0.407190    -0.328320     0.485576
    0.407343    -0.327944     0.485671
    0.407710    -0.326770     0.485981
    0.407502    -0.326255     0.486163
    0.409517    -0.289851     0.491817
    0.411652    -0.284697     0.491817
    0.522501     0.076046     0.415677
    0.520310     0.107365     0.412362
    0.518147     0.115437     0.412362
    0.503133     0.009600     0.435546
    0.516035     0.153562     0.406441
    0.512419     0.159949     0.406861
    0.451649     0.227857     0.420989
    0.430047     0.248988     0.426550
    0.424901     0.250257     0.428549
    0.353457     0.321702     0.428549
   -0.006219     0.608566     0.404219
    0.164060     0.461509     0.437339
    0.009979     0.599395     0.405284
   -0.008178     0.609968     0.403750
   -0.053797     0.622192     0.403750
   -0.065122     0.622984     0.404949
   -0.068270     0.621437     0.406226
   -0.092163     0.606576     0.417592
   -0.116875     0.580111     0.435277
   -0.145715     0.559539     0.444661
   -0.152585     0.551112     0.448182
   -0.163909     0.531936     0.456809
   -0.177478     0.518064     0.460381
   -0.183994     0.491657     0.470641
   -0.204153     0.471498     0.470641
   -0.274691     0.367049     0.470086
   -0.274998     0.361516     0.470945
   -0.526403    -0.136191     0.364997
   -0.570204    -0.206614     0.331499
   -0.635783    -0.340028     0.277339
   -0.635574    -0.343019     0.277022
   -0.617246    -0.411422     0.277022
   -0.588925    -0.400336     0.293747
   -0.479923    -0.092789     0.396058
   -0.455550    -0.395783     0.352288
   -0.639750    -0.441555     0.254681
   -0.542785    -0.538519     0.254681
   -0.465771    -0.555950     0.279971
   -0.460893    -0.552306     0.283587
   -0.279151    -0.562373     0.311812
   -0.196481    -0.584524     0.311812
   -0.025520    -0.596485     0.329904
   -0.021558    -0.595330     0.331089
   -0.016598    -0.593614     0.332716
    0.072786    -0.549678     0.369002
    0.173992    -0.486731     0.417143
    0.374197    -0.372811     0.470464
    0.380829    -0.368065     0.472051
    0.386115    -0.361582     0.474759
    0.387073    -0.359960     0.475489
    0.407199    -0.328578     0.485463
    0.404687    -0.341952     0.480125
    0.406532    -0.334476     0.483030
    0.409414    -0.325103     0.485542
    0.409666    -0.324659     0.485513
    0.411848    -0.285251     0.491633
    0.414316    -0.276041     0.491633
    0.527204     0.088107     0.409848
    0.525089     0.116400     0.406965
    0.524550     0.119108     0.406965
    0.522617     0.146406     0.403034
    0.450527     0.229536     0.420989
    0.435864     0.246754     0.423336
    0.432260     0.249079     0.424860
    0.430134     0.250019     0.425973
    0.368078     0.312076     0.425973
    0.164952     0.460914     0.437339
   -0.032036     0.629011     0.394508
   -0.034441     0.629181     0.394854
   -0.016486     0.617608     0.399794
   -0.054024     0.632922     0.394980
   -0.052785     0.632830     0.394854
   -0.111345     0.602760     0.417592
   -0.126560     0.583608     0.430826
   -0.140797     0.570514     0.437605
   -0.179490     0.533134     0.448182
   -0.181615     0.529839     0.449575
   -0.186487     0.518829     0.455338
   -0.203413     0.501903     0.455338
   -0.205872     0.491748     0.459308
   -0.285815     0.372105     0.459308
   -0.287082     0.366532     0.461134
   -0.391135     0.253395     0.407261
   -0.429457     0.201133     0.389493
   -0.445761     0.182485     0.379157
   -0.471824     0.138198     0.364997
   -0.673077    -0.381675     0.239934
   -0.688139    -0.420298     0.221268
   -0.687273    -0.431877     0.220088
   -0.681547    -0.460665     0.220088
   -0.677735    -0.459778     0.223361
   -0.667547    -0.460203     0.230721
   -0.691776    -0.474952     0.205392
   -0.676632    -0.497617     0.205392
   -0.670937    -0.500136     0.208373
   -0.652398    -0.518675     0.208373
   -0.648320    -0.521361     0.209091
   -0.568453    -0.540698     0.240316
   -0.554415    -0.550077     0.240316
   -0.532827    -0.557798     0.245299
   -0.465050    -0.573202     0.267507
   -0.461754    -0.576234     0.265937
   -0.456882    -0.578723     0.265072
   -0.451399    -0.580769     0.264651
   -0.348348    -0.590944     0.277391
   -0.236246    -0.598883     0.293537
   -0.215355    -0.603038     0.293537
   -0.111142    -0.610831     0.304153
   -0.083194    -0.607347     0.311574
   -0.045429    -0.601893     0.322215
   -0.031894    -0.598971     0.326823
    0.272376    -0.446051     0.434468
    0.300666    -0.429403     0.443512
    0.208269    -0.479913     0.417143
    0.224861    -0.471512     0.421329
    0.316475    -0.421324     0.446320
    0.341015    -0.403329     0.454663
    0.404763    -0.341958     0.480082
    0.402865    -0.350390     0.474759
    0.405516    -0.344398     0.477895
    0.406543    -0.334605     0.482957
    0.407621    -0.332992     0.482957
    0.415048    -0.278066     0.490702
    0.411922    -0.322206     0.484345
    0.426023    -0.222887     0.490702
    0.534920     0.099566     0.398234
    0.529909     0.131204     0.398234
    0.528941     0.142522     0.396792
    0.523676     0.146301     0.401866
    0.518654     0.156157     0.401866
    0.512468     0.160505     0.406475
    0.370215     0.311124     0.424860
    0.010563     0.599447     0.404879
    0.003524     0.607413     0.399794
    0.008731     0.602052     0.402938
   -0.039211     0.637250     0.386848
   -0.036455     0.635169     0.388572
   -0.041925     0.639748     0.384329
   -0.053523     0.641585     0.384329
   -0.054024     0.641142     0.384965
   -0.084995     0.636237     0.384965
   -0.092502     0.629328     0.391935
   -0.096171     0.626557     0.394229
   -0.111039     0.605840     0.414198
   -0.119451     0.601554     0.414198
   -0.128470     0.592269     0.419642
   -0.143195     0.575582     0.430304
   -0.146406     0.571013     0.433708
   -0.150959     0.566928     0.434665
   -0.179338     0.533457     0.447979
   -0.201055     0.510399     0.449575
   -0.204883     0.501807     0.454049
   -0.231205     0.472472     0.447881
   -0.288612     0.403559     0.437457
   -0.326463     0.362167     0.417999
   -0.360482     0.313554     0.407261
   -0.302345     0.390219     0.429405
   -0.557847     0.024276     0.293755
   -0.613350    -0.074116     0.253355
   -0.628755    -0.098995     0.239385
   -0.672598    -0.375806     0.239385
   -0.706303    -0.447272     0.193929
   -0.701894    -0.475112     0.193929
   -0.701325    -0.475030     0.194637
   -0.693406    -0.475817     0.203366
   -0.703271    -0.477693     0.190803
   -0.696426    -0.491127     0.190803
   -0.694865    -0.492225     0.191967
   -0.694613    -0.492505     0.192026
   -0.684957    -0.497073     0.198086
   -0.672157    -0.509873     0.198086
   -0.644658    -0.524646     0.208322
   -0.617050    -0.533124     0.217470
   -0.606800    -0.536058     0.221062
   -0.532271    -0.558082     0.245299
   -0.528106    -0.559515     0.246098
   -0.518612    -0.562022     0.248803
   -0.333129    -0.592469     0.279080
   -0.262013    -0.599071     0.287562
   -0.215413    -0.603057     0.293502
   -0.209739    -0.603956     0.293502
   -0.178621    -0.606628     0.296252
   -0.117233    -0.611644     0.301986
    0.078519    -0.551545     0.365621
    0.002074    -0.590657     0.332716
    0.012714    -0.586553     0.335663
    0.030422    -0.578391     0.342192
    0.176388    -0.497896     0.404053
    0.384806    -0.373293     0.463629
    0.388031    -0.368705     0.467048
    0.360068    -0.393621     0.454663
    0.375656    -0.382713     0.458106
    0.400188    -0.357796     0.469604
    0.402733    -0.352417     0.472979
    0.408617    -0.344195     0.475174
    0.408292    -0.346858     0.472979
    0.409287    -0.344624     0.474143
    0.409743    -0.344303     0.473804
    0.421486    -0.321256     0.473804
    0.445446    -0.282532     0.455525
    0.430900    -0.314500     0.464730
    0.444220    -0.296860     0.453698
    0.602663     0.124325     0.266953
    0.602567     0.124419     0.267110
    0.557364     0.137250     0.348518
    0.548565     0.102721     0.373484
    0.605507     0.102721     0.266953
    0.555659     0.137883     0.351325
    0.529013     0.142555     0.396657
    0.529357     0.150108     0.390288
    0.522791     0.155287     0.396253
    0.434415     0.259055     0.410413
    0.454173     0.244712     0.396253
    0.383966     0.309503     0.410413
    0.376394     0.319934     0.402938
   -0.018999     0.635963     0.373851
   -0.025182     0.649265     0.354147
   -0.043584     0.656887     0.354147
   -0.043972     0.651418     0.364476
   -0.053059     0.649102     0.371046
   -0.053523     0.647095     0.374686
   -0.050261     0.663717     0.343014
   -0.053059     0.664086     0.343014
   -0.053175     0.664149     0.342868
   -0.067594     0.662250     0.342868
   -0.069461     0.661071     0.344614
   -0.077221     0.653134     0.357552
   -0.079162     0.651451     0.359958
   -0.083207     0.646430     0.367624
   -0.086045     0.643760     0.370365
   -0.099188     0.626694     0.391685
   -0.106234     0.618307     0.398974
   -0.150514     0.567541     0.434226
   -0.200914     0.511597     0.448316
   -0.199800     0.512994     0.447979
   -0.204449     0.507341     0.447881
   -0.446461     0.197868     0.366184
   -0.457805     0.185811     0.354534
   -0.537243     0.074019     0.293755
   -0.631071    -0.101668     0.236074
   -0.703345    -0.229979     0.145168
   -0.705103    -0.248239     0.147152
   -0.728135    -0.423188     0.147152
   -0.729443    -0.438086     0.148375
   -0.724263    -0.447651     0.160422
   -0.707944    -0.447651     0.190953
   -0.720552    -0.475840     0.160422
   -0.718095    -0.478242     0.164427
   -0.715695    -0.478072     0.168958
   -0.707276    -0.479549     0.183282
   -0.714831    -0.486121     0.164427
   -0.708438    -0.489093     0.173897
   -0.707695    -0.488758     0.175515
   -0.700912    -0.498901     0.173897
   -0.698819    -0.500420     0.175397
   -0.693594    -0.501155     0.182939
   -0.678119    -0.509171     0.191821
   -0.672594    -0.513411     0.191821
   -0.653359    -0.522562     0.200893
   -0.213969    -0.603698     0.292781
   -0.118791    -0.611879     0.301164
   -0.030241    -0.598825     0.326688
   -0.015985    -0.596949     0.326688
   -0.015650    -0.596835     0.326817
   -0.002182    -0.592385     0.330873
    0.318923    -0.421435     0.444255
    0.324177    -0.418777     0.444227
    0.343303    -0.406081     0.448710
    0.402649    -0.357506     0.467019
    0.399215    -0.362237     0.463629
    0.407623    -0.352532     0.467019
    0.417346    -0.345474     0.460051
    0.419879    -0.342173     0.460051
    0.431734    -0.332821     0.449279
    0.444672    -0.326807     0.430114
    0.474922    -0.303510     0.392323
    0.488483    -0.289098     0.378398
    0.494231    -0.284468     0.369623
    0.556058    -0.213122     0.281209
    0.558693    -0.208444     0.277895
    0.610622     0.093274     0.255056
    0.574115    -0.184025     0.255056
    0.713229     0.100776    -0.076142
    0.707760     0.149309    -0.076142
    0.666822     0.150558     0.058350
    0.663002     0.150059     0.071128
    0.655704     0.100776     0.113489
    0.659109     0.150105     0.083070
    0.629676     0.093274     0.196506
    0.708063     0.159680    -0.089198
    0.707108     0.162407    -0.089198
    0.647216     0.155285     0.109772
    0.705925     0.169596    -0.099504
    0.683957     0.204559    -0.099504
    0.642756     0.175324     0.084639
    0.676888     0.222909    -0.128999
    0.673677     0.227132    -0.131643
    0.315364     0.585445    -0.131643
    0.275959     0.615412    -0.106970
    0.270504     0.607723    -0.072607
   -0.010636     0.670305     0.280004
    0.272434     0.618591    -0.109951
    0.089229     0.733707    -0.109951
    0.056596     0.739077    -0.063167
    0.031506     0.734989    -0.001799
    0.012927     0.727248     0.058216
   -0.010478     0.715342     0.140479
   -0.018449     0.688241     0.239736
   -0.037427     0.689131     0.258832
   -0.040706     0.684638     0.274861
   -0.018060     0.712391     0.159090
   -0.031389     0.704634     0.200334
   -0.037730     0.699076     0.226160
   -0.049475     0.683340     0.282398
   -0.053175     0.670502     0.323344
   -0.042482     0.695781     0.238789
   -0.043737     0.694774     0.242575
   -0.049475     0.686939     0.270532
   -0.062648     0.671905     0.315202
   -0.065383     0.669006     0.323002
   -0.074046     0.660856     0.340001
   -0.071979     0.663008     0.335256
   -0.075616     0.659339     0.342374
   -0.075979     0.658759     0.343551
   -0.183096     0.534959     0.434226
   -0.394136     0.287140     0.354534
   -0.600327    -0.006872     0.212728
   -0.628969    -0.056844     0.190971
   -0.692559    -0.160812     0.100616
   -0.718496    -0.234936     0.100616
   -0.747356    -0.293381     0.035576
   -0.747425    -0.293513     0.035397
   -0.753103    -0.308306     0.022173
   -0.762348    -0.390356     0.022173
   -0.762683    -0.394010     0.022426
   -0.760027    -0.407288     0.036113
   -0.752300    -0.438718     0.073259
   -0.731638    -0.438718     0.141374
   -0.750827    -0.451792     0.073259
   -0.739109    -0.474063     0.103616
   -0.736881    -0.474131     0.110935
   -0.725187    -0.477957     0.145321
   -0.738353    -0.476225     0.103616
   -0.729570    -0.485884     0.121559
   -0.724880    -0.484505     0.138733
   -0.717281    -0.487815     0.155796
   -0.716053    -0.493330     0.148878
   -0.728293    -0.487915     0.121559
   -0.718080    -0.494768     0.139818
   -0.697127    -0.505019     0.167799
   -0.714536    -0.498313     0.139818
   -0.688285    -0.509918     0.172141
   -0.675093    -0.518207     0.172141
   -0.672765    -0.519369     0.173072
   -0.532323    -0.559317     0.241855
   -0.542112    -0.556703     0.237909
   -0.456162    -0.580907     0.258656
   -0.252802    -0.600712     0.286246
   -0.215176    -0.603876     0.291744
   -0.121648    -0.612450     0.298219
   -0.025038    -0.599596     0.322215
   -0.022435    -0.599329     0.321983
    0.022287    -0.583203     0.335663
    0.378454    -0.382090     0.454597
    0.371494    -0.388368     0.448710
    0.397886    -0.365847     0.457663
    0.426952    -0.341939     0.444179
    0.419420    -0.349471     0.444179
    0.504752    -0.283493     0.338996
    0.510111    -0.277551     0.333970
    0.555227    -0.230845     0.263375
    0.584394    -0.202838     0.199065
    0.613101    -0.171270     0.140419
    0.622204    -0.162680     0.115921
    0.659516    -0.108253     0.023283
    0.663497    -0.102638     0.012247
    0.697005    -0.038951    -0.074561
    0.699428    -0.032638    -0.080204
    0.714073     0.097339    -0.080204
    0.717843     0.098759    -0.115079
    0.727520     0.098759    -0.213337
    0.721914     0.155684    -0.213337
    0.721296     0.161562    -0.212942
    0.717843     0.162951    -0.179272
    0.715622     0.097339    -0.093949
    0.715813     0.164862    -0.163167
    0.719291     0.170733    -0.221569
    0.717754     0.175800    -0.221569
    0.713769     0.176045    -0.178145
    0.713697     0.175630    -0.175942
    0.710653     0.192716    -0.243442
    0.709126     0.196039    -0.246256
    0.707100     0.199829    -0.246256
    0.704572     0.198959    -0.212525
    0.691880     0.222483    -0.281324
    0.659834     0.265443    -0.314723
    0.617650     0.316844    -0.314723
    0.573974     0.366351    -0.346416
    0.441935     0.498391    -0.346416
    0.410857     0.525808    -0.326521
    0.288452     0.626263    -0.326521
    0.267083     0.642858    -0.316726
    0.222977     0.675760    -0.282436
    0.218559     0.678535    -0.282436
    0.182987     0.698783    -0.268529
    0.090832     0.735771    -0.130256
    0.165866     0.707934    -0.268529
    0.132401     0.723308    -0.240196
    0.104877     0.734862    -0.204606
    0.097294     0.737506    -0.188724
    0.088387     0.740426    -0.167982
    0.088541     0.737921    -0.140681
    0.061865     0.743163    -0.109032
    0.057064     0.739776    -0.069841
    0.078047     0.742551    -0.156746
    0.063916     0.744125    -0.126628
    0.061478     0.744125    -0.118415
    0.040467     0.739776    -0.053245
    0.037034     0.738920    -0.042214
    0.033013     0.737348    -0.024237
    0.056784     0.743602    -0.108410
    0.011247     0.727248     0.056535
   -0.017429     0.713061     0.153773
   -0.033348     0.704249     0.198009
   -0.033670     0.704050     0.198682
   -0.045517     0.696090     0.217021
   -0.044903     0.694306     0.240826
   -0.125828     0.630180     0.217021
   -0.124474     0.628826     0.242665
   -0.146967     0.609041     0.177585
   -0.152074     0.603252     0.173879
   -0.454013     0.235339     0.173879
   -0.560302     0.092851     0.063102
   -0.586835     0.053360     0.001968
   -0.625946    -0.015353    -0.024895
   -0.718436    -0.188388    -0.024895
   -0.732994    -0.220079    -0.051726
   -0.736229    -0.227787    -0.061693
   -0.740460    -0.240906    -0.064478
   -0.756697    -0.294433    -0.064478
   -0.759409    -0.304625    -0.060266
   -0.759640    -0.305514    -0.059835
   -0.762104    -0.316781    -0.049237
   -0.762146    -0.317154    -0.049237
   -0.762348    -0.319074    -0.049108
   -0.764856    -0.344538    -0.049108
   -0.765862    -0.360589    -0.043273
   -0.766474    -0.373679    -0.036394
   -0.766474    -0.394010    -0.016063
   -0.764980    -0.409172    -0.016063
   -0.764255    -0.416068    -0.015600
   -0.760027    -0.436644     0.006757
   -0.758172    -0.445127     0.014736
   -0.750983    -0.451896     0.071774
   -0.747556    -0.469333     0.051087
   -0.756220    -0.451563     0.014736
   -0.748792    -0.469257     0.037615
   -0.739936    -0.477454     0.088050
   -0.737798    -0.482780     0.080059
   -0.747281    -0.472084     0.037615
   -0.739663    -0.483422     0.055166
   -0.730025    -0.489504     0.103509
   -0.728534    -0.491891     0.098637
   -0.739590    -0.483512     0.055166
   -0.729872    -0.493229     0.073294
   -0.715890    -0.499788     0.124442
   -0.713181    -0.502920     0.114994
   -0.729376    -0.493636     0.073294
   -0.713628    -0.504217     0.097673
   -0.663754    -0.527824     0.132060
   -0.690348    -0.516660     0.097673
   -0.624263    -0.540559     0.140445
   -0.449105    -0.588402     0.199195
   -0.503174    -0.577291     0.140445
   -0.331989    -0.600712     0.207060
   -0.188488    -0.614846     0.207060
   -0.121648    -0.614846     0.273900
   -0.052621    -0.607347     0.281001
   -0.059156    -0.608691     0.273900
   -0.024117    -0.601115     0.307812
    0.017256    -0.588565     0.307812
    0.018110    -0.588289     0.307630
    0.353312    -0.409384     0.385301
    0.336993    -0.415934     0.409787
    0.289292    -0.448304     0.332327
    0.354026    -0.411457     0.357635
    0.462712    -0.322435     0.355831
    0.356347    -0.409726     0.355831
    0.502173    -0.287622     0.330569
    0.603396    -0.186398     0.141732
    0.615228    -0.174086     0.114659
    0.620419    -0.167127     0.109249
    0.664381    -0.101696     0.007959
    0.694094    -0.053766    -0.092138
    0.706879    -0.030670    -0.156320
    0.710383    -0.022324    -0.167113
    0.715265    -0.008320    -0.196442
    0.715622    -0.006688    -0.197976
    0.719212     0.010778    -0.216955
    0.721681     0.034273    -0.218533
    0.727520     0.093562    -0.218533
    0.724036     0.093562    -0.253914
    0.722925     0.099118    -0.259640
    0.721914     0.110143    -0.258877
    0.715013     0.171393    -0.258877
    0.714630     0.175122    -0.258544
    0.713518     0.178134    -0.260742
    0.707403     0.190518    -0.274523
    0.703298     0.202250    -0.274523
    0.693707     0.217932    -0.288152
    0.690378     0.221593    -0.294952
    0.672541     0.244464    -0.317862
    0.658793     0.266343    -0.317862
    0.637188     0.290296    -0.338124
    0.575027     0.364665    -0.349856
    0.559309     0.378088    -0.362332
    0.441390     0.496007    -0.362332
    0.436406     0.501844    -0.357699
    0.299842     0.615989    -0.336156
    0.232087     0.664848    -0.316726
    0.222506     0.671656    -0.311518
    0.208516     0.682566    -0.297504
    0.187181     0.694795    -0.288215
    0.166182     0.707638    -0.269966
    0.150231     0.713220    -0.269966
    0.128083     0.724156    -0.245319
    0.127697     0.724299    -0.245037
    0.107537     0.732037    -0.227016
    0.098884     0.733012    -0.227016
    0.080605     0.737506    -0.205413
    0.079965     0.737633    -0.204753
    0.078047     0.740636    -0.176182
    0.064871     0.740636    -0.163007
    0.063034     0.741932    -0.148013
    0.068925     0.736389    -0.204753
    0.067687     0.736426    -0.203194
    0.058620     0.741065    -0.142775
    0.056649     0.741409    -0.132315
    0.063389     0.734922    -0.203194
    0.038663     0.734190    -0.105329
    0.053937     0.726327    -0.220754
    0.026149     0.708866    -0.220754
    0.021314     0.714136    -0.165835
    0.012950     0.689197    -0.255917
   -0.051557     0.613659    -0.315875
   -0.067752     0.595866    -0.324554
   -0.304606     0.359013    -0.324554
   -0.319484     0.339449    -0.336804
   -0.386739     0.258985    -0.324110
   -0.432409     0.205866    -0.302512
   -0.455087     0.179916    -0.288145
   -0.506733     0.122657    -0.239711
   -0.535138     0.077452    -0.239711
   -0.556407     0.046591    -0.227293
   -0.564339     0.035428    -0.221224
   -0.658096    -0.095453    -0.145079
   -0.672678    -0.120960    -0.134388
   -0.693376    -0.157072    -0.118666
   -0.729464    -0.219281    -0.086698
   -0.731741    -0.223004    -0.083462
   -0.742531    -0.251446    -0.076983
   -0.733509    -0.228057    -0.083462
   -0.745305    -0.260081    -0.075270
   -0.754995    -0.289406    -0.066440
   -0.756675    -0.294374    -0.064521
   -0.762146    -0.325423    -0.057506
   -0.761198    -0.319339    -0.059835
   -0.763459    -0.335253    -0.054009
   -0.764980    -0.389969    -0.035266
   -0.764635    -0.393030    -0.035266
   -0.762205    -0.416708    -0.033154
   -0.762242    -0.417964    -0.031573
   -0.761302    -0.421282    -0.030841
   -0.755340    -0.451617     0.005148
   -0.751911    -0.455271    -0.011484
   -0.752270    -0.447093    -0.030841
   -0.750786    -0.451807    -0.029556
   -0.750408    -0.454105    -0.026262
   -0.745420    -0.471443     0.012781
   -0.742195    -0.474233     0.003050
   -0.739382    -0.471653    -0.026262
   -0.737626    -0.481549     0.017979
   -0.732769    -0.484582     0.008067
   -0.738230    -0.472426    -0.028322
   -0.729566    -0.481090    -0.028322
   -0.728112    -0.489966     0.024309
   -0.706582    -0.498607    -0.007995
   -0.717146    -0.485874    -0.048283
   -0.703401    -0.494511    -0.048283
   -0.690533    -0.513667     0.065051
   -0.533640    -0.544500    -0.121087
   -0.665175    -0.500801    -0.103087
   -0.627536    -0.509817    -0.135223
   -0.583766    -0.523589    -0.147161
   -0.531814    -0.541768    -0.147161
   -0.503479    -0.576530     0.133032
   -0.198720    -0.576530    -0.171727
   -0.484761    -0.540396    -0.206390
   -0.456307    -0.541366    -0.226231
   -0.405179    -0.544074    -0.253331
   -0.343692    -0.550383    -0.258816
   -0.237539    -0.562344    -0.258816
   -0.198720    -0.571887    -0.212939
   -0.188488    -0.592544    -0.019371
   -0.052662    -0.592544     0.116455
   -0.049498    -0.589184     0.089797
   -0.146890    -0.566047    -0.212939
   -0.063339    -0.568483    -0.107766
    0.030860    -0.573392     0.185135
    0.030239    -0.583478     0.295055
    0.070573    -0.536126     0.004385
    0.059101    -0.525640    -0.107766
    0.062054    -0.525154    -0.103532
    0.289069    -0.448429     0.332222
    0.488063    -0.257475    -0.103532
    0.506214    -0.241103    -0.118886
    0.614572    -0.173431     0.102248
    0.515875    -0.226705    -0.144625
    0.566290    -0.167669    -0.191485
    0.701198    -0.032761    -0.191485
    0.701977    -0.033475    -0.183367
    0.705692    -0.030261    -0.172158
    0.709459    -0.011314    -0.225955
    0.712896    -0.005845    -0.225955
    0.714218    -0.006871    -0.212957
    0.714479    -0.008369    -0.205006
    0.714641     0.004757    -0.241154
    0.716360     0.009671    -0.241154
    0.717340     0.009016    -0.231804
    0.716172     0.016111    -0.249261
    0.719479     0.048333    -0.252136
    0.721681     0.067875    -0.252136
    0.720377     0.099118    -0.268039
    0.715255     0.110938    -0.280533
    0.709305     0.132845    -0.292011
    0.706387     0.141900    -0.297314
    0.699653     0.193054    -0.297314
    0.693833     0.202268    -0.305932
    0.691052     0.207205    -0.309430
    0.675159     0.225545    -0.332157
    0.666174     0.247238    -0.332157
    0.646667     0.267970    -0.352189
    0.640230     0.276630    -0.355264
    0.623612     0.289740    -0.370365
    0.554447     0.379877    -0.370365
    0.535153     0.393882    -0.384192
    0.462101     0.466934    -0.384192
    0.441794     0.494911    -0.364144
    0.318530     0.589494    -0.364144
    0.297599     0.611042    -0.351509
    0.292387     0.617649    -0.345506
    0.244143     0.653504    -0.328375
    0.199673     0.681114    -0.311518
    0.188555     0.687998    -0.305275
    0.180342     0.695115    -0.295097
    0.161612     0.705665    -0.281828
    0.150382     0.712757    -0.271325
    0.125112     0.716084    -0.271325
    0.117630     0.718495    -0.266944
    0.111375     0.721882    -0.259066
    0.099242     0.727139    -0.246243
    0.098884     0.728382    -0.242278
    0.068817     0.732834    -0.216433
    0.072577     0.723628    -0.246243
    0.067520     0.723142    -0.245693
    0.066428     0.725532    -0.237904
    0.054338     0.724966    -0.225739
    0.058790     0.715576    -0.256512
    0.048368     0.711259    -0.256512
    0.035226     0.698894    -0.269209
    0.026124     0.692130    -0.272441
    0.019274     0.683446    -0.280332
   -0.026390     0.636436    -0.307896
   -0.041320     0.621514    -0.315875
   -0.072034     0.589968    -0.328781
   -0.096468     0.561148    -0.340245
   -0.166214     0.482211    -0.364275
   -0.269339     0.379086    -0.364275
   -0.296198     0.355355    -0.356099
   -0.305988     0.347055    -0.352205
   -0.313361     0.341702    -0.346920
   -0.328539     0.321922    -0.346920
   -0.356493     0.288364    -0.341844
   -0.459429     0.174073    -0.286070
   -0.689704    -0.151142    -0.121995
   -0.758676    -0.309574    -0.064521
   -0.758739    -0.310284    -0.064579
   -0.763618    -0.386158    -0.041173
   -0.760529    -0.417257    -0.038084
   -0.763268    -0.388818    -0.041173
   -0.753046    -0.430542    -0.047496
   -0.752117    -0.431614    -0.048825
   -0.742204    -0.455546    -0.048825
   -0.739736    -0.458169    -0.051359
   -0.736790    -0.471404    -0.034760
   -0.738487    -0.458749    -0.053210
   -0.729567    -0.465786    -0.061315
   -0.720719    -0.477317    -0.061315
   -0.719155    -0.478452    -0.062435
   -0.716671    -0.485204    -0.051279
   -0.705453    -0.480378    -0.082211
   -0.682500    -0.492268    -0.095386
   -0.681503    -0.493033    -0.095386
   -0.625953    -0.509666    -0.137430
   -0.585755    -0.514038    -0.171068
   -0.547712    -0.525280    -0.183440
   -0.513066    -0.532738    -0.198930
   -0.336962    -0.537403    -0.301425
   -0.257595    -0.534269    -0.343166
   -0.249916    -0.535008    -0.344000
   -0.244589    -0.535709    -0.344000
   -0.237539    -0.536328    -0.344579
   -0.231215    -0.533588    -0.351262
   -0.146283    -0.546164    -0.278259
   -0.219545    -0.527269    -0.365960
   -0.215191    -0.525026    -0.371092
   -0.172387    -0.508469    -0.404651
   -0.151073    -0.501601    -0.417133
   -0.133972    -0.499350    -0.417133
   -0.132221    -0.503183    -0.404645
    0.049983    -0.494639    -0.221302
   -0.125216    -0.490393    -0.431733
   -0.104446    -0.472395    -0.457471
   -0.046026    -0.432876    -0.499440
   -0.044262    -0.431783    -0.500431
    0.085229    -0.378146    -0.500431
    0.103012    -0.372892    -0.494648
    0.135688    -0.348607    -0.506250
    0.282910    -0.278563    -0.436815
    0.379275    -0.204620    -0.436815
    0.448626    -0.162515    -0.411233
    0.494104    -0.136739    -0.390235
    0.597349    -0.083256    -0.330970
    0.606038    -0.074567    -0.330970
    0.626775    -0.056985    -0.322721
    0.677154    -0.020416    -0.286618
    0.706874    -0.009480    -0.237509
    0.682129    -0.013933    -0.286618
    0.686325    -0.009857    -0.284158
    0.703042     0.003331    -0.268967
    0.707842     0.005562    -0.261857
    0.709905     0.004136    -0.254586
    0.712665     0.005338    -0.248391
    0.711688     0.014847    -0.261857
    0.712261     0.015508    -0.261038
    0.713123     0.015114    -0.258228
    0.715869     0.052982    -0.265109
    0.717244     0.063426    -0.265109
    0.700378     0.150824    -0.306358
    0.688491     0.181305    -0.321089
    0.672798     0.214415    -0.339373
    0.670917     0.226289    -0.339373
    0.652342     0.246474    -0.358112
    0.646067     0.254784    -0.363309
    0.636898     0.261364    -0.372146
    0.631914     0.267064    -0.375306
    0.629034     0.270992    -0.376641
    0.618986     0.290713    -0.376641
    0.607493     0.298791    -0.385205
    0.547747     0.365376    -0.399204
    0.537029     0.377961    -0.400919
    0.532039     0.381179    -0.403030
    0.470892     0.442326    -0.403030
    0.459869     0.457036    -0.398640
    0.452777     0.468033    -0.393989
    0.437706     0.480867    -0.391934
    0.331833     0.575867    -0.369675
    0.318875     0.589003    -0.364509
    0.274666     0.622727    -0.351509
    0.249024     0.641530    -0.342791
    0.235764     0.653123    -0.335442
    0.231289     0.655757    -0.334011
    0.208655     0.672848    -0.319856
    0.177209     0.689795    -0.305275
    0.149979     0.702701    -0.290238
    0.138116     0.707327    -0.284505
    0.098772     0.716954    -0.265182
    0.058158     0.711971    -0.262645
    0.078057     0.713673    -0.265182
    0.040521     0.698653    -0.273675
    0.036943     0.693667    -0.278480
    0.031496     0.689674    -0.280332
   -0.055488     0.604814    -0.325302
   -0.166742     0.481393    -0.364621
   -0.268521     0.379614    -0.364621
   -0.433494     0.203736    -0.302512
   -0.558163     0.043608    -0.226339
   -0.751611    -0.299895    -0.075270
   -0.752163    -0.300519    -0.074476
   -0.760098    -0.376378    -0.050168
   -0.751327    -0.431753    -0.050168
   -0.737957    -0.447106    -0.063029
   -0.741425    -0.442512    -0.060157
   -0.719920    -0.467814    -0.074404
   -0.726156    -0.455575    -0.074404
   -0.705761    -0.477767    -0.084954
   -0.685924    -0.478762    -0.107394
   -0.665246    -0.488543    -0.120371
   -0.658719    -0.495070    -0.120371
   -0.578259    -0.511911    -0.180103
   -0.502272    -0.532247    -0.208033
   -0.475922    -0.536464    -0.220320
   -0.139716    -0.493953    -0.428644
   -0.131512    -0.488789    -0.436285
   -0.120597    -0.480050    -0.448552
   -0.040057    -0.427913    -0.504335
   -0.021282    -0.411660    -0.519885
   -0.018867    -0.409837    -0.521395
    0.004993    -0.393261    -0.533672
    0.005397    -0.393023    -0.533802
    0.013030    -0.389123    -0.535157
    0.022686    -0.384542    -0.536222
    0.029328    -0.381791    -0.536222
    0.050274    -0.376556    -0.529910
    0.064510    -0.369302    -0.529910
    0.082587    -0.362837    -0.525739
    0.091651    -0.359942    -0.523120
    0.135788    -0.348130    -0.506897
    0.139659    -0.344657    -0.507711
    0.213667    -0.295931    -0.494669
    0.364079    -0.211389    -0.444726
    0.547769    -0.102131    -0.367538
    0.634154    -0.048762    -0.320992
    0.641757    -0.042311    -0.316700
    0.692205     0.001684    -0.284158
    0.702772     0.009267    -0.273973
    0.706267     0.013896    -0.271078
    0.709975     0.057242    -0.276604
    0.711818     0.068881    -0.276604
    0.650141     0.239717    -0.362098
    0.639551     0.248030    -0.372146
    0.607426     0.298036    -0.385730
    0.618874     0.282039    -0.381902
    0.550058     0.361916    -0.399204
    0.606681     0.298643    -0.386041
    0.514318     0.394135    -0.407503
    0.485437     0.423017    -0.407503
    0.474044     0.437595    -0.404513
    0.529407     0.382344    -0.404408
    0.434391     0.483082    -0.391934
    0.334869     0.572144    -0.371230
    0.284886     0.613328    -0.356375
    0.206703     0.660647    -0.334011
    0.199473     0.669858    -0.325271
    0.105121     0.704860    -0.281144
    0.055433     0.694977    -0.281144
   -0.077344     0.573927    -0.340245
   -0.059547     0.595757    -0.331125
   -0.167072     0.480646    -0.365012
   -0.267775     0.379944    -0.365012
   -0.336172     0.295529    -0.356099
   -0.356327     0.286498    -0.343141
   -0.429595     0.206833    -0.305207
   -0.652404    -0.265688    -0.189552
   -0.613632    -0.235255    -0.226339
   -0.680003    -0.296510    -0.161871
   -0.694984    -0.299895    -0.144269
   -0.684233    -0.459740    -0.120609
   -0.651039    -0.442121    -0.161871
   -0.602281    -0.492655    -0.175629
   -0.633524    -0.445895    -0.175629
   -0.578839    -0.503028    -0.187899
   -0.379005    -0.527848    -0.287649
   -0.467575    -0.468667    -0.287649
   -0.160001    -0.500559    -0.416680
   -0.129017    -0.478375    -0.448552
   -0.043941    -0.431008    -0.501313
   -0.020556    -0.410887    -0.520592
    0.042586    -0.374285    -0.537094
    0.117710    -0.349971    -0.516292
    0.415307    -0.177259    -0.428674
    0.561753    -0.081204    -0.367538
    0.681216     0.000592    -0.296270
    0.683564     0.033759    -0.301047
    0.696479     0.098686    -0.301047
    0.627060     0.248030    -0.382397
    0.626732     0.252712    -0.381902
    0.530501     0.381046    -0.404239
    0.510423     0.396257    -0.408418
    0.487558     0.419122    -0.408418
    0.233608     0.627068    -0.356375
    0.229351     0.634426    -0.351833
    0.206703     0.658681    -0.335625
    0.164188     0.655706    -0.331125
   -0.096348     0.541745    -0.354724
   -0.156953     0.479788    -0.370675
   -0.262849     0.321908    -0.397491
   -0.173984     0.410773    -0.397491
   -0.268177     0.298368    -0.405221
   -0.284165    -0.195917    -0.490304
   -0.189501     0.193022    -0.483325
   -0.196339     0.069580    -0.502496
   -0.264652    -0.185369    -0.502496
   -0.282885    -0.195917    -0.491239
   -0.440967    -0.235255    -0.368042
   -0.506349    -0.416323    -0.284826
   -0.259012    -0.285012    -0.491239
   -0.457765    -0.418351    -0.319925
   -0.461522    -0.462615    -0.295153
   -0.251323    -0.284627    -0.495404
   -0.116222    -0.419728    -0.495404
   -0.125880    -0.434125    -0.482995
   -0.124791    -0.460203    -0.464155
   -0.082250    -0.394357    -0.520592
    0.005261    -0.392974    -0.533864
    0.006472    -0.390880    -0.535157
    0.045594    -0.371210    -0.537886
    0.157341    -0.310340    -0.516292
    0.159051    -0.309409    -0.515890
    0.465133    -0.128521    -0.415846
    0.544007    -0.081945    -0.380358
    0.621250     0.206331    -0.380358
    0.623965     0.245140    -0.384465
    0.587718     0.245140    -0.403840
    0.586902     0.244883    -0.404239
    0.494152     0.402851    -0.412526
    0.234821     0.536684    -0.404513
    0.233608     0.536776    -0.404637
    0.159820     0.450952    -0.439943
   -0.167818     0.230155    -0.476768
    0.115990     0.347712    -0.476768
   -0.182957     0.192799    -0.486197
   -0.126307     0.052560    -0.535857
   -0.132647    -0.062001    -0.553650
   -0.141838    -0.084190    -0.553650
   -0.149336    -0.182829    -0.563769
   -0.157388    -0.185369    -0.559829
   -0.183103    -0.257923    -0.535693
   -0.126469    -0.192537    -0.571926
   -0.101469    -0.252894    -0.571926
   -0.101345    -0.255132    -0.571578
   -0.085893    -0.270583    -0.571578
   -0.074994    -0.297478    -0.564789
   -0.077924    -0.383307    -0.527118
   -0.044058    -0.310292    -0.564789
   -0.016217    -0.345946    -0.554350
   -0.010500    -0.359410    -0.549547
    0.006472    -0.379151    -0.541426
    0.007298    -0.379089    -0.541341
    0.045325    -0.363337    -0.541341
    0.045405    -0.363140    -0.541391
    0.057909    -0.350636    -0.541391
    0.288538     0.003200    -0.515890
    0.373427     0.069490    -0.491034
    0.392138     0.077433    -0.484360
    0.455726     0.364425    -0.429010
    0.183345    -0.047182    -0.541470
    0.035206     0.100957    -0.541470
    0.115990     0.269625    -0.500455
   -0.032859     0.026484    -0.555508
   -0.060651    -0.084346    -0.569161
   -0.112065    -0.135761    -0.569161
   -0.119592    -0.192537    -0.574012
   -0.097838    -0.212420    -0.578113
   -0.095370    -0.231036    -0.576523
   -0.077153    -0.249253    -0.576523
   -0.072725    -0.266909    -0.574348
   -0.056151    -0.285044    -0.570929
    0.018716    -0.210177    -0.570929
    0.020606    -0.195918    -0.572147
   -0.060651    -0.195918    -0.580150
   -0.077153    -0.212420    -0.580150
     1      2      3
     1      3      4
     1      4      5
     6      7      8
     6      8      9
     6      9     10
     6     10      3
     6      3      2
     3     10     11
     3     11     12
     3     12     13
     3     13      4
     5      4     13
     5     13     14
     5     14     15
     5     15     16
    17     18      1
    17      1      5
    17      5     16
    17     16     19
    17     19     20
    17     20     21
    17     21     22
    17     22     23
    24     25     26
    24     26     27
    24     27      6
    24      6      2
    24      2      1
    24      1     18
    27     28     29
    27     29     30
    27     30     31
    27     31     32
    27     32     33
    27     33     34
    27     34      7
    27      7      6
    33     35     36
    33     36     34
    34     36     37
    34     37     38
    34     38     39
    34     39      8
    34      8      7
     8     39     40
     8     40     41
     8     41      9
     9     41     42
     9     42     43
     9     43     44
     9     44     45
     9     45     46
     9     46     11
     9     11     10
    11     46     47
    11     47     12
    13     12     47
    13     47     48
    13     48     49
    13     49     50
    13     50     51
    13     51     52
    13     52     53
    13     53     14
    52     54     55
    52     55     56
    52     56     57
    52     57     58
    52     58     53
    14     53     58
    14     58     59
    14     59     15
    16     15     59
    16     59     60
    16     60     19
    61     62     63
    61     63     17
    61     17     23
    61     23     64
    63     65     66
    63     66     67
    63     67     68
    63     68     69
    63     69     24
    63     24     18
    63     18     17
    69     70     25
    69     25     24
    71     29     28
    71     28     72
    71     72     73
    74     75     76
    74     76     77
    74     77     78
    74     78     79
    74     79     30
    74     30     29
    74     29     71
    31     80     81
    31     81     82
    31     82     32
    32     82     83
    32     83     84
    32     84     35
    32     35     33
    84     85     37
    84     37     36
    84     36     35
    38     86     87
    38     87     40
    38     40     39
    40     87     42
    40     42     41
    88     89     90
    88     90     91
    88     91     92
    88     92     93
    88     93     94
    44     94     93
    44     93     95
    44     95     45
    95     93     92
    95     92     96
    95     96     97
    95     97     98
    95     98     99
    47     46     45
    47     45     95
    47     95     99
    47     99    100
    47    100     48
    48    100    101
    48    101    102
    48    102    103
    48    103    104
    48    104    105
    48    105    106
    48    106     49
    51    107    108
    51    108    109
    51    109    110
    51    110     54
    51     54     52
   111     55     54
   111     54    110
   111    110    112
   111    112    113
    56     55    111
    59     58     57
    59     57    114
    59    114    115
    59    115    116
    59    116     60
    19     60    116
    19    116    117
    19    117     20
   118    119    120
   118    120     62
   118     62     61
   120    121     65
   120     65     63
   120     63     62
    67    122    123
    67    123    124
    67    124    125
    67    125     68
    68    125    126
    68    126     70
    68     70     69
   127     72     28
   127     28     27
   127     27     26
   128    129     75
   128     75     74
   128     74    130
   131     76     75
   131     75    129
   131    129    132
    78    133    134
    78    134     79
    30     79    134
    30    134    135
    30    135     80
    30     80     31
    81    136    137
    81    137    138
    81    138     83
    81     83     82
    83    138    139
    83    139    140
    83    140     85
    83     85     84
    37     85    140
    37    140    141
    37    141    142
    37    142     86
    37     86     38
    42     87     86
    42     86    142
    42    142    143
    42    143    144
    42    144     43
    43    144    145
    43    145    146
    43    146     88
    43     88     94
    43     94     44
    90    147    148
    90    148    149
    90    149    150
    90    150    151
    90    151     91
    92     91    151
    92    151    152
    92    152     96
   151    150    153
   151    153    154
   151    154    155
   151    155    152
    96    152    155
    96    155    156
    96    156    157
    96    157    158
    96    158     97
    97    158    159
    97    159    160
    97    160    161
    97    161     98
    99     98    161
    99    161    162
    99    162    163
    99    163    164
    99    164    165
    99    165    166
    99    166    101
    99    101    100
   101    166    167
   101    167    168
   101    168    169
   101    169    170
   101    170    171
   101    171    102
   172    173     50
   172     50     49
   172     49    106
   172    106    174
   172    174    175
    50    173    176
    50    176    177
    50    177    107
    50    107     51
   178    112    110
   178    110    109
   178    109    179
   178    179    180
   113    112    178
   113    178    181
   114     57     56
   114     56    111
   114    111    113
   114    113    181
   114    181    182
   183    117    116
   183    116    115
   183    115    184
    20    117    183
    20    183    185
    20    185     21
   186    187    119
   186    119    118
   188    189    121
   188    121    120
   188    120    119
   188    119    187
   190    191     66
   190     66     65
   190     65    121
   190    121    189
    66    191    122
    66    122     67
   126    125    124
   126    124    192
   193     73     72
   193     72    127
   194    130     74
   194     74     71
   194     71     73
   194     73    193
   194    193    195
   196    132    129
   196    129    128
   196    128    197
   198    199    200
   198    200    131
   198    131    132
   198    132    196
   200    201    202
   200    202     77
   200     77     76
   200     76    131
    77    202    203
    77    203    204
    77    204    133
    77    133     78
   134    133    204
   134    204    205
   134    205    206
   134    206    207
   134    207    208
   134    208    135
   135    208    209
   135    209    210
   135    210    136
   135    136     81
   135     81     80
   137    211    212
   137    212    139
   137    139    138
   139    212    213
   139    213    214
   139    214    141
   139    141    140
   215    216    143
   215    143    142
   215    142    141
   215    141    214
   215    214    217
   146    218    219
   146    219     89
   146     89     88
   219    220    221
   219    221    147
   219    147     90
   219     90     89
   148    222    223
   148    223    224
   148    224    149
   149    224    225
   149    225    153
   149    153    150
   223    226    227
   223    227    228
   223    228    225
   223    225    224
   153    225    228
   153    228    229
   153    229    230
   153    230    154
   155    154    230
   155    230    231
   155    231    156
   157    232    233
   157    233    234
   157    234    159
   157    159    158
   161    160    235
   161    235    236
   161    236    237
   161    237    162
   165    238    239
   165    239    240
   165    240    167
   165    167    166
   168    167    240
   168    240    241
   168    241    242
   168    242    243
   244    105    104
   244    104    245
   244    245    246
   244    246    247
   248    174    106
   248    106    105
   248    105    244
   249    250    108
   249    108    107
   249    107    177
   249    177    251
   249    251    252
   179    109    108
   179    108    250
   179    250    253
   179    253    254
   255    180    179
   255    179    254
   255    254    256
   255    256    257
   182    181    178
   182    178    180
   182    180    255
   184    115    114
   184    114    182
   184    182    255
   184    255    257
   184    257    258
   184    258    259
   260    185    183
   260    183    184
   260    184    259
   260    259    261
   260    261    262
    22     21    185
    22    185    260
   263    264    265
   263    265    266
   263    266    267
   266    265    268
   266    268    269
   266    269    188
   266    188    187
   266    187    186
   268    270    269
   269    270    271
   269    271    190
   269    190    189
   269    189    188
   272    123    122
   272    122    191
   272    191    190
   272    190    271
   272    271    273
   274    192    124
   274    124    123
   274    123    272
   275    195    193
   275    193    127
   275    127     26
   275     26     25
   275     25     70
   275     70    126
   275    126    192
   275    192    274
   276    197    128
   276    128    130
   276    130    194
   277    278    279
   277    279    198
   277    198    196
   277    196    197
   277    197    276
   279    280    281
   279    281    199
   279    199    198
   282    283    280
   282    280    279
   282    279    278
   284    285    286
   284    286    287
   284    287    281
   284    281    280
   284    280    283
   281    287    288
   281    288    289
   281    289    201
   281    201    200
   281    200    199
   289    290    291
   289    291    203
   289    203    202
   289    202    201
   203    291    292
   203    292    205
   203    205    204
   207    293    209
   207    209    208
   294    211    137
   294    137    136
   294    136    210
   294    210    295
   296    213    212
   296    212    211
   296    211    294
   143    216    297
   143    297    145
   143    145    144
   145    297    298
   145    298    299
   145    299    218
   145    218    146
   300    301    302
   300    302    221
   300    221    220
   221    302    303
   221    303    304
   221    304    305
   221    305    306
   221    306    222
   221    222    148
   221    148    147
   305    307    308
   305    308    309
   305    309    306
   306    309    310
   306    310    226
   306    226    223
   306    223    222
   308    311    312
   308    312    313
   308    313    310
   308    310    309
   310    313    227
   310    227    226
   228    227    313
   228    313    312
   228    312    314
   228    314    315
   228    315    316
   228    316    229
   230    229    316
   230    316    317
   230    317    231
   156    231    317
   156    317    318
   156    318    319
   156    319    232
   156    232    157
   159    234    235
   159    235    160
   162    237    163
   240    239    320
   240    320    241
   243    242    321
   102    171    322
   102    322    323
   102    323    324
   102    324    103
   104    103    324
   104    324    325
   104    325    245
   326    176    173
   326    173    172
   251    177    176
   251    176    326
   251    326    327
   251    327    328
   329    253    250
   329    250    249
   329    249    330
   331    256    254
   331    254    253
   331    253    329
   257    256    331
   257    331    332
   257    332    333
   257    333    258
   259    258    333
   259    333    334
   259    334    261
   262    261    334
   262    334    335
   262    335    336
   262    336    337
    64     23     22
    64     22    260
    64    260    262
    64    262    337
    64    337    338
    64    338    339
    64    339    340
   341    267    266
   341    266    186
   341    186    118
   341    118     61
   341     61     64
   341     64    340
   341    340    342
   343    344    345
   343    345    346
   343    346    347
   347    346    348
   347    348    263
   347    263    267
   347    267    341
   347    341    349
   350    351    345
   350    345    344
   348    352    264
   348    264    263
   345    351    353
   345    353    354
   345    354    355
   345    355    352
   345    352    348
   345    348    346
   355    273    271
   355    271    270
   355    270    268
   355    268    265
   355    265    264
   355    264    352
   354    356    357
   354    357    358
   354    358    359
   354    359    360
   354    360    275
   354    275    274
   354    274    272
   354    272    273
   354    273    355
   360    361    277
   360    277    276
   360    276    194
   360    194    195
   360    195    275
   359    362    363
   359    363    364
   359    364    365
   359    365    366
   359    366    367
   359    367    368
   359    368    361
   359    361    360
   368    369    370
   368    370    282
   368    282    278
   368    278    277
   368    277    361
   367    371    372
   367    372    373
   367    373    369
   367    369    368
   370    374    375
   370    375    284
   370    284    283
   370    283    282
   373    376    377
   373    377    378
   373    378    374
   373    374    370
   373    370    369
   378    379    375
   378    375    374
   375    379    380
   375    380    285
   375    285    284
   381    286    285
   381    285    380
   381    380    382
   383    384    288
   383    288    287
   383    287    286
   383    286    381
   288    384    290
   288    290    289
   205    292    206
   295    210    209
   295    209    293
   295    293    385
   217    214    213
   217    213    296
   386    298    297
   386    297    216
   386    216    215
   387    388    300
   387    300    220
   387    220    219
   387    219    218
   387    218    299
   389    390    301
   389    301    300
   389    300    388
   391    303    302
   391    302    301
   391    301    390
   392    393    394
   392    394    395
   392    395    396
   392    396    397
   392    397    398
   392    398    304
   392    304    303
   392    303    391
   397    399    400
   397    400    401
   397    401    398
   304    398    401
   304    401    402
   304    402    307
   304    307    305
   401    400    403
   401    403    404
   401    404    405
   401    405    402
   402    405    406
   402    406    311
   402    311    308
   402    308    307
   407    406    405
   407    405    404
   407    404    408
   407    408    409
   314    312    311
   314    311    406
   314    406    407
   410    315    314
   410    314    407
   410    407    409
   410    409    411
   317    316    315
   317    315    410
   317    410    412
   317    412    318
   319    318    412
   319    412    413
   319    413    414
   415    236    235
   415    235    234
   415    234    233
   415    233    416
   163    237    236
   163    236    415
   163    415    417
   163    417    164
   320    239    238
   320    238    418
   320    418    419
   321    242    241
   321    241    320
   321    320    419
   321    419    420
   421    322    171
   421    171    170
   323    322    421
   323    421    422
   247    246    423
   175    174    248
   424    252    251
   424    251    328
   424    328    425
   426    330    249
   426    249    252
   426    252    424
   427    332    331
   427    331    329
   427    329    330
   427    330    426
   427    426    428
   334    333    332
   334    332    427
   334    427    335
   337    336    429
   337    429    430
   337    430    338
   339    338    430
   339    430    431
   342    340    339
   342    339    431
   342    431    432
   342    432    433
   349    341    342
   349    342    433
   349    433    434
   349    434    435
   435    436    437
   435    437    438
   435    438    439
   435    439    343
   435    343    347
   435    347    349
   440    441    442
   440    442    443
   440    443    444
   439    445    440
   439    440    444
   439    444    446
   439    446    350
   439    350    344
   439    344    343
   444    443    447
   444    447    448
   444    448    449
   444    449    450
   444    450    446
   446    450    353
   446    353    351
   446    351    350
   448    451    452
   448    452    453
   448    453    454
   448    454    449
   449    454    356
   449    356    354
   449    354    353
   449    353    450
   453    455    456
   453    456    457
   453    457    357
   453    357    356
   453    356    454
   357    457    458
   357    458    459
   357    459    460
   357    460    358
   358    460    461
   358    461    462
   358    462    463
   358    463    362
   358    362    359
   463    464    465
   463    465    466
   463    466    363
   463    363    362
   465    467    468
   465    468    469
   465    469    470
   465    470    471
   465    471    472
   465    472    466
   363    466    472
   363    472    473
   363    473    474
   363    474    364
   472    471    475
   472    475    476
   472    476    477
   472    477    473
   364    474    478
   364    478    479
   364    479    480
   364    480    365
   473    477    481
   473    481    478
   473    478    474
   365    480    482
   365    482    366
   366    482    483
   366    483    371
   366    371    367
   483    484    372
   483    372    371
   372    484    485
   372    485    376
   372    376    373
   486    487    377
   486    377    376
   486    376    485
   377    487    382
   377    382    380
   377    380    379
   377    379    378
   488    489    383
   488    383    381
   488    381    382
   488    382    487
   488    487    486
   385    293    207
   385    207    206
   385    206    292
   385    292    291
   385    291    290
   385    290    384
   385    384    383
   385    383    489
   490    491    492
   490    492    386
   490    386    215
   490    215    217
   490    217    296
   490    296    294
   490    294    295
   490    295    385
   490    385    489
   490    489    488
   492    493    387
   492    387    299
   492    299    298
   492    298    386
   494    495    496
   494    496    389
   494    389    388
   494    388    387
   494    387    493
   496    497    392
   496    392    391
   496    391    390
   496    390    389
   498    499    500
   498    500    501
   498    501    502
   498    502    503
   498    503    393
   498    393    392
   498    392    497
   503    504    505
   503    505    394
   503    394    393
   394    505    506
   394    506    507
   394    507    508
   394    508    509
   394    509    395
   395    509    510
   395    510    511
   395    511    512
   395    512    396
   396    512    513
   396    513    514
   396    514    399
   396    399    397
   515    514    513
   515    513    516
   515    516    517
   403    400    399
   403    399    514
   403    514    515
   403    515    518
   519    518    515
   519    515    517
   519    517    520
   519    520    521
   408    404    403
   408    403    518
   408    518    519
   408    519    522
   523    522    519
   523    519    521
   523    521    524
   523    524    525
   411    409    408
   411    408    522
   411    522    523
   411    523    526
   527    526    523
   527    523    525
   527    525    528
   527    528    529
   413    412    410
   413    410    411
   413    411    526
   413    526    527
   530    414    413
   530    413    527
   530    527    529
   530    529    531
   416    233    232
   416    232    319
   416    319    414
   416    414    530
   416    530    532
   533    417    415
   533    415    416
   533    416    532
   533    532    534
   535    418    238
   535    238    165
   535    165    164
   535    164    417
   535    417    533
   420    419    418
   420    418    535
   420    535    536
   420    536    537
   538    169    168
   538    168    243
   538    243    321
   538    321    420
   538    420    537
   538    537    539
   540    422    421
   540    421    170
   540    170    169
   540    169    538
   325    324    323
   325    323    422
   325    422    540
   325    540    541
   423    246    245
   423    245    325
   423    325    541
   423    541    542
   543    544    545
   543    545    546
   425    328    327
   425    327    544
   425    544    543
   547    428    426
   547    426    424
   547    424    425
   547    425    543
   547    543    546
   547    546    548
   429    336    335
   429    335    427
   429    427    428
   429    428    547
   429    547    549
   431    430    429
   431    429    549
   431    549    550
   431    550    432
   433    432    550
   433    550    551
   433    551    552
   433    552    434
   435    434    552
   435    552    553
   435    553    436
   436    553    554
   436    554    437
   437    554    555
   437    555    556
   437    556    438
   438    556    557
   438    557    558
   438    558    445
   438    445    439
   558    559    560
   558    560    561
   558    561    441
   558    441    440
   558    440    445
   561    562    563
   561    563    564
   561    564    442
   561    442    441
   442    564    565
   442    565    566
   442    566    447
   442    447    443
   447    566    567
   447    567    451
   447    451    448
   567    568    569
   567    569    452
   567    452    451
   452    569    570
   452    570    455
   452    455    453
   570    571    572
   570    572    573
   570    573    456
   570    456    455
   456    573    574
   456    574    575
   456    575    458
   456    458    457
   458    575    576
   458    576    577
   458    577    578
   458    578    459
   459    578    579
   459    579    461
   459    461    460
   462    580    581
   462    581    582
   462    582    464
   462    464    463
   582    583    584
   582    584    467
   582    467    465
   582    465    464
   584    585    586
   584    586    468
   584    468    467
   468    586    587
   468    587    588
   468    588    469
   469    588    589
   469    589    590
   469    590    470
   470    590    591
   470    591    592
   470    592    475
   470    475    471
   475    592    593
   475    593    594
   475    594    476
   591    595    596
   591    596    593
   591    593    592
   476    594    597
   476    597    598
   476    598    481
   476    481    477
   593    596    599
   593    599    597
   593    597    594
   478    481    598
   478    598    600
   478    600    479
   598    597    599
   598    599    601
   598    601    602
   598    602    603
   598    603    600
   479    600    603
   479    603    490
   479    490    488
   479    488    486
   479    486    485
   479    485    484
   479    484    483
   479    483    482
   479    482    480
   603    602    604
   603    604    605
   603    605    606
   603    606    607
   603    607    491
   603    491    490
   607    608    609
   607    609    610
   607    610    611
   607    611    612
   607    612    494
   607    494    493
   607    493    492
   607    492    491
   612    613    614
   612    614    615
   612    615    616
   612    616    495
   612    495    494
   616    617    618
   616    618    619
   616    619    620
   616    620    498
   616    498    497
   616    497    496
   616    496    495
   621    499    498
   621    498    620
   621    620    622
   623    624    625
   623    625    500
   623    500    499
   623    499    621
   626    504    503
   626    503    502
   626    502    627
   628    506    505
   628    505    504
   628    504    626
   508    629    510
   508    510    509
   510    629    630
   510    630    631
   510    631    632
   510    632    511
   516    513    512
   516    512    511
   516    511    632
   516    632    633
   516    633    634
   635    634    633
   635    633    636
   635    636    637
   635    637    638
   520    517    516
   520    516    634
   520    634    635
   520    635    639
   640    639    635
   640    635    638
   640    638    641
   524    521    520
   524    520    639
   524    639    640
   524    640    642
   643    642    640
   643    640    641
   643    641    644
   643    644    645
   528    525    524
   528    524    642
   528    642    643
   528    643    646
   647    646    643
   647    643    645
   647    645    648
   647    648    649
   531    529    528
   531    528    646
   531    646    647
   531    647    650
   651    650    647
   651    647    649
   651    649    652
   651    652    653
   651    653    654
   651    654    655
   534    532    530
   534    530    531
   534    531    650
   534    650    651
   534    651    656
   657    656    651
   657    651    655
   657    655    658
   657    658    659
   657    659    660
   657    660    661
   657    661    662
   657    662    663
   664    536    535
   664    535    533
   664    533    534
   664    534    656
   664    656    657
   539    537    536
   539    536    664
   539    664    665
   666    665    664
   666    664    657
   666    657    663
   666    663    667
   666    667    668
   542    541    540
   542    540    538
   542    538    539
   542    539    665
   542    665    666
   542    666    669
   542    669    670
   671    669    666
   671    666    668
   671    668    672
   671    672    673
   674    670    669
   674    669    671
   548    546    545
   548    545    674
   548    674    671
   548    671    673
   548    673    675
   550    549    547
   550    547    548
   550    548    675
   550    675    676
   550    676    677
   550    677    551
   677    676    678
   677    678    679
   677    679    680
   677    680    681
   552    551    677
   552    677    681
   552    681    682
   552    682    555
   552    555    554
   552    554    553
   681    680    683
   681    683    684
   681    684    685
   681    685    686
   681    686    682
   555    682    686
   555    686    557
   555    557    556
   685    684    687
   685    687    688
   685    688    689
   557    686    685
   557    685    689
   557    689    559
   557    559    558
   689    688    690
   689    690    691
   689    691    692
   689    692    560
   689    560    559
   560    692    562
   560    562    561
   563    693    694
   563    694    695
   563    695    565
   563    565    564
   565    695    696
   565    696    697
   565    697    568
   565    568    567
   565    567    566
   697    698    699
   697    699    571
   697    571    570
   697    570    569
   697    569    568
   699    700    701
   699    701    572
   699    572    571
   572    701    702
   572    702    703
   572    703    574
   572    574    573
   574    703    704
   574    704    705
   574    705    576
   574    576    575
   576    705    706
   576    706    707
   576    707    708
   576    708    577
   577    708    709
   577    709    710
   577    710    711
   577    711    579
   577    579    578
   461    579    711
   461    711    712
   461    712    580
   461    580    462
   581    713    714
   581    714    715
   581    715    583
   581    583    582
   715    716    717
   715    717    585
   715    585    584
   715    584    583
   717    718    719
   717    719    720
   717    720    587
   717    587    586
   717    586    585
   587    720    721
   587    721    722
   587    722    589
   587    589    588
   589    722    723
   589    723    595
   589    595    591
   589    591    590
   721    724    725
   721    725    726
   721    726    723
   721    723    722
   599    596    595
   599    595    723
   599    723    726
   599    726    727
   599    727    601
   726    725    728
   726    728    729
   726    729    727
   601    727    729
   601    729    730
   601    730    731
   601    731    604
   601    604    602
   604    731    732
   604    732    733
   604    733    734
   604    734    605
   606    735    736
   606    736    737
   606    737    738
   606    738    739
   606    739    740
   606    740    741
   606    741    608
   606    608    607
   741    742    743
   741    743    609
   741    609    608
   611    744    613
   611    613    612
   618    617    745
   622    620    619
   625    746    501
   625    501    500
   627    502    501
   627    501    746
   627    746    747
   748    630    629
   748    629    508
   748    508    507
   749    631    630
   749    630    748
   749    748    750
   633    632    631
   633    631    749
   633    749    751
   633    751    636
   637    636    751
   637    751    752
   637    752    753
   641    638    637
   641    637    753
   641    753    754
   641    754    755
   641    755    644
   755    754    756
   755    756    757
   755    757    758
   645    644    755
   645    755    758
   645    758    759
   645    759    760
   645    760    648
   760    759    761
   760    761    762
   760    762    763
   649    648    760
   649    760    763
   649    763    652
   653    764    765
   653    765    766
   653    766    654
   655    654    766
   655    766    767
   655    767    658
   660    768    769
   660    769    770
   660    770    771
   660    771    661
   662    661    771
   662    771    772
   667    663    662
   667    662    772
   667    772    773
   667    773    774
   774    773    775
   774    775    776
   774    776    777
   774    777    778
   774    778    779
   774    779    780
   672    668    667
   672    667    774
   672    774    780
   672    780    781
   781    780    779
   781    779    782
   781    782    783
   781    783    784
   781    784    785
   781    785    786
   781    786    787
   675    673    672
   675    672    781
   675    781    787
   675    787    788
   675    788    789
   675    789    678
   675    678    676
   678    789    790
   678    790    791
   678    791    792
   678    792    793
   678    793    679
   679    793    794
   679    794    795
   679    795    796
   679    796    797
   679    797    683
   679    683    680
   796    798    799
   796    799    800
   796    800    801
   796    801    802
   796    802    797
   683    797    802
   683    802    803
   683    803    687
   683    687    684
   802    801    804
   802    804    805
   802    805    806
   802    806    803
   687    803    806
   687    806    690
   687    690    688
   690    806    805
   690    805    807
   690    807    808
   690    808    691
   691    808    693
   691    693    563
   691    563    562
   691    562    692
   696    809    810
   696    810    698
   696    698    697
   810    811    812
   810    812    700
   810    700    699
   810    699    698
   812    813    814
   812    814    702
   812    702    701
   812    701    700
   702    814    815
   702    815    816
   702    816    817
   702    817    818
   702    818    704
   702    704    703
   704    818    819
   704    819    820
   704    820    821
   704    821    706
   704    706    705
   706    821    822
   706    822    823
   706    823    824
   706    824    825
   706    825    707
   707    825    826
   707    826    827
   707    827    828
   707    828    709
   707    709    708
   711    710    829
   711    829    830
   711    830    831
   711    831    712
   712    831    832
   712    832    833
   712    833    713
   712    713    581
   712    581    580
   714    834    835
   714    835    716
   714    716    715
   835    836    718
   835    718    717
   835    717    716
   719    837    724
   719    724    721
   719    721    720
   838    728    725
   838    725    724
   838    724    837
   838    837    839
   729    728    838
   729    838    840
   729    840    730
   730    840    841
   730    841    842
   730    842    732
   730    732    731
   605    734    843
   605    843    735
   605    735    606
   737    844    845
   737    845    738
   740    742    741
   610    846    744
   610    744    611
   614    847    615
   848    849    624
   848    624    623
   747    746    625
   747    625    624
   747    624    849
   850    750    748
   850    748    507
   850    507    506
   850    506    628
   752    751    749
   752    749    750
   752    750    850
   752    850    851
   852    756    754
   852    754    753
   852    753    752
   852    752    851
   852    851    853
   854    757    756
   854    756    852
   854    852    855
   758    757    854
   758    854    856
   758    856    761
   758    761    759
   762    761    856
   762    856    857
   762    857    858
   762    858    859
   652    763    762
   652    762    859
   652    859    764
   652    764    653
   766    765    860
   766    860    861
   766    861    767
   658    767    861
   658    861    862
   658    862    659
   775    770    769
   775    769    776
   772    771    770
   772    770    775
   772    775    773
   779    778    863
   779    863    864
   779    864    782
   782    864    865
   782    865    783
   785    866    867
   785    867    868
   785    868    869
   785    869    870
   785    870    871
   785    871    872
   785    872    873
   785    873    874
   785    874    786
   787    786    874
   787    874    875
   787    875    876
   787    876    877
   787    877    878
   787    878    788
   788    878    879
   788    879    880
   788    880    881
   788    881    790
   788    790    789
   792    882    794
   792    794    793
   795    883    884
   795    884    798
   795    798    796
   799    885    886
   799    886    800
   800    886    887
   800    887    804
   800    804    801
   805    804    887
   805    887    888
   805    888    889
   805    889    807
   807    889    694
   807    694    693
   807    693    808
   890    813    812
   890    812    811
   891    815    814
   891    814    813
   891    813    890
   892    819    818
   892    818    817
   892    817    893
   894    820    819
   894    819    892
   894    892    895
   896    897    898
   896    898    823
   896    823    822
   896    822    899
   826    900    901
   826    901    827
   709    828    902
   709    902    829
   709    829    710
   832    903    904
   832    904    833
   833    904    834
   833    834    714
   833    714    713
   905    839    837
   905    837    719
   905    719    718
   905    718    836
   906    841    840
   906    840    838
   906    838    839
   906    839    905
   732    842    733
   907    736    735
   907    735    843
   907    843    908
   909    910    845
   909    845    844
   739    911    912
   739    912    743
   739    743    742
   739    742    740
   609    743    912
   609    912    913
   609    913    846
   609    846    610
   914    745    617
   914    617    616
   914    616    615
   914    615    847
   914    847    915
   916    917    848
   916    848    623
   916    623    621
   916    621    622
   916    622    619
   916    619    618
   916    618    745
   916    745    914
   853    851    850
   853    850    628
   853    628    626
   853    626    627
   853    627    747
   853    747    849
   853    849    848
   853    848    917
   918    855    852
   918    852    853
   918    853    917
   918    917    916
   918    916    919
   857    856    854
   857    854    855
   857    855    918
   920    858    857
   920    857    918
   920    918    919
   920    919    921
   860    765    764
   860    764    859
   860    859    858
   860    858    920
   860    920    922
   923    862    861
   923    861    860
   923    860    922
   923    922    924
   659    862    923
   659    923    768
   659    768    660
   863    925    926
   863    926    865
   863    865    864
   777    925    863
   777    863    778
   784    927    866
   784    866    785
   867    928    868
   874    873    929
   874    929    875
   877    930    879
   877    879    878
   790    881    931
   790    931    791
   794    882    932
   794    932    883
   794    883    795
   884    933    885
   884    885    799
   884    799    798
   887    886    885
   887    885    933
   887    933    934
   887    934    935
   887    935    888
   694    889    888
   694    888    935
   694    935    809
   694    809    696
   694    696    695
   936    937    816
   936    816    815
   936    815    891
   893    817    816
   893    816    937
   899    822    821
   899    821    820
   899    820    894
   899    894    938
   939    940    897
   939    897    896
   824    900    826
   824    826    825
   829    902    941
   829    941    942
   829    942    830
   830    942    943
   830    943    903
   830    903    832
   830    832    831
   943    944    906
   943    906    905
   943    905    836
   943    836    835
   943    835    834
   943    834    904
   943    904    903
   908    843    734
   908    734    733
   908    733    842
   908    842    841
   908    841    906
   908    906    944
   945    946    909
   945    909    844
   945    844    737
   945    737    736
   945    736    907
   947    910    909
   947    909    946
   947    946    948
   738    845    910
   738    910    947
   738    947    949
   738    949    911
   738    911    739
   950    913    912
   950    912    911
   950    911    949
   950    949    951
   950    951    952
   950    952    953
   950    953    954
   915    847    614
   915    614    613
   915    613    744
   915    744    846
   915    846    913
   915    913    950
   915    950    955
   921    919    916
   921    916    914
   921    914    915
   921    915    955
   921    955    956
   956    955    950
   956    950    954
   956    954    957
   956    957    958
   924    922    920
   924    920    921
   924    921    956
   924    956    958
   924    958    959
   959    958    957
   959    957    960
   959    960    961
   959    961    962
   776    769    768
   776    768    923
   776    923    924
   776    924    959
   776    959    962
   776    962    963
   776    963    926
   776    926    925
   776    925    777
   963    962    961
   963    961    964
   963    964    928
   963    928    867
   963    867    866
   963    866    927
   783    865    926
   783    926    963
   783    963    927
   783    927    784
   869    965    870
   870    965    966
   870    966    871
   875    929    967
   875    967    876
   879    930    968
   879    968    969
   879    969    880
   791    931    970
   791    970    971
   791    971    932
   791    932    882
   791    882    792
   971    972    934
   971    934    933
   971    933    884
   971    884    883
   971    883    932
   935    934    972
   935    972    973
   935    973    936
   935    936    891
   935    891    890
   935    890    811
   935    811    810
   935    810    809
   974    895    892
   974    892    893
   974    893    937
   974    937    936
   974    936    973
   975    938    894
   975    894    895
   975    895    974
   976    940    939
   823    898    977
   823    977    901
   823    901    900
   823    900    824
   827    901    977
   827    977    978
   827    978    941
   827    941    902
   827    902    828
   941    978    979
   941    979    945
   941    945    907
   941    907    908
   941    908    944
   941    944    943
   941    943    942
   980    948    946
   980    946    945
   980    945    979
   980    979    981
   982    951    949
   982    949    947
   982    947    948
   982    948    980
   983    984    985
   983    985    952
   983    952    951
   983    951    982
   953    952    985
   953    985    986
   953    986    987
   957    954    953
   957    953    987
   957    987    988
   957    988    960
   988    987    986
   988    986    989
   988    989    990
   988    990    991
   961    960    988
   961    988    991
   961    991    992
   961    992    993
   961    993    994
   961    994    964
   994    993    995
   994    995    996
   994    996    997
   868    928    964
   868    964    994
   868    994    997
   868    997    998
   868    998    966
   868    966    965
   868    965    869
   871    966    998
   871    998    999
   871    999    872
   872    999   1000
   872   1000    967
   872    967    929
   872    929    873
   876    967   1000
   876   1000   1001
   876   1001   1002
   876   1002    968
   876    968    930
   876    930    877
   880    969   1003
   880   1003   1004
   880   1004   1005
   880   1005    970
   880    970    931
   880    931    881
   970   1005    975
   970    975    974
   970    974    973
   970    973    972
   970    972    971
  1004   1006    976
  1004    976    939
  1004    939    896
  1004    896    899
  1004    899    938
  1004    938    975
  1004    975   1005
  1003   1007   1008
  1003   1008   1009
  1003   1009   1006
  1003   1006   1004
  1009    981    979
  1009    979    978
  1009    978    977
  1009    977    898
  1009    898    897
  1009    897    940
  1009    940    976
  1009    976   1006
  1008   1010    983
  1008    983    982
  1008    982    980
  1008    980    981
  1008    981   1009
  1011   1012    984
  1011    984    983
  1011    983   1010
   986    985    984
   986    984   1012
   986   1012   1013
   986   1013    989
   989   1013   1014
   989   1014   1015
   989   1015    990
   991    990   1015
   991   1015   1016
   991   1016   1017
   991   1017    992
   995    993    992
   995    992   1017
   995   1017   1018
  1000    999    998
  1000    998    997
  1000    997    996
  1000    996   1001
  1001    996    995
  1001    995   1018
  1001   1018   1019
  1001   1019   1002
  1002   1019   1020
  1002   1020   1007
  1002   1007   1003
  1002   1003    969
  1002    969    968
  1020   1021   1011
  1020   1011   1010
  1020   1010   1008
  1020   1008   1007
  1022   1014   1013
  1022   1013   1012
  1022   1012   1011
  1022   1011   1021
  1016   1015   1014
  1016   1014   1022
  1018   1017   1016
  1018   1016   1022
  1018   1022   1021
  1018   1021   1020
  1018   1020   1019
   545    544    327
   545    327    326
   545    326    172
   545    172    175
   545    175    248
   545    248    244
   545    244    247
   545    247    423
   545    423    542
   545    542    670
   545    670    674
