1022 2040
    0.049821     0.189969     0.450224
    0.049821     0.103118     0.458778
    0.159170     0.103118     0.448008
    0.210689     0.116036     0.441661
    0.292517     0.190823     0.426236
    0.138683     0.344657     0.426236
    0.069677     0.269155     0.440469
   -0.251613    -0.118089     0.450876
   -0.171385    -0.118089     0.458778
   -0.250601    -0.110453     0.450224
   -0.352875    -0.210637     0.431787
   -0.299491    -0.264021     0.431787
   -0.171385    -0.123855     0.458210
   -0.051972    -0.108024     0.448008
    0.424147     0.560838     0.343757
    0.325276     0.206514     0.418270
    0.458079     0.206514     0.377985
    0.565311     0.252039     0.339736
    0.574449     0.259895     0.335977
    0.447976     0.565228     0.335977
    0.434143     0.570834     0.339469
    0.214159     0.502243     0.387917
    0.214159     0.518725     0.382917
    0.432211     0.575601     0.338265
    0.301459     0.629760     0.338265
    0.273573     0.631880     0.341126
    0.251103     0.605746     0.351877
    0.018798     0.283353     0.429769
    0.094017     0.468960     0.382917
   -0.277742    -0.013187     0.429769
   -0.352928    -0.043657     0.410790
   -0.439224    -0.251995     0.410790
   -0.583974    -0.353254     0.359204
   -0.573703    -0.378052     0.359204
   -0.522925    -0.357540     0.377184
   -0.498060    -0.332675     0.387851
   -0.485667    -0.288261     0.397191
   -0.530535    -0.307309     0.381188
   -0.306813    -0.279310     0.428070
   -0.409654    -0.404458     0.377184
   -0.307265    -0.285367     0.426175
   -0.306813    -0.284303     0.426555
    0.050041    -0.136489     0.426555
    0.108125    -0.133274     0.417534
    0.242704     0.001304     0.417534
    0.399378     0.064798     0.377985
    0.735068     0.260949     0.250275
    0.748646     0.268803     0.241893
    0.747489     0.285329     0.240144
    0.689957     0.500043     0.240144
    0.667278     0.513435     0.250348
    0.577790     0.260949     0.334342
    0.629730     0.550164     0.260015
    0.554020     0.568848     0.289432
    0.516677     0.606190     0.289432
    0.433894     0.624926     0.316616
    0.410729     0.648609     0.310519
    0.362220     0.651296     0.318052
    0.314019     0.664211     0.318052
    0.273573     0.667041     0.322332
    0.181551     0.630397     0.328740
    0.264265     0.677009     0.315671
    0.198702     0.659442     0.315671
    0.092658     0.508773     0.365442
    0.102806     0.549894     0.349465
   -0.394073     0.022042     0.365442
   -0.408513    -0.041760     0.386393
   -0.569010    -0.198752     0.345074
   -0.608767    -0.222230     0.327186
   -0.646151    -0.361748     0.327186
   -0.610903    -0.361748     0.346027
   -0.648356    -0.363023     0.325825
   -0.647425    -0.376330     0.324416
   -0.635793    -0.419741     0.324416
   -0.630758    -0.417770     0.327390
   -0.612808    -0.417157     0.335269
   -0.660592    -0.452946     0.299798
   -0.657657    -0.465914     0.295539
   -0.619549    -0.504022     0.295539
   -0.615412    -0.493454     0.301780
   -0.415360    -0.422550     0.368331
   -0.621391    -0.540825     0.275604
   -0.465349    -0.582636     0.275604
   -0.415360    -0.496222     0.328953
   -0.145482    -0.423909     0.328953
   -0.105830    -0.356761     0.359165
    0.108282    -0.137869     0.415517
    0.295148    -0.095576     0.354156
    0.453669     0.062945     0.354156
    0.617961     0.103489     0.290319
    0.619776     0.103398     0.289336
    0.706589     0.154663     0.250275
    0.770702     0.263269     0.224695
    0.828861     0.263269     0.176966
    0.827897     0.276159     0.175652
    0.800531     0.413736     0.175652
    0.795807     0.419139     0.178647
    0.795681     0.419311     0.178706
    0.733002     0.487463     0.211158
    0.706463     0.499354     0.228219
    0.675406     0.545835     0.228219
    0.631029     0.565471     0.251448
    0.608531     0.587969     0.251448
    0.528965     0.607233     0.282555
    0.494797     0.630064     0.282555
    0.410705     0.649176     0.310109
    0.385580     0.672284     0.298145
    0.344443     0.675197     0.304070
    0.269741     0.690056     0.304070
    0.261715     0.690656     0.304887
    0.261715     0.687173     0.307746
    0.200779     0.709176     0.279741
    0.223034     0.725293     0.270147
    0.198181     0.720350     0.270147
   -0.072385     0.564764     0.251419
    0.176282     0.736028     0.247621
   -0.069175     0.572019     0.247621
   -0.399278     0.237872     0.251419
   -0.408988     0.197765     0.267099
   -0.652784    -0.167102     0.267099
   -0.665855    -0.224613     0.285943
   -0.691732    -0.252748     0.272546
   -0.691898    -0.255105     0.272885
   -0.653386    -0.361761     0.321903
   -0.703886    -0.315370     0.272885
   -0.705161    -0.332424     0.274623
   -0.678891    -0.361761     0.300971
   -0.678377    -0.368631     0.300271
   -0.666396    -0.428866     0.300271
   -0.664703    -0.452774     0.296828
   -0.684257    -0.480086     0.268733
   -0.677699    -0.508944     0.259278
   -0.663156    -0.530708     0.259278
   -0.658104    -0.551576     0.251119
   -0.626822    -0.548921     0.268626
   -0.675617    -0.608285     0.200278
   -0.668836    -0.623609     0.192257
   -0.622409    -0.654631     0.192257
   -0.609779    -0.682816     0.174137
   -0.478438    -0.635390     0.234500
   -0.465349    -0.583218     0.275179
   -0.608702    -0.687814     0.170211
   -0.572099    -0.733890     0.138373
   -0.478438    -0.752520     0.138373
   -0.476297    -0.755247     0.135785
   -0.470180    -0.760725     0.130291
   -0.469519    -0.760675     0.130224
   -0.338598    -0.734634     0.130224
   -0.273379    -0.652537     0.186952
   -0.165523    -0.553342     0.238311
   -0.149382    -0.517318     0.261470
    0.460760    -0.109634     0.261470
    0.481338    -0.104652     0.253425
    0.625222     0.039232     0.253425
    0.718989     0.080723     0.204344
    0.770167     0.157317     0.204344
    0.803558     0.172279     0.182877
    0.826746     0.177276     0.164663
    0.832234     0.181636     0.160871
    0.844907     0.245349     0.160871
    0.845230     0.245276     0.160492
    0.863632     0.245276     0.138068
    0.862035     0.264824     0.136242
    0.849656     0.342981     0.136242
    0.848756     0.353500     0.134901
    0.806514     0.409443     0.169886
    0.764028     0.481433     0.178706
    0.734322     0.502314     0.200840
    0.677782     0.545679     0.226134
    0.708412     0.531190     0.206911
    0.647039     0.576422     0.226134
    0.608154     0.593744     0.246379
    0.582868     0.616433     0.241063
    0.522675     0.632542     0.263188
    0.439382     0.674982     0.263188
    0.383935     0.688841     0.279897
    0.352581     0.712517     0.260289
    0.341599     0.713456     0.261689
    0.221874     0.732418     0.261689
    0.221874     0.730426     0.264117
    0.174706     0.745785     0.236299
    0.218422     0.735474     0.257300
    0.183034     0.759303     0.221434
    0.172983     0.757711     0.221434
    0.174138     0.740067     0.242601
    0.055793     0.750588     0.160384
    0.128146     0.781645     0.167128
    0.125617     0.782875     0.164204
    0.112940     0.779706     0.160384
   -0.063488     0.659121     0.171181
    0.031076     0.743973     0.151299
   -0.066245     0.657893     0.169745
   -0.374419     0.349719     0.169745
   -0.424991     0.236193     0.228853
   -0.536870     0.111509     0.202638
   -0.631757    -0.043656     0.210705
   -0.655779    -0.133417     0.243698
   -0.676992    -0.175049     0.243698
   -0.679740    -0.183037     0.245231
   -0.697303    -0.253302     0.266406
   -0.704279    -0.262541     0.260628
   -0.712068    -0.280773     0.255948
   -0.712710    -0.288273     0.256904
   -0.717500    -0.318518     0.256904
   -0.718577    -0.331703     0.258136
   -0.718092    -0.332424     0.258867
   -0.715634    -0.362497     0.256058
   -0.702789    -0.443598     0.256058
   -0.699800    -0.478542     0.251603
   -0.714456    -0.505997     0.218350
   -0.707252    -0.534817     0.209665
   -0.684047    -0.580359     0.209665
   -0.676591    -0.608222     0.199423
   -0.688927    -0.651707     0.147014
   -0.665470    -0.675163     0.147014
   -0.658566    -0.689757     0.137855
   -0.656042    -0.692022     0.137324
   -0.649862    -0.700814     0.130773
   -0.577491    -0.737688     0.130773
   -0.571574    -0.739167     0.132556
   -0.530385    -0.770269     0.106798
   -0.526944    -0.771740     0.105915
   -0.525385    -0.772458     0.105340
   -0.481854    -0.779353     0.105340
   -0.470180    -0.780307     0.106431
   -0.460670    -0.786711     0.096792
   -0.430301    -0.794960     0.080880
   -0.399493    -0.792442     0.078002
   -0.380974    -0.789509     0.078002
   -0.356522    -0.787417     0.074885
   -0.342814    -0.777066     0.083458
   -0.263808    -0.757319     0.059649
    0.091649    -0.576205     0.059649
    0.103500    -0.573033     0.055293
    0.472367    -0.242049     0.132847
    0.476221    -0.240332     0.130840
    0.787248     0.070695     0.130840
    0.793894     0.085614     0.138608
    0.831199     0.127188     0.129867
    0.835536     0.130237     0.126635
    0.861355     0.180910     0.126635
    0.862282     0.184621     0.127753
    0.863891     0.186752     0.126421
    0.863974     0.187715     0.126544
    0.869612     0.223313     0.126544
    0.870566     0.234981     0.127634
    0.878378     0.234981     0.113018
    0.876209     0.259689     0.110989
    0.870935     0.299752     0.110989
    0.849191     0.353424     0.134163
    0.869084     0.318973     0.108901
    0.850585     0.351814     0.132168
    0.820147     0.423542     0.134163
    0.807755     0.436712     0.146888
    0.765428     0.481138     0.176807
    0.787930     0.463387     0.156359
    0.736359     0.519022     0.176807
    0.707366     0.540068     0.197584
    0.658421     0.575081     0.214176
    0.687326     0.560108     0.197584
    0.613654     0.609432     0.214176
    0.581082     0.624928     0.229538
    0.533487     0.660302     0.212638
    0.520213     0.667448     0.212056
    0.487333     0.677164     0.222748
    0.390960     0.717084     0.222748
    0.349829     0.728212     0.233588
    0.305927     0.752940     0.202485
    0.297673     0.755668     0.200000
    0.180981     0.768182     0.205329
    0.290865     0.757970     0.197370
    0.180981     0.772436     0.197370
    0.179064     0.773474     0.194955
    0.148968     0.786514     0.163146
    0.125577     0.783435     0.163146
    0.058645     0.782177     0.114595
    0.090364     0.793538     0.117854
    0.077997     0.790193     0.114595
    0.037812     0.776021     0.107820
    0.000862     0.762522     0.083792
   -0.148056     0.648253     0.083792
    0.030663     0.776700     0.097847
   -0.153607     0.645377     0.080606
   -0.307883     0.491101     0.080606
   -0.372445     0.366468     0.152149
   -0.485938     0.218561     0.152149
   -0.642394    -0.057968     0.205623
   -0.688473    -0.204119     0.245231
   -0.721892    -0.298214     0.243592
   -0.722106    -0.300440     0.243834
   -0.726222    -0.331703     0.243834
   -0.732751    -0.343760     0.228649
   -0.749046    -0.381368     0.188900
   -0.752880    -0.402917     0.176420
   -0.750634    -0.428512     0.174318
   -0.744441    -0.475550     0.174318
   -0.741974    -0.501172     0.171535
   -0.752005    -0.536136     0.126564
   -0.747246    -0.553727     0.121927
   -0.711986    -0.638852     0.121927
   -0.709453    -0.647426     0.119139
   -0.688961    -0.651734     0.146941
   -0.710151    -0.654776     0.108887
   -0.685320    -0.687136     0.108887
   -0.684845    -0.686660     0.110245
   -0.684976    -0.689587     0.105349
   -0.645923    -0.719553     0.105349
   -0.644279    -0.721637     0.103455
   -0.626472    -0.734872     0.097133
   -0.611676    -0.739244     0.101944
   -0.548804    -0.765286     0.101944
   -0.510166    -0.781030     0.094558
   -0.494397    -0.782549     0.096271
   -0.467009    -0.786155     0.096271
   -0.429644    -0.795244     0.080186
   -0.417346    -0.797095     0.073694
   -0.390506    -0.794739     0.071491
   -0.390487    -0.794737     0.071491
   -0.357244    -0.791535     0.067879
   -0.349934    -0.793633     0.058477
   -0.301991    -0.791998     0.025046
   -0.224498    -0.771032     0.004623
   -0.198560    -0.760288     0.004623
   -0.057584    -0.718629    -0.041222
    0.097053    -0.603702     0.013685
    0.113308    -0.595968     0.006018
    0.569058    -0.246259     0.006018
    0.582447    -0.227814     0.019236
    0.739406    -0.070855     0.019236
    0.779744     0.007014     0.063935
    0.830101     0.072641     0.063935
    0.857396     0.130011     0.090993
    0.856947     0.134738     0.097586
    0.862587     0.153825     0.103793
    0.871932     0.176385     0.103793
    0.874868     0.187239     0.106654
    0.874476     0.188608     0.108415
    0.875567     0.199942     0.109646
    0.878558     0.222660     0.109646
    0.879427     0.232559     0.110459
    0.884405     0.232559     0.094047
    0.882526     0.253062     0.092627
    0.879372     0.281051     0.092627
    0.877014     0.304031     0.090577
    0.871832     0.318074     0.100820
    0.868147     0.331074     0.097952
    0.848991     0.385818     0.097952
    0.827427     0.420371     0.117818
    0.848400     0.387696     0.097440
    0.835899     0.409507     0.106936
    0.803434     0.458556     0.117818
    0.784278     0.479793     0.135782
    0.744713     0.515949     0.163002
    0.777361     0.488068     0.137088
    0.720596     0.540065     0.163002
    0.684640     0.567410     0.185517
    0.624202     0.607084     0.200947
    0.662679     0.585765     0.182053
    0.562738     0.645704     0.200947
    0.459314     0.702352     0.185542
    0.416268     0.715897     0.197282
    0.329514     0.746254     0.197282
    0.249962     0.773064     0.167535
    0.223626     0.780073     0.156651
    0.210038     0.783602     0.150065
    0.148884     0.790492     0.150065
    0.148884     0.786805     0.162218
    0.095267     0.794745     0.116131
    0.142365     0.792095     0.142360
    0.117294     0.797109     0.116517
    0.111716     0.796598     0.116131
    0.090602     0.794266     0.115715
    0.039543     0.788389     0.075900
    0.060113     0.795155     0.077336
    0.053603     0.793310     0.075900
    0.035153     0.787008     0.074703
   -0.038567     0.762199     0.008207
   -0.059403     0.749107     0.008207
   -0.000662     0.781115     0.023357
   -0.114296     0.718692    -0.018748
   -0.132110     0.703803    -0.015937
   -0.145106     0.693919    -0.024075
   -0.310386     0.528640    -0.024075
   -0.350998     0.475237     0.009363
   -0.360832     0.463472     0.007507
   -0.478827     0.250507     0.112081
   -0.553359     0.131891     0.112081
   -0.645093    -0.051929     0.185550
   -0.646372    -0.059701     0.196693
   -0.687888    -0.191644     0.232679
   -0.718024    -0.277770     0.232679
   -0.724017    -0.298909     0.237342
   -0.734989    -0.328642     0.215654
   -0.746477    -0.358571     0.188900
   -0.759042    -0.427981     0.146798
   -0.769996    -0.482750     0.090342
   -0.768395    -0.500215     0.089133
   -0.765308    -0.527616     0.089133
   -0.764865    -0.531928     0.088748
   -0.765780    -0.563290     0.049271
   -0.763351    -0.571859     0.047381
   -0.744943    -0.624466     0.047381
   -0.743845    -0.626261     0.048941
   -0.737505    -0.637321     0.053757
   -0.730527    -0.646270     0.062720
   -0.710478    -0.655002     0.107733
   -0.712443    -0.675050     0.062720
   -0.705174    -0.683109     0.069536
   -0.704873    -0.683311     0.070075
   -0.704271    -0.682885     0.072763
   -0.685266    -0.689878     0.104167
   -0.677675    -0.710509     0.070075
   -0.673959    -0.714861     0.066621
   -0.673682    -0.715092     0.066578
   -0.668528    -0.719741     0.062218
   -0.619698    -0.750423     0.062218
   -0.616912    -0.752595     0.059427
   -0.611930    -0.755451     0.057258
   -0.586254    -0.763530     0.064261
   -0.533104    -0.782128     0.064261
   -0.516324    -0.786885     0.067963
   -0.508327    -0.786651     0.078029
   -0.485905    -0.788952     0.080030
   -0.431898    -0.795038     0.080030
   -0.406394    -0.799285     0.062405
   -0.386223    -0.797436     0.061008
   -0.378311    -0.796545     0.061008
   -0.286102    -0.792461     0.005045
   -0.283965    -0.792118     0.003701
   -0.269565    -0.789565    -0.004555
   -0.200162    -0.769891    -0.019865
   -0.197405    -0.769155    -0.020977
   -0.079203    -0.731962    -0.053215
   -0.058131    -0.719885    -0.044041
   -0.009274    -0.695503    -0.063568
    0.144758    -0.598718    -0.063568
    0.162102    -0.585106    -0.055180
    0.467602    -0.345045    -0.042186
    0.561627    -0.266454    -0.027353
    0.585301    -0.248451    -0.042177
    0.725858    -0.107894    -0.042177
    0.759706    -0.063386    -0.014308
    0.780499    -0.038509    -0.018232
    0.822054     0.036492     0.018596
    0.844814     0.072714     0.018596
    0.862495     0.108143     0.032756
    0.866765     0.134092     0.069959
    0.870506     0.145983     0.073202
    0.880449     0.174396     0.073202
    0.881528     0.178203     0.074041
    0.881204     0.189312     0.088025
    0.882142     0.198455     0.088841
    0.884760     0.221694     0.088841
    0.885332     0.227928     0.089272
    0.882526     0.272151     0.073539
    0.886901     0.227928     0.073344
    0.882830     0.269254     0.073344
    0.879332     0.300500     0.073539
    0.878960     0.302199     0.075137
    0.864377     0.350255     0.075196
    0.864467     0.349977     0.075137
    0.853507     0.381319     0.075196
    0.852667     0.383150     0.076745
    0.835758     0.414783     0.076745
    0.829055     0.426560     0.081349
    0.809793     0.453054     0.098631
    0.826375     0.430825     0.081349
    0.799384     0.465737     0.098631
    0.771733     0.497080     0.118696
    0.729426     0.534551     0.144984
    0.770490     0.498324     0.118696
    0.700131     0.558592     0.144984
    0.660815     0.587920     0.175551
    0.575618     0.640534     0.181621
    0.591147     0.631696     0.175551
    0.458453     0.703161     0.181621
    0.453047     0.705644     0.177044
    0.346571     0.742901     0.177044
    0.301781     0.757345     0.167535
    0.171195     0.792095     0.113530
    0.166752     0.793008     0.108702
    0.144265     0.795371     0.107192
    0.117294     0.798028     0.107192
    0.077897     0.798028     0.067795
    0.063379     0.796598     0.067795
    0.061262     0.796375     0.067653
    0.010315     0.784802     0.024542
    0.041985     0.792414     0.046707
    0.018421     0.787261     0.024542
   -0.000421     0.781340     0.022263
   -0.018881     0.773592    -0.001606
   -0.062356     0.753620    -0.038414
   -0.069639     0.749727    -0.038414
   -0.104724     0.729757    -0.052130
   -0.115020     0.722839    -0.068070
   -0.169582     0.682139    -0.110489
   -0.177199     0.676223    -0.113980
   -0.189161     0.666406    -0.113980
   -0.253912     0.609282    -0.155431
   -0.270188     0.593006    -0.155431
   -0.290106     0.570428    -0.169886
   -0.379797     0.461140    -0.169886
   -0.409400     0.421454    -0.139032
   -0.427223     0.393089    -0.139032
   -0.499456     0.266187    -0.089420
   -0.582237     0.111316    -0.089420
   -0.666708    -0.072564     0.066263
   -0.668530    -0.076904     0.071875
   -0.694186    -0.156469     0.088768
   -0.758544    -0.368626     0.088768
   -0.758904    -0.370272     0.090316
   -0.759042    -0.371499     0.090316
   -0.763126    -0.410356     0.087706
   -0.770256    -0.482750     0.087706
   -0.770256    -0.542184     0.028272
   -0.768421    -0.560817     0.028272
   -0.768395    -0.560827     0.028521
   -0.764559    -0.579125     0.009486
   -0.757074    -0.603800     0.009486
   -0.766216    -0.571545     0.016616
   -0.756342    -0.606070     0.009004
   -0.750718    -0.618311     0.019367
   -0.735933    -0.645972     0.019367
   -0.729865    -0.656633     0.023535
   -0.729590    -0.657041     0.024168
   -0.722914    -0.665991     0.031126
   -0.693420    -0.701930     0.031126
   -0.692449    -0.703031     0.030422
   -0.691697    -0.703783     0.030422
   -0.680796    -0.713400     0.023443
   -0.657410    -0.732593     0.023443
   -0.646531    -0.740707     0.014986
   -0.643277    -0.742894     0.009948
   -0.634398    -0.747948     0.006476
   -0.600773    -0.765921     0.006476
   -0.598209    -0.767098     0.004306
   -0.584308    -0.771963     0.004306
   -0.583494    -0.772225     0.004479
   -0.531320    -0.788052     0.004479
   -0.511052    -0.792484     0.023543
   -0.488385    -0.795038     0.023543
   -0.486288    -0.795258     0.023402
   -0.406394    -0.803127     0.023402
   -0.391216    -0.803127     0.008224
   -0.333438    -0.797436     0.008224
   -0.213869    -0.777387    -0.056943
   -0.167089    -0.763197    -0.056943
   -0.118154    -0.747417    -0.067333
   -0.082305    -0.734873    -0.067333
   -0.055206    -0.722424    -0.090276
    0.008527    -0.688358    -0.090276
    0.041942    -0.669338    -0.103340
    0.106002    -0.629087    -0.103340
    0.609972    -0.233043    -0.092525
    0.614778    -0.229254    -0.098049
    0.695903    -0.148128    -0.098049
    0.712430    -0.129395    -0.086056
    0.778652    -0.048704    -0.086056
    0.796733    -0.024465    -0.067211
    0.807151    -0.007885    -0.067211
    0.825171     0.023775    -0.054834
    0.868819     0.114798     0.001577
    0.868735     0.114793     0.002488
    0.845570     0.061937    -0.054834
    0.857857     0.088685    -0.032188
    0.884625     0.181119     0.049467
    0.874592     0.133831     0.001577
    0.879824     0.157760     0.024085
    0.884760     0.182407     0.049553
    0.886901     0.204137     0.049553
    0.885641     0.204137     0.036765
    0.882830     0.234798     0.038888
    0.875760     0.303863     0.045199
    0.878833     0.270276     0.038888
    0.875677     0.301029     0.041631
    0.868489     0.329511     0.050856
    0.849552     0.385534     0.056012
    0.855500     0.366630     0.050856
    0.846970     0.390040     0.054051
    0.840427     0.403150     0.059290
    0.831083     0.418021     0.059290
    0.821792     0.434789     0.067525
    0.804720     0.457194     0.081196
    0.821411     0.435245     0.067453
    0.787134     0.474780     0.081196
    0.763073     0.502956     0.103560
    0.706402     0.551344     0.123116
    0.721829     0.537429     0.110066
    0.556200     0.645722     0.123116
    0.543370     0.652125     0.117988
    0.457841     0.701146     0.155226
    0.339871     0.738265     0.123051
    0.264286     0.764713     0.123051
    0.167581     0.792127     0.101718
    0.095422     0.795371     0.058349
    0.134033     0.791149     0.059488
    0.121267     0.792459     0.058349
    0.077897     0.796978     0.057136
    0.055078     0.792414     0.033614
    0.036601     0.787872     0.011778
    0.016905     0.785652     0.011778
   -0.005573     0.777024    -0.008316
   -0.010312     0.775276    -0.011772
   -0.035207     0.762982    -0.039477
   -0.062590     0.753401    -0.039477
   -0.090658     0.736233    -0.063870
   -0.111710     0.724167    -0.073036
   -0.139573     0.702438    -0.100945
   -0.157126     0.689965    -0.110489
   -0.207787     0.648633    -0.139854
   -0.239013     0.621344    -0.157143
   -0.252065     0.610436    -0.159201
   -0.272187     0.586872    -0.177905
   -0.285374     0.572385    -0.184971
   -0.294723     0.563036    -0.184971
   -0.310671     0.542065    -0.198102
   -0.347793     0.495517    -0.209328
   -0.367987     0.471357    -0.205517
   -0.373682     0.461079    -0.210564
   -0.436405     0.361256    -0.210564
   -0.445499     0.347555    -0.207352
   -0.481295     0.281069    -0.204434
   -0.491173     0.263365    -0.199768
   -0.556384     0.149587    -0.150231
   -0.575216     0.118798    -0.123473
   -0.650700    -0.096925    -0.123473
   -0.691011    -0.196233    -0.080459
   -0.717310    -0.275817    -0.056496
   -0.747840    -0.358547     0.003849
   -0.752961    -0.408449    -0.000603
   -0.763126    -0.498666    -0.000603
   -0.767115    -0.542184    -0.003615
   -0.766216    -0.546680    -0.008249
   -0.764949    -0.551833    -0.014340
   -0.761556    -0.581953    -0.014340
   -0.760291    -0.585247    -0.017285
   -0.756197    -0.606079     0.007430
   -0.757380    -0.590880    -0.024553
   -0.749603    -0.613106    -0.024553
   -0.758188    -0.589245    -0.022734
   -0.748211    -0.615382    -0.026531
   -0.748140    -0.615460    -0.026677
   -0.713644    -0.670361    -0.026677
   -0.713318    -0.670948    -0.026389
   -0.712821    -0.671543    -0.026483
   -0.708867    -0.676742    -0.023227
   -0.659066    -0.726543    -0.023227
   -0.658283    -0.727460    -0.022500
   -0.652310    -0.732452    -0.021557
   -0.648972    -0.734301    -0.023197
   -0.614622    -0.755885    -0.023197
   -0.610083    -0.758150    -0.025010
   -0.604076    -0.761593    -0.022395
   -0.586109    -0.767247    -0.027295
   -0.557672    -0.777197    -0.027295
   -0.542478    -0.781504    -0.030647
   -0.534827    -0.784328    -0.025066
   -0.469502    -0.791032    -0.030893
   -0.431993    -0.795258    -0.030893
   -0.391216    -0.798996    -0.033716
   -0.366284    -0.794009    -0.059416
   -0.354857    -0.792290    -0.065447
   -0.352984    -0.792118    -0.065318
   -0.250149    -0.780531    -0.065318
   -0.213265    -0.776746    -0.062027
   -0.176679    -0.763245    -0.088714
   -0.147817    -0.753707    -0.097404
   -0.142514    -0.752204    -0.096234
   -0.075616    -0.728795    -0.096234
   -0.055125    -0.722348    -0.090646
   -0.017374    -0.700711    -0.107082
    0.037834    -0.670987    -0.109504
    0.079426    -0.643378    -0.119254
    0.121054    -0.617222    -0.119254
    0.586812    -0.249561    -0.127262
    0.605180    -0.235593    -0.115761
    0.612605    -0.230956    -0.100608
    0.465178    -0.346695    -0.155239
    0.466820    -0.345323    -0.155498
    0.468868    -0.343622    -0.155708
    0.701324    -0.139449    -0.115761
    0.771263    -0.055096    -0.108347
    0.707041    -0.131931    -0.120469
    0.818411     0.020170    -0.109306
    0.775096    -0.048178    -0.111745
    0.816513     0.017736    -0.111745
    0.828837     0.038361    -0.101386
    0.838928     0.054859    -0.087048
    0.860759     0.103452    -0.049707
    0.844651     0.071215    -0.087048
    0.857677     0.097594    -0.057693
    0.871190     0.130627    -0.025416
    0.879824     0.175056     0.006788
    0.873126     0.147807    -0.025416
    0.868728     0.147807    -0.039913
    0.865740     0.181851    -0.037118
    0.864801     0.304588     0.009649
    0.859005     0.233008    -0.037118
    0.855300     0.271477    -0.032939
    0.857070     0.333162     0.017180
    0.840217     0.392981     0.038889
    0.845849     0.360252     0.017180
    0.839234     0.382637     0.024459
    0.833527     0.407041     0.045520
    0.824440     0.418885     0.045520
    0.814682     0.437721     0.056333
    0.791164     0.463826     0.063095
    0.798013     0.454390     0.056333
    0.684378     0.545765     0.063095
    0.662824     0.556020     0.052929
    0.548088     0.641293     0.093668
    0.405827     0.683331     0.047405
    0.264695     0.741790     0.047405
    0.139062     0.775780     0.014294
    0.132909     0.774014     0.006380
    0.104755     0.776726     0.003322
    0.057248     0.782980     0.003322
    0.036601     0.784792     0.001626
    0.012498     0.774349    -0.023849
   -0.003375     0.765754    -0.043838
   -0.035692     0.761499    -0.043838
   -0.061175     0.745405    -0.067671
   -0.076260     0.736908    -0.078359
   -0.094486     0.721114    -0.100945
   -0.175741     0.672449    -0.128476
   -0.257038     0.598496    -0.177905
   -0.298675     0.554061    -0.198102
   -0.351030     0.489268    -0.212916
   -0.351570     0.488379    -0.213244
   -0.374157     0.458942    -0.213244
   -0.379099     0.448554    -0.218143
   -0.414280     0.391025    -0.221134
   -0.534926     0.157734    -0.199768
   -0.557913     0.116985    -0.183036
   -0.644899    -0.086626    -0.130770
   -0.722356    -0.328214    -0.062189
   -0.742352    -0.480098    -0.062189
   -0.747975    -0.544166    -0.067449
   -0.751104    -0.551388    -0.059815
   -0.752648    -0.551833    -0.054891
   -0.745470    -0.594184    -0.059815
   -0.746226    -0.594529    -0.057354
   -0.745284    -0.614620    -0.037137
   -0.733134    -0.606813    -0.079279
   -0.726514    -0.622796    -0.079279
   -0.736358    -0.603093    -0.074669
   -0.723524    -0.625973    -0.082349
   -0.717855    -0.628608    -0.090747
   -0.684284    -0.672358    -0.090747
   -0.681974    -0.676818    -0.088187
   -0.681074    -0.683224    -0.078942
   -0.668766    -0.700179    -0.066792
   -0.639975    -0.722271    -0.066792
   -0.626546    -0.739293    -0.051324
   -0.614027    -0.749096    -0.045339
   -0.616547    -0.746725    -0.047773
   -0.568177    -0.768088    -0.045339
   -0.544000    -0.776853    -0.044325
   -0.551598    -0.772573    -0.049708
   -0.443714    -0.787213    -0.053059
   -0.463609    -0.784594    -0.053059
   -0.322030    -0.779244    -0.096260
   -0.282358    -0.775762    -0.093003
   -0.329318    -0.781224    -0.092441
   -0.216156    -0.767047    -0.093003
   -0.089751    -0.729458    -0.110458
   -0.123683    -0.740113    -0.114503
   -0.114268    -0.736091    -0.116919
   -0.027755    -0.703779    -0.110458
    0.167735    -0.580483    -0.142149
    0.137323    -0.600349    -0.139812
    0.151683    -0.590300    -0.142984
    0.172449    -0.576777    -0.142659
    0.257327    -0.506072    -0.155498
    0.702930    -0.133444    -0.127262
    0.778878    -0.031191    -0.133050
    0.708153    -0.123362    -0.133050
    0.807681     0.012054    -0.128007
    0.810608     0.015164    -0.125001
    0.784812    -0.018718    -0.138933
    0.829608     0.054793    -0.117920
    0.824920     0.049716    -0.125001
    0.827722     0.052949    -0.120995
    0.838763     0.069288    -0.104363
    0.854950     0.116009    -0.073522
    0.841689     0.091518    -0.104363
    0.826351     0.091518    -0.133059
    0.825526     0.101619    -0.132115
    0.853920     0.271719    -0.035288
    0.816905     0.156047    -0.132115
    0.816222     0.164037    -0.131097
    0.829874     0.226671    -0.089849
    0.843684     0.312672    -0.022946
    0.832269     0.384101     0.015009
    0.832001     0.335602    -0.022946
    0.825452     0.360072    -0.013952
    0.827197     0.395485     0.020936
    0.764716     0.457966     0.020936
    0.764542     0.458334     0.021167
    0.664486     0.548115     0.042204
    0.507951     0.590007    -0.015332
    0.331436     0.679946    -0.015332
    0.161155     0.722507    -0.066646
    0.139008     0.739230    -0.052797
    0.114487     0.741327    -0.055923
    0.022815     0.755846    -0.055923
   -0.003375     0.757987    -0.058370
   -0.032797     0.738174    -0.088189
   -0.055772     0.717845    -0.117394
   -0.096181     0.711445    -0.117394
   -0.133932     0.676703    -0.152441
   -0.141622     0.670897    -0.157250
   -0.158999     0.646683    -0.180589
   -0.257454     0.596517    -0.180589
   -0.276197     0.569854    -0.200456
   -0.293060     0.554723    -0.204001
   -0.299779     0.540519    -0.212916
   -0.359659     0.470220    -0.222698
   -0.416561     0.382500    -0.224267
   -0.480225     0.257553    -0.224267
   -0.490454     0.216630    -0.236599
   -0.646437    -0.104606    -0.133062
   -0.697379    -0.426238    -0.133062
   -0.705558    -0.526320    -0.142411
   -0.716880    -0.543134    -0.125370
   -0.721343    -0.544166    -0.117275
   -0.706573    -0.608210    -0.125370
   -0.711676    -0.610576    -0.115783
   -0.712385    -0.626144    -0.102654
   -0.698043    -0.612627    -0.134910
   -0.689534    -0.629327    -0.134910
   -0.689968    -0.630856    -0.133067
   -0.688890    -0.633278    -0.131806
   -0.659425    -0.666581    -0.127234
   -0.658774    -0.679552    -0.112562
   -0.662871    -0.659296    -0.131806
   -0.644765    -0.699480    -0.097713
   -0.569541    -0.744586    -0.087415
   -0.577208    -0.733903    -0.097713
   -0.554516    -0.755932    -0.078019
   -0.420983    -0.773733    -0.083878
   -0.508555    -0.759863    -0.083878
   -0.248109    -0.758905    -0.116105
   -0.297863    -0.762971    -0.120753
   -0.136255    -0.741189    -0.116105
   -0.062561    -0.702195    -0.139812
   -0.072751    -0.704742    -0.142882
    0.446516    -0.346256    -0.179191
    0.424510    -0.356059    -0.190648
    0.713275    -0.079889    -0.178723
    0.712529    -0.080242    -0.179191
    0.768542    -0.022138    -0.161006
    0.759210    -0.028698    -0.167960
    0.805033     0.046922    -0.159026
    0.806118     0.046419    -0.156988
    0.803263     0.046005    -0.161006
    0.820216     0.082407    -0.142293
    0.808568     0.069244    -0.159026
    0.788639     0.069244    -0.183310
    0.782667     0.067894    -0.190326
    0.776929     0.067894    -0.196778
    0.770506     0.100186    -0.196778
    0.824442     0.250573    -0.082017
    0.770875     0.363635    -0.061848
    0.775120     0.324388    -0.082017
    0.766642     0.359402    -0.068328
    0.693974     0.376997    -0.096738
    0.390772     0.579590    -0.096738
    0.199527     0.623055    -0.159403
    0.168170     0.651894    -0.144471
    0.162027     0.652329    -0.145356
   -0.037152     0.691948    -0.145356
   -0.055772     0.693341    -0.147253
   -0.090240     0.662476    -0.178210
   -0.138001     0.601628    -0.235943
   -0.163988     0.596459    -0.235943
   -0.191132     0.562292    -0.259552
   -0.195878     0.540263    -0.276856
   -0.199189     0.532874    -0.281606
   -0.297483     0.467196    -0.281606
   -0.304132     0.473846    -0.271428
   -0.295878     0.462000    -0.286265
   -0.408628     0.293259    -0.286265
   -0.413782     0.270578    -0.293696
   -0.460678     0.219589    -0.269416
   -0.465886     0.146038    -0.280010
   -0.565303    -0.353764    -0.280010
   -0.571594    -0.437897    -0.288581
   -0.648020    -0.523245    -0.211928
   -0.661628    -0.526320    -0.195939
   -0.689322    -0.611366    -0.145781
   -0.637474    -0.576262    -0.211928
   -0.656022    -0.602169    -0.185278
   -0.675869    -0.612703    -0.160608
   -0.676612    -0.621068    -0.154797
   -0.652534    -0.607390    -0.185278
   -0.653263    -0.609750    -0.183162
   -0.665319    -0.621806    -0.164708
   -0.586481    -0.654372    -0.183162
   -0.584251    -0.659348    -0.179963
   -0.584558    -0.659926    -0.179246
   -0.343089    -0.705981    -0.181467
   -0.573809    -0.660088    -0.181467
   -0.297863    -0.709363    -0.186074
   -0.276837    -0.695411    -0.199018
   -0.282778    -0.695855    -0.199623
   -0.067691    -0.653809    -0.199018
   -0.030734    -0.607288    -0.231163
    0.002188    -0.577010    -0.246840
    0.028640    -0.517975    -0.284793
    0.431515    -0.248783    -0.284793
    0.607491    -0.087101    -0.271371
    0.449244    -0.208716    -0.305765
    0.541784    -0.116176    -0.305765
    0.752800     0.043403    -0.218049
    0.678480     0.019142    -0.271371
    0.713933     0.035028    -0.248579
    0.754290     0.044587    -0.217020
    0.789130     0.048048    -0.178622
    0.755595     0.051149    -0.217020
    0.742865     0.051149    -0.227467
    0.759662     0.097665    -0.206089
    0.755889     0.097822    -0.208815
    0.710999     0.043154    -0.252314
    0.699860     0.043154    -0.260452
    0.695981     0.057632    -0.260452
    0.666357     0.056149    -0.276499
    0.372774     0.349732    -0.276499
    0.265131     0.374095    -0.311845
    0.207459     0.433054    -0.296667
    0.194608     0.433766    -0.298662
   -0.142962     0.524218    -0.298662
   -0.138001     0.543991    -0.283245
   -0.145100     0.521927    -0.300193
   -0.184157     0.454412    -0.341874
   -0.202672     0.449451    -0.341874
   -0.210398     0.436369    -0.347760
   -0.275799     0.441920    -0.311158
   -0.207974     0.353725    -0.391644
   -0.263591     0.298107    -0.391644
   -0.206551     0.359493    -0.389402
   -0.268449     0.276646    -0.398691
   -0.257767     0.262344    -0.409294
   -0.263540     0.158117    -0.425481
   -0.351590    -0.170490    -0.425481
   -0.352863    -0.188679    -0.427406
   -0.408684    -0.288641    -0.397912
   -0.456111    -0.342349    -0.367758
   -0.555802    -0.435438    -0.301139
   -0.565607    -0.437897    -0.293494
   -0.608840    -0.557625    -0.238469
   -0.627796    -0.574011    -0.220238
   -0.541989    -0.486989    -0.301139
   -0.580587    -0.538672    -0.262821
   -0.628597    -0.583453    -0.214954
   -0.569319    -0.549940    -0.262821
   -0.589581    -0.580141    -0.236790
   -0.296841    -0.560077    -0.308757
   -0.509247    -0.505076    -0.307359
   -0.500247    -0.505575    -0.308757
   -0.282778    -0.561061    -0.310245
   -0.251504    -0.527569    -0.332626
   -0.218064    -0.469762    -0.368314
    0.033467    -0.402364    -0.368314
    0.275714    -0.193986    -0.402882
    0.064531    -0.349759    -0.391983
    0.200180    -0.211082    -0.427685
    0.408325    -0.061376    -0.402882
    0.508298    -0.036704    -0.364036
    0.535152    -0.038048    -0.349490
    0.656785     0.018236    -0.287045
    0.590741    -0.005222    -0.324478
    0.605157     0.001398    -0.317052
    0.617830     0.037153    -0.305158
    0.506551    -0.031775    -0.365676
    0.439858    -0.031775    -0.394541
    0.414186     0.030201    -0.394541
    0.307760     0.073331    -0.421405
    0.256610     0.124481    -0.421405
    0.202152     0.127495    -0.429864
   -0.163113     0.278793    -0.429864
   -0.169395     0.293590    -0.424586
   -0.169395     0.304753    -0.419754
   -0.184157     0.351556    -0.396852
   -0.205412     0.278672    -0.424586
   -0.212653     0.260804    -0.429096
   -0.191239     0.207793    -0.447867
   -0.196123     0.119544    -0.461574
   -0.225086     0.049621    -0.461574
   -0.234249    -0.070919    -0.473940
   -0.280223    -0.126227    -0.457288
   -0.498458    -0.461829    -0.328011
   -0.508178    -0.473753    -0.321107
   -0.384253    -0.347624    -0.397912
   -0.220928    -0.406577    -0.401677
   -0.373621    -0.343329    -0.401677
   -0.218064    -0.406794    -0.401971
   -0.114844    -0.286737    -0.451360
   -0.113558    -0.286639    -0.451228
    0.198895    -0.173438    -0.444207
    0.153693    -0.175940    -0.451228
    0.382308    -0.060488    -0.414301
    0.263832    -0.108501    -0.444207
    0.384459    -0.055294    -0.414301
    0.271868    -0.055294    -0.448455
    0.251683    -0.064962    -0.453363
    0.134508    -0.064962    -0.472629
    0.116682    -0.060492    -0.474825
   -0.011647     0.067837    -0.474825
   -0.094836     0.078866    -0.481932
   -0.116447     0.102511    -0.477475
   -0.163113     0.199944    -0.453782
   -0.175025     0.043933    -0.477475
   -0.184443    -0.027108    -0.483544
   -0.230320    -0.069038    -0.474896
   -0.328101    -0.297809    -0.421205
   -0.114844    -0.238302    -0.466052
   -0.097425    -0.201933    -0.474896
   -0.061452    -0.162574    -0.482315
    0.051927    -0.147543    -0.472629
   -0.061452    -0.060492    -0.492369
   -0.094836    -0.027108    -0.492369
     1      2      3
     1      3      4
     1      4      5
     1      5      6
     1      6      7
     8      9      2
     8      2      1
     8      1     10
    11     12     13
    11     13      9
    11      9      8
    13     14      3
    13      3      2
    13      2      9
    15     16     17
    15     17     18
    15     18     19
    15     19     20
    15     20     21
     6      5     16
     6     16     15
     6     15     22
    23     22     15
    23     15     21
    23     21     24
    23     24     25
    23     25     26
    23     26     27
    28      7      6
    28      6     22
    28     22     23
    28     23     29
    30     10      1
    30      1      7
    30      7     28
    31     32     11
    31     11      8
    31      8     10
    31     10     30
    33     34     35
    33     35     36
    33     36     37
    33     37     38
    37     36     39
    37     39     12
    37     12     11
    37     11     32
    35     40     41
    35     41     42
    35     42     39
    35     39     36
    39     42     43
    39     43     14
    39     14     13
    39     13     12
     3     14     43
     3     43     44
     3     44     45
     3     45      4
     4     45     46
     4     46     17
     4     17     16
     4     16      5
    47     48     49
    47     49     50
    47     50     51
    47     51     52
    19     52     51
    19     51     53
    19     53     54
    19     54     20
    21     20     54
    21     54     55
    21     55     56
    21     56     24
    24     56     57
    24     57     58
    24     58     25
    26     25     58
    26     58     59
    26     59     60
    61     27     26
    61     26     60
    61     60     62
    61     62     63
    64     29     23
    64     23     27
    64     27     61
    64     61     65
    66     67     31
    66     31     30
    66     30     28
    66     28     29
    66     29     64
    68     38     37
    68     37     32
    68     32     31
    68     31     67
    69     70     71
    69     71     33
    69     33     38
    69     38     68
    72     73     74
    72     74     75
    72     75     71
    72     71     70
    71     75     76
    71     76     34
    71     34     33
    74     77     78
    74     78     79
    74     79     80
    74     80     76
    74     76     75
    76     80     81
    76     81     40
    76     40     35
    76     35     34
    79     82     83
    79     83     84
    79     84     81
    79     81     80
    81     84     85
    81     85     86
    81     86     41
    81     41     40
    41     86     87
    41     87     44
    41     44     43
    41     43     42
    44     87     88
    44     88     89
    44     89     46
    44     46     45
    17     46     89
    17     89     90
    17     90     18
    18     90     91
    18     91     92
    18     92     47
    18     47     52
    18     52     19
    93     94     95
    93     95     96
    93     96     97
    93     97     49
    93     49     48
    49     97     98
    49     98     99
    49     99    100
    49    100     50
    51     50    100
    51    100    101
    51    101    102
    51    102     53
    54     53    102
    54    102    103
    54    103    104
    54    104     55
    55    104    105
    55    105    106
    55    106     57
    55     57     56
    58     57    106
    58    106    107
    58    107    108
    58    108     59
    60     59    108
    60    108    109
    60    109    110
    60    110    111
    60    111     62
   112    111    110
   112    110    113
   112    113    114
    63     62    111
    63    111    112
   115     65     61
   115     61     63
   115     63    112
   115    112    114
   115    114    116
   115    116    117
   118    119     66
   118     66     64
   118     64     65
   118     65    115
   120    121     69
   120     69     68
   120     68     67
   120     67     66
   120     66    119
   122    123    124
   122    124     72
   122     72     70
   122     70     69
   122     69    121
   125    126    127
   125    127    124
   125    124    123
   124    127    128
   124    128    129
   124    129     73
   124     73     72
   129    130     77
   129     77     74
   129     74     73
   131    132    133
   131    133     78
   131     78     77
   131     77    130
    78    133    134
    78    134    135
    78    135     82
    78     82     79
   134    136    137
   134    137    138
   134    138    135
   135    138    139
   135    139    140
   135    140    141
   135    141     83
   135     83     82
   139    142    143
   139    143    144
   139    144    140
   140    144    145
   140    145    146
   140    146    147
   140    147    148
   140    148    149
   140    149    141
    83    141    149
    83    149    150
    83    150    151
    83    151     85
    83     85     84
    85    151    152
    85    152     88
    85     88     87
    85     87     86
    89     88    152
    89    152    153
    89    153    154
    89    154     91
    89     91     90
    91    154    155
    91    155    156
    91    156     92
    92    156    157
    92    157     93
    92     93     48
    92     48     47
   157    158    159
   157    159    160
   157    160     94
   157     94     93
   160    161    162
   160    162    163
   160    163    164
   160    164     95
   160     95     94
    96     95    164
    96    164    165
    96    165    166
    99     98    167
    99    167    168
   169    101    100
   169    100     99
   169     99    168
   169    168    170
   102    101    169
   102    169    171
   102    171    172
   102    172    103
   105    104    103
   105    103    172
   105    172    173
   105    173    174
   107    106    105
   107    105    174
   107    174    175
   107    175    176
   109    108    107
   109    107    176
   109    176    177
   109    177    178
   113    110    109
   113    109    178
   113    178    179
   113    179    180
   181    180    179
   181    179    182
   181    182    183
   181    183    184
   116    114    113
   116    113    180
   116    180    181
   116    181    185
   186    185    181
   186    181    184
   186    184    187
   186    187    188
   186    188    189
   190    117    116
   190    116    185
   190    185    186
   190    186    191
   192    193    194
   192    194    118
   192    118    115
   192    115    117
   192    117    190
   194    195    196
   194    196    197
   194    197    120
   194    120    119
   194    119    118
   197    198    199
   197    199    200
   197    200    122
   197    122    121
   197    121    120
   200    201    202
   200    202    203
   200    203    125
   200    125    123
   200    123    122
   203    204    205
   203    205    206
   203    206    126
   203    126    125
   206    207    208
   206    208    128
   206    128    127
   206    127    126
   128    208    209
   128    209    131
   128    131    130
   128    130    129
   209    210    211
   209    211    212
   209    212    132
   209    132    131
   212    213    136
   212    136    134
   212    134    133
   212    133    132
   214    215    137
   214    137    136
   214    136    213
   137    215    216
   137    216    217
   137    217    142
   137    142    139
   137    139    138
   217    218    219
   217    219    220
   217    220    143
   217    143    142
   143    220    221
   143    221    222
   143    222    145
   143    145    144
   145    222    223
   145    223    224
   145    224    225
   145    225    146
   146    225    226
   146    226    227
   146    227    228
   146    228    229
   146    229    147
   147    229    230
   147    230    231
   147    231    148
   149    148    231
   149    231    232
   149    232    233
   149    233    150
   152    151    150
   152    150    233
   152    233    234
   152    234    235
   152    235    153
   153    235    236
   153    236    237
   153    237    238
   153    238    155
   153    155    154
   155    238    239
   155    239    158
   155    158    157
   155    157    156
   239    240    241
   239    241    242
   239    242    159
   239    159    158
   159    242    243
   159    243    244
   159    244    161
   159    161    160
   244    245    246
   244    246    162
   244    162    161
   163    162    246
   163    246    247
   163    247    248
   163    248    249
   250    165    164
   250    164    163
   250    163    249
   250    249    251
   250    251    252
   166    165    250
   166    250    253
   166    253    254
   255    167     98
   255     98     97
   255     97     96
   255     96    166
   255    166    254
   255    254    256
   170    168    167
   170    167    255
   170    255    257
   170    257    258
   259    171    169
   259    169    170
   259    170    258
   259    258    260
   173    172    171
   173    171    259
   173    259    261
   173    261    262
   175    174    173
   175    173    262
   175    262    263
   175    263    264
   175    264    265
   177    176    175
   177    175    265
   177    265    266
   177    266    267
   179    178    177
   179    177    267
   179    267    268
   179    268    269
   179    269    182
   270    183    182
   270    182    269
   270    269    271
   270    271    272
   188    187    270
   188    270    272
   188    272    273
   188    273    274
   188    274    275
   184    183    270
   184    270    187
   276    189    188
   276    188    275
   276    275    277
   276    277    278
   279    191    186
   279    186    189
   279    189    276
   280    281    192
   280    192    190
   280    190    191
   280    191    279
   280    279    282
   283    284    285
   283    285    193
   283    193    192
   283    192    281
   285    286    195
   285    195    194
   285    194    193
   196    287    198
   196    198    197
   199    288    201
   199    201    200
   202    289    290
   202    290    204
   202    204    203
   290    291    205
   290    205    204
   205    291    292
   205    292    293
   205    293    294
   205    294    295
   205    295    296
   205    296    207
   205    207    206
   296    297    210
   296    210    209
   296    209    208
   296    208    207
   298    299    300
   298    300    211
   298    211    210
   298    210    297
   211    300    301
   211    301    302
   211    302    214
   211    214    213
   211    213    212
   301    303    304
   301    304    305
   301    305    302
   302    305    216
   302    216    215
   302    215    214
   304    306    307
   304    307    218
   304    218    217
   304    217    216
   304    216    305
   307    308    309
   307    309    310
   307    310    219
   307    219    218
   219    310    311
   219    311    221
   219    221    220
   223    312    313
   223    313    224
   224    313    314
   224    314    226
   224    226    225
   227    315    316
   227    316    317
   227    317    318
   227    318    228
   228    318    319
   228    319    230
   228    230    229
   231    230    319
   231    319    320
   231    320    321
   231    321    322
   231    322    323
   231    323    232
   233    232    323
   233    323    324
   233    324    325
   233    325    234
   234    325    326
   234    326    327
   234    327    328
   234    328    236
   234    236    235
   236    328    329
   236    329    330
   236    330    237
   237    330    331
   237    331    332
   237    332    333
   237    333    240
   237    240    239
   237    239    238
   333    334    241
   333    241    240
   241    334    335
   241    335    336
   241    336    337
   241    337    243
   241    243    242
   243    337    338
   243    338    245
   243    245    244
   246    245    338
   246    338    339
   246    339    340
   246    340    247
   247    340    341
   247    341    342
   247    342    343
   247    343    248
   249    248    343
   249    343    344
   249    344    345
   249    345    251
   252    251    345
   252    345    346
   252    346    347
   348    253    250
   348    250    252
   348    252    347
   348    347    349
   348    349    350
   256    254    253
   256    253    348
   256    348    351
   256    351    352
   353    257    255
   353    255    256
   353    256    352
   353    352    354
   260    258    257
   260    257    353
   260    353    355
   260    355    356
   357    261    259
   357    259    260
   357    260    356
   357    356    358
   263    262    261
   263    261    357
   263    357    359
   266    265    264
   266    264    360
   266    360    361
   268    267    266
   268    266    361
   268    361    362
   272    271    363
   272    363    364
   272    364    273
   274    273    364
   274    364    365
   274    365    366
   274    366    367
   368    367    366
   368    366    369
   368    369    370
   368    370    371
   277    275    274
   277    274    367
   277    367    368
   277    368    372
   373    278    277
   373    277    372
   373    372    374
   373    374    375
   376    282    279
   376    279    276
   376    276    278
   376    278    373
   377    378    280
   377    280    282
   377    282    376
   377    376    379
   380    381    283
   380    283    281
   380    281    280
   380    280    378
   382    383    384
   382    384    284
   382    284    283
   382    283    381
   384    385    386
   384    386    286
   384    286    285
   384    285    284
   386    387    388
   386    388    389
   386    389    287
   386    287    196
   386    196    195
   386    195    286
   389    390    288
   389    288    199
   389    199    198
   389    198    287
   391    392    289
   391    289    202
   391    202    201
   391    201    288
   391    288    390
   393    292    291
   393    291    290
   393    290    289
   393    289    392
   394    293    292
   394    292    393
   395    396    397
   395    397    398
   395    398    295
   395    295    294
   295    398    399
   295    399    298
   295    298    297
   295    297    296
   399    400    401
   399    401    402
   399    402    403
   399    403    299
   399    299    298
   403    404    405
   403    405    406
   403    406    303
   403    303    301
   403    301    300
   403    300    299
   405    407    408
   405    408    409
   405    409    410
   405    410    406
   406    410    411
   406    411    306
   406    306    304
   406    304    303
   409    412    411
   409    411    410
   411    412    413
   411    413    414
   411    414    308
   411    308    307
   411    307    306
   414    415    416
   414    416    309
   414    309    308
   309    416    417
   309    417    418
   309    418    419
   309    419    311
   309    311    310
   221    311    419
   221    419    420
   221    420    421
   221    421    422
   221    422    312
   221    312    223
   221    223    222
   422    423    314
   422    314    313
   422    313    312
   226    314    423
   226    423    424
   226    424    315
   226    315    227
   316    425    426
   316    426    427
   316    427    317
   319    318    317
   319    317    427
   319    427    320
   321    428    429
   321    429    430
   321    430    431
   321    431    322
   323    322    431
   323    431    432
   323    432    433
   323    433    434
   323    434    324
   324    434    435
   324    435    436
   324    436    437
   324    437    326
   324    326    325
   326    437    438
   326    438    439
   326    439    327
   327    439    440
   327    440    441
   327    441    442
   327    442    329
   327    329    328
   329    442    443
   329    443    444
   329    444    331
   329    331    330
   331    444    445
   331    445    446
   331    446    447
   331    447    332
   332    447    448
   332    448    335
   332    335    334
   332    334    333
   448    449    450
   448    450    451
   448    451    336
   448    336    335
   336    451    452
   336    452    339
   336    339    338
   336    338    337
   341    340    339
   341    339    452
   341    452    453
   341    453    454
   455    342    341
   455    341    454
   455    454    456
   455    456    457
   344    343    342
   344    342    455
   344    455    458
   344    458    459
   460    346    345
   460    345    344
   460    344    459
   460    459    461
   347    346    460
   347    460    462
   347    462    463
   347    463    349
   350    349    463
   350    463    464
   350    464    465
   466    351    348
   466    348    350
   466    350    465
   466    465    467
   354    352    351
   354    351    466
   354    466    468
   354    468    469
   470    355    353
   470    353    354
   470    354    469
   470    469    471
   358    356    355
   358    355    470
   358    470    472
   358    472    473
   474    359    357
   474    357    358
   474    358    473
   474    473    475
   360    264    263
   360    263    359
   360    359    474
   360    474    476
   362    361    360
   362    360    476
   362    476    477
   362    477    478
   363    271    269
   363    269    268
   363    268    362
   363    362    478
   363    478    479
   366    365    480
   366    480    369
   369    480    481
   369    481    482
   369    482    483
   369    483    370
   371    370    483
   371    483    484
   371    484    485
   374    372    368
   374    368    371
   374    371    485
   374    485    486
   487    375    374
   487    374    486
   487    486    488
   487    488    489
   490    379    376
   490    376    373
   490    373    375
   490    375    487
   491    492    493
   491    493    377
   491    377    379
   491    379    490
   493    494    380
   493    380    378
   493    378    377
   495    496    497
   495    497    498
   495    498    382
   495    382    381
   495    381    380
   495    380    494
   498    499    500
   498    500    383
   498    383    382
   500    501    502
   500    502    503
   500    503    385
   500    385    384
   500    384    383
   503    504    505
   503    505    387
   503    387    386
   503    386    385
   505    506    507
   505    507    508
   505    508    388
   505    388    387
   388    508    509
   388    509    391
   388    391    390
   388    390    389
   509    510    511
   509    511    394
   509    394    393
   509    393    392
   509    392    391
   511    512    395
   511    395    294
   511    294    293
   511    293    394
   513    514    396
   513    396    395
   513    395    512
   515    516    517
   515    517    397
   515    397    396
   515    396    514
   397    517    400
   397    400    399
   397    399    398
   518    519    401
   518    401    400
   518    400    517
   518    517    516
   518    516    520
   401    519    521
   401    521    522
   401    522    402
   402    522    523
   402    523    524
   402    524    525
   402    525    404
   402    404    403
   525    526    407
   525    407    405
   525    405    404
   527    408    407
   527    407    526
   528    529    413
   528    413    412
   528    412    409
   528    409    408
   528    408    527
   530    531    415
   530    415    414
   530    414    413
   530    413    529
   532    417    416
   532    416    415
   532    415    531
   533    534    535
   533    535    418
   533    418    417
   533    417    532
   419    418    535
   419    535    536
   419    536    537
   419    537    538
   419    538    420
   420    538    539
   420    539    540
   420    540    421
   421    540    541
   421    541    424
   421    424    423
   421    423    422
   424    541    542
   424    542    543
   424    543    425
   424    425    316
   424    316    315
   426    425    543
   426    543    544
   426    544    545
   320    427    426
   320    426    545
   320    545    428
   320    428    321
   431    430    546
   431    546    547
   431    547    432
   432    547    548
   432    548    549
   432    549    433
   433    549    550
   433    550    551
   433    551    435
   433    435    434
   436    435    551
   436    551    552
   436    552    553
   554    440    439
   554    439    438
   555    556    557
   555    557    441
   555    441    440
   555    440    554
   441    557    558
   441    558    559
   441    559    443
   441    443    442
   443    559    560
   443    560    561
   443    561    445
   443    445    444
   562    563    446
   562    446    445
   562    445    561
   562    561    564
   562    564    565
   446    563    449
   446    449    448
   446    448    447
   566    450    449
   566    449    563
   566    563    562
   566    562    567
   566    567    568
   569    453    452
   569    452    451
   569    451    450
   569    450    566
   454    453    569
   454    569    570
   454    570    456
   457    456    570
   457    570    571
   457    571    572
   573    458    455
   573    455    457
   573    457    572
   573    572    574
   573    574    575
   461    459    458
   461    458    573
   461    573    576
   577    462    460
   577    460    461
   577    461    576
   577    576    578
   464    463    462
   464    462    577
   464    577    579
   464    579    580
   467    465    464
   467    464    580
   467    580    581
   467    581    582
   583    468    466
   583    466    467
   583    467    582
   583    582    584
   471    469    468
   471    468    583
   471    583    585
   471    585    586
   587    472    470
   587    470    471
   587    471    586
   587    586    588
   475    473    472
   475    472    587
   475    587    589
   477    476    474
   477    474    475
   477    475    589
   477    589    590
   477    590    591
   479    478    477
   479    477    591
   479    591    592
   479    592    593
   481    480    365
   481    365    364
   481    364    363
   481    363    479
   481    479    593
   481    593    594
   595    482    481
   595    481    594
   595    594    596
   595    596    597
   484    483    482
   484    482    595
   484    595    598
   486    485    484
   486    484    598
   486    598    599
   486    599    488
   489    488    599
   489    599    600
   489    600    601
   491    490    487
   491    487    489
   491    489    601
   491    601    602
   491    602    603
   603    604    605
   603    605    492
   603    492    491
   605    606    607
   605    607    495
   605    495    494
   605    494    493
   605    493    492
   607    608    609
   607    609    496
   607    496    495
   497    610    611
   497    611    612
   497    612    499
   497    499    498
   612    613    614
   612    614    615
   612    615    501
   612    501    500
   612    500    499
   615    616    617
   615    617    618
   615    618    502
   615    502    501
   502    618    619
   502    619    620
   502    620    621
   502    621    504
   502    504    503
   621    622    623
   621    623    624
   621    624    625
   621    625    506
   621    506    505
   621    505    504
   625    626    627
   625    627    507
   625    507    506
   507    627    628
   507    628    629
   507    629    510
   507    510    509
   507    509    508
   629    630    631
   629    631    513
   629    513    512
   629    512    511
   629    511    510
   631    632    515
   631    515    514
   631    514    513
   633    520    516
   633    516    515
   633    515    632
   634    635    518
   634    518    520
   634    520    633
   636    637    521
   636    521    519
   636    519    518
   636    518    635
   638    639    637
   638    637    636
   638    636    640
   641    523    522
   641    522    521
   641    521    637
   641    637    639
   642    643    644
   642    644    524
   642    524    523
   642    523    641
   524    644    645
   524    645    646
   524    646    528
   524    528    527
   524    527    526
   524    526    525
   646    647    648
   646    648    530
   646    530    529
   646    529    528
   648    649    533
   648    533    532
   648    532    531
   648    531    530
   650    651    534
   650    534    533
   650    533    649
   535    534    651
   535    651    652
   535    652    653
   535    653    536
   536    653    654
   536    654    655
   536    655    537
   537    655    656
   537    656    657
   537    657    539
   537    539    538
   539    657    658
   539    658    659
   539    659    542
   539    542    541
   539    541    540
   542    659    660
   542    660    544
   542    544    543
   545    544    660
   545    660    661
   545    661    662
   545    662    663
   545    663    429
   545    429    428
   429    663    664
   429    664    665
   429    665    546
   429    546    430
   546    665    666
   546    666    667
   546    667    668
   546    668    548
   546    548    547
   548    668    669
   548    669    670
   548    670    550
   548    550    549
   551    550    670
   551    670    671
   551    671    672
   551    672    552
   553    552    672
   553    672    673
   553    673    674
   675    676    677
   675    677    678
   675    678    679
   675    679    680
   681    556    555
   681    555    677
   681    677    676
   682    558    557
   682    557    556
   682    556    681
   682    681    683
   684    560    559
   684    559    558
   684    558    682
   684    682    685
   684    685    686
   564    561    560
   564    560    684
   564    684    687
   564    687    688
   689    565    564
   689    564    688
   689    688    690
   689    690    691
   692    567    562
   692    562    565
   692    565    689
   693    568    567
   693    567    692
   693    692    694
   571    570    569
   571    569    566
   571    566    568
   571    568    693
   574    572    571
   574    571    693
   574    693    694
   574    694    695
   574    695    696
   697    575    574
   697    574    696
   697    696    698
   697    698    699
   578    576    573
   578    573    575
   578    575    697
   578    697    700
   701    579    577
   701    577    578
   701    578    700
   701    700    702
   701    702    703
   581    580    579
   581    579    701
   581    701    704
   584    582    581
   584    581    704
   584    704    705
   584    705    706
   707    585    583
   707    583    584
   707    584    706
   707    706    708
   588    586    585
   588    585    707
   588    707    709
   590    589    587
   590    587    588
   590    588    709
   590    709    710
   590    710    711
   592    591    590
   592    590    711
   592    711    712
   592    712    713
   594    593    592
   594    592    713
   594    713    714
   594    714    596
   597    596    714
   597    714    715
   597    715    716
   597    716    717
   599    598    595
   599    595    597
   599    597    717
   599    717    718
   599    718    600
   601    600    718
   601    718    719
   601    719    602
   602    719    720
   602    720    721
   602    721    604
   602    604    603
   604    721    722
   604    722    723
   604    723    606
   604    606    605
   723    724    608
   723    608    607
   723    607    606
   609    725    610
   609    610    497
   609    497    496
   611    726    613
   611    613    612
   614    727    616
   614    616    615
   617    728    729
   617    729    730
   617    730    619
   617    619    618
   619    730    731
   619    731    732
   619    732    620
   623    733    734
   623    734    624
   624    734    735
   624    735    626
   624    626    625
   628    736    737
   628    737    630
   628    630    629
   737    738    739
   737    739    740
   737    740    634
   737    634    633
   737    633    632
   737    632    631
   737    631    630
   740    640    636
   740    636    635
   740    635    634
   739    741    742
   739    742    638
   739    638    640
   739    640    740
   742    743    642
   742    642    641
   742    641    639
   742    639    638
   744    745    743
   744    743    742
   744    742    741
   744    741    746
   747    643    642
   747    642    743
   747    743    745
   748    749    750
   748    750    751
   748    751    645
   748    645    644
   748    644    643
   748    643    747
   751    752    647
   751    647    646
   751    646    645
   753    754    650
   753    650    649
   753    649    648
   753    648    647
   753    647    752
   755    652    651
   755    651    650
   755    650    754
   755    754    756
   757    654    653
   757    653    652
   757    652    755
   758    656    655
   758    655    654
   758    654    757
   758    757    759
   760    658    657
   760    657    656
   760    656    758
   760    758    761
   661    660    659
   661    659    658
   661    658    760
   762    763    664
   762    664    663
   762    663    662
   762    662    764
   666    665    664
   666    664    763
   666    763    765
   766    669    668
   766    668    667
   766    667    767
   766    767    768
   671    670    669
   671    669    766
   671    766    769
   770    674    673
   770    673    771
   770    771    772
   679    678    773
   679    773    774
   775    683    681
   775    681    676
   775    676    675
   776    685    682
   776    682    683
   776    683    775
   776    775    777
   778    779    686
   778    686    685
   778    685    776
   778    776    780
   781    687    684
   781    684    686
   781    686    779
   781    779    782
   781    782    783
   690    688    687
   690    687    781
   690    781    784
   785    691    690
   785    690    784
   785    784    786
   695    694    692
   695    692    689
   695    689    691
   695    691    785
   698    696    695
   698    695    785
   698    785    786
   698    786    787
   698    787    788
   789    699    698
   789    698    788
   789    788    790
   789    790    791
   789    791    792
   702    700    697
   702    697    699
   702    699    789
   702    789    793
   794    703    702
   794    702    793
   794    793    795
   794    795    796
   705    704    701
   705    701    703
   705    703    794
   705    794    797
   708    706    705
   708    705    797
   708    797    798
   708    798    799
   710    709    707
   710    707    708
   710    708    799
   710    799    800
   712    711    710
   712    710    800
   712    800    801
   712    801    802
   714    713    712
   714    712    802
   714    802    803
   714    803    804
   714    804    715
   716    715    804
   716    804    805
   716    805    806
   718    717    716
   718    716    806
   718    806    807
   718    807    720
   718    720    719
   720    807    808
   720    808    722
   720    722    721
   722    808    809
   722    809    810
   722    810    724
   722    724    723
   810    811    812
   810    812    725
   810    725    609
   810    609    608
   810    608    724
   812    813    814
   812    814    726
   812    726    611
   812    611    610
   812    610    725
   814    815    816
   814    816    727
   814    727    614
   814    614    613
   814    613    726
   816    817    728
   816    728    617
   816    617    616
   816    616    727
   729    818    731
   729    731    730
   620    732    819
   620    819    820
   620    820    622
   620    622    621
   820    821    733
   820    733    623
   820    623    622
   735    822    823
   735    823    736
   735    736    628
   735    628    627
   735    627    626
   823    824    825
   823    825    826
   823    826    738
   823    738    737
   823    737    736
   826    746    741
   826    741    739
   826    739    738
   825    827    828
   825    828    744
   825    744    746
   825    746    826
   828    829    748
   828    748    747
   828    747    745
   828    745    744
   830    831    832
   830    832    829
   830    829    828
   830    828    827
   832    833    749
   832    749    748
   832    748    829
   834    835    750
   834    750    749
   834    749    833
   834    833    836
   750    835    837
   750    837    753
   750    753    752
   750    752    751
   838    756    754
   838    754    753
   838    753    837
   838    837    839
   840    759    757
   840    757    755
   840    755    756
   840    756    838
   841    761    758
   841    758    759
   841    759    840
   841    840    842
   764    662    661
   764    661    760
   764    760    761
   764    761    841
   843    765    763
   843    763    762
   843    762    844
   767    667    666
   767    666    765
   767    765    843
   767    843    845
   846    769    766
   846    766    768
   846    768    847
   673    672    671
   673    671    769
   673    769    846
   673    846    771
   848    680    679
   848    679    774
   848    774    849
   850    777    775
   850    775    675
   850    675    680
   850    680    848
   850    848    851
   852    780    776
   852    776    777
   852    777    850
   852    850    853
   854    855    778
   854    778    780
   854    780    852
   854    852    856
   782    779    778
   782    778    855
   857    783    782
   857    782    855
   857    855    854
   857    854    858
   786    784    781
   786    781    783
   786    783    857
   786    857    787
   788    787    857
   788    857    858
   788    858    859
   788    859    790
   791    790    859
   791    859    860
   791    860    861
   791    861    862
   795    793    789
   795    789    792
   795    792    863
   864    796    795
   864    795    863
   864    863    865
   864    865    866
   798    797    794
   798    794    796
   798    796    864
   800    799    798
   800    798    864
   800    864    866
   800    866    867
   800    867    868
   800    868    801
   802    801    868
   802    868    869
   802    869    870
   802    870    803
   804    803    870
   804    870    871
   804    871    872
   804    872    805
   806    805    872
   806    872    873
   806    873    809
   806    809    808
   806    808    807
   809    873    874
   809    874    811
   809    811    810
   874    875    876
   874    876    813
   874    813    812
   874    812    811
   876    877    815
   876    815    814
   876    814    813
   878    879    880
   878    880    881
   878    881    817
   878    817    816
   878    816    815
   878    815    877
   881    818    729
   881    729    728
   881    728    817
   880    882    883
   880    883    819
   880    819    732
   880    732    731
   880    731    818
   880    818    881
   819    883    884
   819    884    885
   819    885    821
   819    821    820
   885    886    887
   885    887    822
   885    822    735
   885    735    734
   885    734    733
   885    733    821
   887    888    889
   887    889    890
   887    890    824
   887    824    823
   887    823    822
   890    891    830
   890    830    827
   890    827    825
   890    825    824
   889    892    893
   889    893    894
   889    894    891
   889    891    890
   894    895    831
   894    831    830
   894    830    891
   893    896    897
   893    897    898
   893    898    895
   893    895    894
   898    836    833
   898    833    832
   898    832    831
   898    831    895
   897    899    900
   897    900    901
   897    901    834
   897    834    836
   897    836    898
   901    839    837
   901    837    835
   901    835    834
   902    842    840
   902    840    838
   902    838    839
   902    839    901
   902    901    900
   902    900    903
   904    844    762
   904    762    764
   904    764    841
   904    841    842
   904    842    902
   905    845    843
   905    843    844
   905    844    904
   905    904    906
   847    768    767
   847    767    845
   847    845    905
   847    905    907
   772    771    846
   772    846    847
   772    847    907
   772    907    908
   772    908    909
   849    774    773
   849    773    770
   849    770    772
   849    772    909
   849    909    910
   849    910    911
   912    851    848
   912    848    849
   912    849    911
   912    911    913
   912    913    914
   915    853    850
   915    850    851
   915    851    912
   915    912    916
   915    916    917
   918    919    856
   918    856    852
   918    852    853
   918    853    915
   860    919    918
   860    918    920
   860    920    861
   859    858    854
   859    854    856
   859    856    919
   859    919    860
   862    861    920
   862    920    921
   862    921    922
   923    922    921
   923    921    924
   923    924    925
   923    925    926
   863    792    791
   863    791    862
   863    862    922
   863    922    923
   863    923    865
   866    865    923
   866    923    926
   866    926    927
   866    927    928
   866    928    867
   868    867    928
   868    928    929
   868    929    930
   868    930    869
   870    869    930
   870    930    931
   870    931    932
   870    932    933
   870    933    871
   872    871    933
   872    933    875
   872    875    874
   872    874    873
   933    932    934
   933    934    878
   933    878    877
   933    877    876
   933    876    875
   934    935    936
   934    936    879
   934    879    878
   936    937    938
   936    938    882
   936    882    880
   936    880    879
   939    940    938
   939    938    937
   939    937    941
   938    940    942
   938    942    884
   938    884    883
   938    883    882
   884    942    943
   884    943    944
   884    944    945
   884    945    886
   884    886    885
   945    946    947
   945    947    948
   945    948    949
   945    949    950
   945    950    888
   945    888    887
   945    887    886
   950    951    952
   950    952    892
   950    892    889
   950    889    888
   949    953    954
   949    954    951
   949    951    950
   952    955    896
   952    896    893
   952    893    892
   954    956    957
   954    957    955
   954    955    952
   954    952    951
   957    899    897
   957    897    896
   957    896    955
   958    903    900
   958    900    899
   958    899    957
   958    957    956
   958    956    959
   958    959    960
   961    906    904
   961    904    902
   961    902    903
   961    903    958
   908    907    905
   908    905    906
   908    906    961
   908    961    962
   910    909    908
   910    908    962
   910    962    963
   910    963    964
   965    913    911
   965    911    910
   965    910    964
   965    964    966
   965    966    967
   914    913    965
   914    965    968
   914    968    969
   914    969    970
   971    916    912
   971    912    914
   971    914    970
   971    970    972
   971    972    973
   924    917    916
   924    916    971
   924    971    925
   921    920    918
   921    918    915
   921    915    917
   921    917    924
   926    925    971
   926    971    973
   926    973    974
   926    974    927
   974    973    972
   974    972    975
   974    975    976
   974    976    977
   928    927    974
   928    974    977
   928    977    978
   928    978    979
   928    979    929
   930    929    979
   930    979    980
   930    980    981
   930    981    982
   930    982    983
   930    983    931
   931    983    984
   931    984    935
   931    935    934
   931    934    932
   984    941    937
   984    937    936
   984    936    935
   982    985    939
   982    939    941
   982    941    984
   982    984    983
   986    943    942
   986    942    940
   986    940    939
   986    939    985
   987    988    989
   987    989    944
   987    944    943
   987    943    986
   989    990    991
   989    991    946
   989    946    945
   989    945    944
   948    992    993
   948    993    953
   948    953    949
   947    994    992
   947    992    948
   993    959    956
   993    956    954
   993    954    953
   995    960    959
   995    959    993
   995    993    992
   995    992    994
   995    994    996
   963    962    961
   963    961    958
   963    958    960
   963    960    995
   963    995    997
   966    964    963
   966    963    997
   966    997    998
   966    998    999
  1000    967    966
  1000    966    999
  1000    999   1001
  1002    968    965
  1002    965    967
  1002    967   1000
  1002   1000   1003
   975    969    968
   975    968   1002
   975   1002   1004
   975   1004    976
   972    970    969
   972    969    975
   977    976   1004
   977   1004   1005
   977   1005    978
   979    978   1005
   979   1005   1006
   979   1006   1007
   979   1007   1008
   979   1008   1009
   979   1009    980
   980   1009   1010
   980   1010   1011
   980   1011   1012
   980   1012    981
   981   1012    987
   981    987    986
   981    986    985
   981    985    982
  1011   1013    988
  1011    988    987
  1011    987   1012
  1014   1015    990
  1014    990    989
  1014    989    988
  1014    988   1013
   991   1016    996
   991    996    994
   991    994    947
   991    947    946
  1017   1016    991
  1017    991    990
  1017    990   1015
  1017   1015   1018
   998    997    995
   998    995    996
   998    996   1016
   998   1016   1017
  1001    999    998
  1001    998   1017
  1001   1017   1018
  1001   1018   1019
  1001   1019   1020
  1006   1003   1000
  1006   1000   1001
  1006   1001   1020
  1006   1020   1007
  1005   1004   1002
  1005   1002   1003
  1005   1003   1006
  1008   1021   1022
  1008   1022   1010
  1008   1010   1009
  1010   1022   1014
  1010   1014   1013
  1010   1013   1011
  1019   1018   1015
  1019   1015   1014
  1019   1014   1022
  1019   1022   1021
  1007   1020   1019
  1007   1019   1021
  1007   1021   1008
   773    678    677
   773    677    555
   773    555    554
   773    554    438
   773    438    437
   773    437    436
   773    436    553
   773    553    674
   773    674    770
