1022 2040
    0.099202    -0.027335     0.692197
    0.104716    -0.022296     0.691158
    0.098970     0.021039     0.687456
    0.097427    -0.001797     0.689857
    0.097427    -0.027335     0.692372
    0.093524    -0.031239     0.692372
    0.068454    -0.080327     0.687581
    0.077544    -0.070380     0.689456
    0.080498    -0.058600     0.690907
    0.081130    -0.057164     0.691039
    0.097405    -0.040889     0.691039
    0.085617    -0.045414     0.691755
    0.114260    -0.022296     0.688262
    0.117813    -0.019242     0.686801
    0.111175     0.068083     0.677842
    0.109685     0.071680     0.677842
    0.099966     0.036849     0.685167
    0.098970     0.024838     0.686978
    0.099966     0.108543     0.673379
    0.103277     0.187465     0.659859
    0.101919     0.187086     0.660144
    0.113227     0.212096     0.651137
    0.115134     0.222822     0.647644
    0.109048     0.237840     0.643853
    0.094916     0.243693     0.643853
    0.094916     0.218610     0.651462
    0.086676     0.263102     0.636930
    0.078338     0.259648     0.636930
    0.095935     0.035716     0.684691
    0.090851     0.023442     0.684691
   -0.066148    -0.229209     0.636958
   -0.064562    -0.233038     0.636958
   -0.027542    -0.196017     0.652839
   -0.000763    -0.170840     0.663547
    0.007976    -0.163576     0.666179
    0.041393    -0.120783     0.678709
    0.042135    -0.119234     0.679086
   -0.065077    -0.234311     0.636507
   -0.058698    -0.236953     0.636507
   -0.008568    -0.178645     0.660493
    0.109950    -0.092385     0.678709
    0.104048    -0.077776     0.683882
    0.104652    -0.066861     0.685577
    0.112271    -0.048468     0.685577
    0.125265    -0.019242     0.682818
    0.128089    -0.016605     0.680931
    0.120665     0.089504     0.669702
    0.119848     0.092553     0.669702
    0.123687     0.234274     0.639153
    0.125821     0.241712     0.635090
    0.121592     0.260393     0.628956
    0.110206     0.271779     0.628956
    0.105254     0.291848     0.621158
    0.086676     0.285263     0.627338
    0.105333     0.293422     0.620306
    0.084624     0.328490     0.604527
    0.077271     0.330460     0.604527
    0.077271     0.315081     0.612747
    0.069577     0.317808     0.610188
    0.051094     0.375712     0.576590
    0.043891     0.383426     0.571436
    0.071323     0.266663     0.632636
    0.022878     0.268317     0.611373
    0.031162     0.402305     0.558020
    0.025602     0.406457     0.553898
   -0.035017     0.345838     0.553898
    0.020335     0.222400     0.618504
   -0.102491    -0.235992     0.618504
   -0.087656    -0.235992     0.626433
   -0.140284    -0.257855     0.595172
   -0.129570    -0.297839     0.595172
   -0.122623    -0.295120     0.599275
   -0.113516    -0.286013     0.605447
   -0.099128    -0.268363     0.615665
   -0.143816    -0.316914     0.581029
   -0.137442    -0.323288     0.581029
   -0.132083    -0.319286     0.585002
   -0.069220    -0.270313     0.620183
   -0.092561    -0.329876     0.585002
   -0.069220    -0.289527     0.609913
    0.060389    -0.254798     0.609913
    0.095863    -0.194725     0.636942
    0.106596    -0.183753     0.639767
    0.112515    -0.159769     0.649086
    0.110224    -0.092659     0.678541
    0.142941    -0.129343     0.649086
    0.141937    -0.125843     0.650997
    0.117335    -0.092902     0.675420
    0.118779    -0.066831     0.679469
    0.123051    -0.050890     0.679469
    0.156404    -0.016605     0.657693
    0.154852     0.004155     0.655578
    0.131762     0.120236     0.655578
    0.136921     0.257216     0.619142
    0.123081     0.277929     0.619142
    0.122058     0.282153     0.617490
    0.110363     0.293849     0.617490
    0.095325     0.327832     0.599702
    0.084346     0.335169     0.599702
    0.064637     0.379154     0.571424
    0.063506     0.380194     0.570886
    0.025363     0.428207     0.537709
    0.024626     0.428353     0.537709
   -0.008827     0.457775     0.509664
   -0.000004     0.454590     0.513719
   -0.030814     0.493841     0.476476
   -0.055416     0.515872     0.454381
   -0.058514     0.515255     0.454381
   -0.069821     0.520685     0.445747
   -0.117844     0.555069     0.396347
   -0.125401     0.559895     0.389008
   -0.147776     0.564772     0.374273
   -0.150446     0.562987     0.374273
   -0.111699     0.524240     0.422310
   -0.100272     0.389616     0.497652
   -0.263907     0.598026     0.272553
   -0.267402     0.598824     0.269560
   -0.313164     0.597436     0.236240
   -0.356379     0.578313     0.213620
   -0.487134     0.382625     0.213620
   -0.453734     0.374859     0.242298
   -0.228391    -0.249199     0.529106
   -0.193888    -0.257855     0.556008
   -0.569974     0.364774     0.148549
   -0.575756     0.360180     0.144553
   -0.619455     0.140493     0.144553
   -0.619586     0.138741     0.144731
   -0.618815     0.136764     0.145687
   -0.530581    -0.049396     0.248488
   -0.409406    -0.184718     0.370024
   -0.327257    -0.249199     0.447968
   -0.314867    -0.311484     0.447968
   -0.284702    -0.335448     0.468812
   -0.243442    -0.344339     0.501222
   -0.223437    -0.339687     0.518399
   -0.188221    -0.341157     0.543840
   -0.180648    -0.339925     0.549615
   -0.173663    -0.336938     0.555303
   -0.236734    -0.354378     0.501222
   -0.235448    -0.354947     0.501895
   -0.233106    -0.355018     0.503601
   -0.144965    -0.334502     0.571364
   -0.153944    -0.357768     0.549615
   -0.143899    -0.360051     0.552906
   -0.134612    -0.368592     0.548484
   -0.092561    -0.353408     0.567810
   -0.106451    -0.404040     0.523990
   -0.090030    -0.407307     0.523990
   -0.090030    -0.363497     0.559943
   -0.067734    -0.435712     0.497039
   -0.031556    -0.468107     0.464546
    0.017517    -0.458346     0.464546
    0.033618    -0.438079     0.478551
    0.039603    -0.410307     0.500366
    0.055365    -0.375130     0.522981
    0.229329    -0.258891     0.522981
    0.216437    -0.243312     0.540960
    0.161542    -0.188417     0.609016
    0.159445    -0.163710     0.622843
    0.143278    -0.106906     0.653725
    0.160361    -0.021024     0.653725
    0.198056    -0.029541     0.609437
    0.325884    -0.029541     0.453678
    0.285342     0.226432     0.453678
    0.235617     0.252180     0.509298
    0.229054     0.256889     0.515624
    0.150929     0.264651     0.601729
    0.217318     0.279923     0.515624
    0.156669     0.282965     0.584232
    0.152309     0.280178     0.590943
    0.094174     0.345460     0.584232
    0.077686     0.380314     0.562359
    0.077219     0.389636     0.551814
    0.038117     0.445263     0.510365
    0.022899     0.453017     0.510365
   -0.011024     0.500286     0.464804
   -0.033953     0.544567     0.415272
   -0.060018     0.548696     0.415272
   -0.060018     0.536238     0.430452
   -0.080680     0.566978     0.389008
   -0.220608     0.594177     0.302634
   -0.244026     0.606677     0.274270
   -0.259658     0.602770     0.269560
   -0.322410     0.600059     0.225097
   -0.436983     0.587599     0.129223
   -0.459148     0.577725     0.117683
   -0.465697     0.571175     0.117683
   -0.553814     0.529492     0.062383
   -0.581840     0.498257     0.055816
   -0.638988     0.458086     0.013234
   -0.694034     0.350052     0.013234
   -0.687381     0.349091     0.021527
   -0.698026     0.347985     0.008769
   -0.702759     0.318104     0.008769
   -0.703005     0.315095     0.009050
   -0.699976     0.303942     0.014894
   -0.671661     0.216074     0.066353
   -0.527507    -0.068807     0.248488
   -0.516194    -0.093351     0.257536
   -0.481944    -0.148666     0.288594
   -0.419693    -0.216309     0.351393
   -0.364612    -0.289254     0.397009
   -0.336651    -0.309320     0.423960
   -0.312842    -0.356047     0.423960
   -0.295142    -0.356935     0.443983
   -0.286098    -0.351155     0.457900
   -0.283498    -0.368578     0.443983
   -0.205654    -0.362365     0.513691
   -0.112783    -0.409685     0.513691
   -0.105715    -0.411452     0.515821
   -0.071824    -0.437043     0.494627
   -0.029846    -0.475674     0.455656
   -0.017614    -0.492617     0.433871
   -0.009824    -0.504667     0.417684
    0.012714    -0.524609     0.389035
    0.016682    -0.527281     0.385013
    0.013118    -0.502624     0.415746
    0.029569    -0.542489     0.359736
    0.117589    -0.613950     0.224711
    0.139550    -0.625673     0.198112
    0.378397    -0.503974     0.198112
    0.354515    -0.466606     0.255619
    0.359520    -0.389956     0.322886
    0.342382    -0.361171     0.359809
    0.270238    -0.289026     0.470244
    0.412262    -0.513582     0.157296
    0.444297    -0.481547     0.157296
    0.380493    -0.403360     0.290610
    0.340176    -0.336351     0.377051
    0.285126    -0.296929     0.451738
    0.345105    -0.337063     0.370908
    0.383498    -0.094654     0.370908
    0.446101    -0.101556     0.259451
    0.625100    -0.101556    -0.075432
    0.619234    -0.034721    -0.080920
    0.593413     0.161410    -0.080920
    0.592853     0.162297    -0.080090
    0.539374     0.214580     0.007083
    0.511994     0.222353     0.056395
    0.496754     0.221273     0.085172
    0.416252    -0.094654     0.313594
    0.335297     0.249586     0.359847
    0.380290     0.283568     0.251487
    0.335934     0.263587     0.348039
    0.225930     0.286710     0.497285
    0.283893     0.409195     0.251487
    0.255583     0.413173     0.292343
    0.215724     0.373314     0.406296
    0.019865     0.594046     0.292343
    0.010986     0.574334     0.335251
   -0.020827     0.572887     0.362080
   -0.006886     0.651601     0.207087
   -0.020725     0.657334     0.207087
   -0.023129     0.656644     0.210178
   -0.026693     0.606338     0.305173
   -0.077071     0.593501     0.341597
   -0.080680     0.577896     0.369902
   -0.034871     0.658190     0.210178
   -0.047197     0.652849     0.223206
   -0.077071     0.636673     0.260828
   -0.231539     0.616337     0.260828
   -0.242517     0.615280     0.259635
   -0.258511     0.619868     0.239064
   -0.291365     0.610980     0.230406
   -0.306085     0.604883     0.230406
   -0.453692     0.589186     0.105915
   -0.472956     0.584572     0.089468
   -0.496631     0.573308     0.078302
   -0.507208     0.569126     0.070686
   -0.551869     0.545990     0.045049
   -0.570201     0.543415     0.018593
   -0.604133     0.518783    -0.005723
   -0.652961     0.455149    -0.005723
   -0.685639     0.429370    -0.035417
   -0.704627     0.403821    -0.044488
   -0.702174     0.349907     0.000979
   -0.706976     0.401324    -0.046900
   -0.722982     0.362682    -0.046900
   -0.719850     0.351766    -0.032860
   -0.717677     0.348958    -0.026740
   -0.710491     0.348449    -0.013171
   -0.665401     0.168525     0.066353
   -0.626441     0.106836     0.124049
   -0.386083    -0.380095     0.288594
   -0.368383    -0.372122     0.327123
   -0.344719    -0.377096     0.359229
   -0.335829    -0.374164     0.375005
   -0.387108    -0.390887     0.273541
   -0.382744    -0.396573     0.273541
   -0.366481    -0.398859     0.297012
   -0.291974    -0.379332     0.421081
   -0.350594    -0.411049     0.297012
   -0.286585    -0.404970     0.386298
   -0.249564    -0.415909     0.398337
   -0.007829    -0.516039     0.398337
    0.004289    -0.526541     0.383320
    0.004552    -0.526689     0.383134
    0.130573    -0.625917     0.200060
    0.144289    -0.633344     0.182788
    0.140392    -0.627490     0.194699
    0.129277    -0.624658     0.202735
    0.184897    -0.662157     0.107569
    0.196435    -0.671084     0.082425
    0.217887    -0.677239     0.054833
    0.260419    -0.688539     0.001785
    0.293679    -0.696852    -0.038739
    0.338471    -0.706328    -0.090159
    0.338997    -0.706186    -0.090297
    0.411753    -0.676049    -0.090297
    0.410111    -0.672405    -0.082364
    0.167371    -0.650858     0.138306
    0.436920    -0.544866     0.090670
    0.423651    -0.677179    -0.106893
    0.449166    -0.665040    -0.118927
    0.570931    -0.571606    -0.118927
    0.573217    -0.568457    -0.116670
    0.573620    -0.565594    -0.112538
    0.552352    -0.544325    -0.051734
    0.552338    -0.544316    -0.051703
    0.523187    -0.534701     0.000035
    0.495399    -0.512800     0.059213
    0.580284    -0.556908    -0.112538
    0.552100    -0.539079    -0.047287
    0.580581    -0.556770    -0.112978
    0.587409    -0.540288    -0.112978
    0.557352    -0.538158    -0.056221
    0.589687    -0.538060    -0.116693
    0.595106    -0.529480    -0.124717
    0.625752    -0.296699    -0.124717
    0.639885    -0.135678    -0.111497
    0.644335    -0.135678    -0.126167
    0.640498    -0.093822    -0.129065
    0.627528     0.021291    -0.129065
    0.626831     0.028075    -0.129670
    0.613082     0.132514    -0.129670
    0.610290     0.152262    -0.129081
    0.608768     0.156386    -0.126073
    0.603407     0.175300    -0.130245
    0.594038     0.202074    -0.130245
    0.591029     0.201189    -0.119224
    0.547456     0.220167    -0.021396
    0.593356     0.206220    -0.136189
    0.593025     0.206990    -0.136662
    0.566164     0.260814    -0.158175
    0.525430     0.325642    -0.158175
    0.524176     0.324752    -0.152567
    0.286793     0.412096     0.239686
    0.523816     0.329834    -0.164912
    0.481953     0.384881    -0.199381
    0.286272     0.580562    -0.199381
    0.210765     0.637984    -0.152101
    0.202508     0.641165    -0.138830
    0.191297     0.647376    -0.133325
    0.017013     0.686172     0.085266
    0.105592     0.701229    -0.133325
    0.060993     0.723485    -0.115500
    0.040190     0.726908    -0.085676
    0.022510     0.724028    -0.042432
    0.017094     0.721771    -0.024936
    0.010811     0.700410     0.053299
    0.000965     0.700871     0.063207
   -0.003859     0.694263     0.086783
    0.000487     0.716517     0.011809
   -0.025392     0.691075     0.105292
   -0.000772     0.716265     0.013107
   -0.025392     0.710212     0.042204
   -0.144943     0.696742     0.042204
   -0.200254     0.675512     0.091646
   -0.245805     0.658702     0.124872
   -0.266257     0.652905     0.120361
   -0.400727     0.605852     0.120361
   -0.510450     0.578402     0.035714
   -0.533812     0.566743     0.026377
   -0.542536     0.561262     0.026377
   -0.569036     0.546579     0.013364
   -0.611692     0.530148    -0.055195
   -0.635814     0.511803    -0.070300
   -0.643213     0.504404    -0.070300
   -0.674974     0.477282    -0.095509
   -0.679312     0.474371    -0.103265
   -0.688136     0.464587    -0.111541
   -0.728133     0.400932    -0.111541
   -0.729382     0.393341    -0.100658
   -0.726948     0.392625    -0.091741
   -0.728233     0.365223    -0.064167
   -0.727709     0.364841    -0.062299
   -0.734111     0.379828    -0.100658
   -0.733743     0.367194    -0.084756
   -0.733305     0.365810    -0.081693
   -0.733019     0.365077    -0.079893
   -0.726037     0.353549    -0.052593
   -0.730186     0.353549    -0.066269
   -0.718285     0.247925    -0.066269
   -0.711058     0.229097    -0.049439
   -0.691905     0.177196    -0.011581
   -0.687407     0.161329    -0.015082
   -0.522610    -0.309634    -0.015082
   -0.504677    -0.338954     0.010400
   -0.479129    -0.383529     0.029807
   -0.473491    -0.390758     0.037048
   -0.420383    -0.413890     0.156285
   -0.446159    -0.434258     0.037048
   -0.440950    -0.437753     0.046360
   -0.438116    -0.438398     0.053867
   -0.418090    -0.424189     0.143368
   -0.416999    -0.424590     0.145172
   -0.408431    -0.422261     0.169015
   -0.429226    -0.441823     0.068156
   -0.365024    -0.431923     0.223457
   -0.381581    -0.471760     0.068156
   -0.346677    -0.489178     0.082106
   -0.339577    -0.490347     0.092286
   -0.264623    -0.513931     0.112729
    0.076474    -0.633286     0.112729
    0.138761    -0.650943     0.126469
    0.146789    -0.653906     0.120614
    0.196312    -0.672915     0.076345
    0.196984    -0.672990     0.076345
    0.209256    -0.675961     0.062251
    0.343220    -0.707831    -0.100667
    0.393154    -0.709287    -0.163523
    0.396057    -0.708464    -0.164163
    0.412404    -0.702744    -0.164163
    0.412533    -0.702703    -0.164198
    0.430861    -0.699687    -0.190473
    0.441848    -0.694204    -0.194865
    0.495656    -0.660395    -0.194865
    0.504050    -0.652823    -0.187764
    0.527899    -0.632889    -0.184002
    0.563890    -0.590742    -0.150548
    0.565940    -0.588693    -0.150548
    0.578544    -0.572119    -0.140170
    0.580793    -0.566280    -0.130784
    0.580227    -0.565878    -0.128253
    0.582031    -0.557772    -0.118087
    0.587329    -0.555879    -0.130784
    0.587593    -0.555350    -0.130573
    0.588991    -0.552910    -0.131635
    0.595288    -0.542614    -0.140583
    0.600502    -0.527715    -0.140583
    0.609599    -0.509292    -0.161085
    0.624541    -0.468801    -0.190620
    0.629636    -0.449658    -0.198531
    0.637317    -0.374805    -0.191853
    0.637940    -0.369282    -0.191853
    0.644043    -0.302706    -0.187244
    0.646283    -0.210208    -0.160271
    0.646283    -0.154736    -0.139667
    0.645714    -0.142576    -0.133277
    0.642099    -0.105868    -0.133277
    0.640498    -0.090633    -0.132254
    0.633843    -0.031573    -0.132254
    0.605585     0.168851    -0.132717
    0.602997     0.177383    -0.132717
    0.597724     0.193737    -0.136189
    0.591015     0.211366    -0.140368
    0.573985     0.245943    -0.156739
    0.565350     0.262843    -0.161219
    0.561925     0.268898    -0.163730
    0.536515     0.313540    -0.181183
    0.533503     0.318717    -0.182775
    0.529736     0.324712    -0.182775
    0.519335     0.338655    -0.193614
    0.493378     0.372820    -0.215271
    0.478165     0.392410    -0.224250
    0.474342     0.397067    -0.224250
    0.435117     0.441530    -0.252714
    0.412536     0.466821    -0.267444
    0.396695     0.483840    -0.273848
    0.363890     0.516645    -0.273848
    0.348057     0.531382    -0.267890
    0.306947     0.567650    -0.241572
    0.291871     0.580022    -0.241572
    0.249249     0.613123    -0.222036
    0.201383     0.648829    -0.184822
    0.196350     0.651992    -0.184822
    0.120027     0.695435    -0.154984
    0.114959     0.698144    -0.154984
    0.086119     0.712347    -0.141330
    0.064633     0.722218    -0.123138
    0.060491     0.723956    -0.117783
    0.057077     0.725057    -0.117059
    0.041392     0.728140    -0.098449
    0.040676     0.727635    -0.092606
    0.050947     0.726917    -0.117059
    0.049308     0.727275    -0.115517
    0.041057     0.728971    -0.106552
    0.024815     0.727635    -0.076745
    0.035238     0.729544    -0.106552
    0.024815     0.729544    -0.096129
   -0.040465     0.723114    -0.096129
   -0.084970     0.718436    -0.093140
   -0.095537     0.716265    -0.081658
   -0.134603     0.707723    -0.044912
   -0.339307     0.645627    -0.044912
   -0.395505     0.627505    -0.032980
   -0.495357     0.592565    -0.032980
   -0.519360     0.581539    -0.053303
   -0.586917     0.545429    -0.053303
   -0.609683     0.532470    -0.062203
   -0.624599     0.522448    -0.085294
   -0.654585     0.500080    -0.108607
   -0.658558     0.496917    -0.113011
   -0.673418     0.483808    -0.122524
   -0.683807     0.473419    -0.141905
   -0.695277     0.460417    -0.150228
   -0.700959     0.453494    -0.150228
   -0.710341     0.440916    -0.160007
   -0.715432     0.432814    -0.160007
   -0.728206     0.400989    -0.112256
   -0.716355     0.431193    -0.160641
   -0.729021     0.407497    -0.160641
   -0.732725     0.399434    -0.153814
   -0.734352     0.395557    -0.148801
   -0.733239     0.395626    -0.136667
   -0.736084     0.381147    -0.119489
   -0.738897     0.380574    -0.148801
   -0.738914     0.380498    -0.148729
   -0.739105     0.379568    -0.147719
   -0.736758     0.380512    -0.124835
   -0.736758     0.369121    -0.113444
   -0.740134     0.369121    -0.147719
   -0.740134     0.340937    -0.175903
   -0.739099     0.318801    -0.187536
   -0.733520     0.262155    -0.187536
   -0.733305     0.262069    -0.185435
   -0.732423     0.256816    -0.193337
   -0.724128     0.218879    -0.229021
   -0.723982     0.218315    -0.229294
   -0.686666     0.095303    -0.229294
   -0.655340    -0.001842    -0.208668
   -0.648104    -0.022522    -0.208668
   -0.641563    -0.039913    -0.205143
   -0.580499    -0.184574    -0.124361
   -0.554008    -0.246265    -0.086427
   -0.527092    -0.304858    -0.036819
   -0.521555    -0.315215    -0.036819
   -0.496500    -0.359233    -0.019610
   -0.488937    -0.372410    -0.013746
   -0.471514    -0.402500     0.001342
   -0.463356    -0.414410     0.005808
   -0.459003    -0.420341     0.009939
   -0.451089    -0.430951     0.018187
   -0.446697    -0.434751     0.031440
   -0.449069    -0.433413     0.018187
   -0.445729    -0.437199     0.020611
   -0.445384    -0.436853     0.027150
   -0.442040    -0.438942     0.033973
   -0.445086    -0.437766     0.020200
   -0.438091    -0.443507     0.020200
   -0.435598    -0.445366     0.018262
   -0.422889    -0.453808     0.015245
   -0.416845    -0.457606     0.015245
   -0.365409    -0.486883    -0.004863
   -0.327569    -0.507109    -0.004863
   -0.276895    -0.530388    -0.047766
   -0.212827    -0.557900    -0.087162
   -0.092011    -0.600175    -0.087162
    0.016182    -0.635063    -0.110133
    0.218445    -0.696419    -0.110133
    0.220424    -0.696852    -0.111994
    0.230083    -0.698837    -0.122490
    0.250612    -0.700995    -0.123869
    0.344216    -0.710214    -0.123869
    0.344216    -0.709389    -0.115496
    0.391863    -0.710214    -0.171515
    0.392762    -0.710126    -0.171515
    0.393058    -0.709389    -0.164337
    0.425925    -0.703310    -0.207550
    0.428220    -0.702614    -0.207550
    0.428250    -0.702137    -0.202357
    0.442703    -0.696534    -0.226276
    0.462783    -0.685801    -0.226276
    0.465967    -0.683989    -0.227521
    0.466977    -0.683354    -0.227521
    0.491833    -0.664813    -0.208197
    0.502098    -0.656389    -0.208197
    0.525578    -0.635675    -0.193166
    0.529136    -0.632116    -0.186527
    0.562292    -0.594534    -0.162468
    0.568403    -0.587087    -0.162468
    0.581172    -0.569969    -0.149160
    0.581371    -0.569673    -0.148701
    0.582798    -0.567167    -0.147721
    0.596760    -0.541046    -0.147721
    0.608292    -0.515942    -0.168975
    0.614749    -0.500560    -0.188865
    0.617415    -0.492294    -0.190620
    0.632632    -0.435956    -0.211419
    0.634818    -0.416552    -0.211419
    0.637940    -0.386853    -0.209424
    0.640219    -0.363711    -0.209424
    0.642099    -0.109099    -0.136508
    0.638737    -0.079260    -0.136508
    0.598255     0.191034    -0.139396
    0.597344     0.193277    -0.140368
    0.542957     0.301994    -0.178139
    0.474250     0.396750    -0.227922
    0.393627     0.486460    -0.276283
    0.389176     0.490511    -0.278454
    0.368846     0.510842    -0.278454
    0.317236     0.557144    -0.263028
    0.231759     0.624113    -0.222036
    0.212143     0.638052    -0.211371
    0.192062     0.653713    -0.191256
    0.121191     0.694332    -0.160401
    0.060259     0.721396    -0.141330
    0.055188     0.723900    -0.135686
    0.054661     0.724177    -0.134968
    0.052884     0.724859    -0.133379
    0.034983     0.726876    -0.133379
    0.035238     0.727275    -0.129586
    0.027724     0.725424    -0.140862
    0.002524     0.723114    -0.139118
   -0.034466     0.718946    -0.139118
   -0.089840     0.713264    -0.134178
   -0.104644     0.707801    -0.144976
   -0.114044     0.704695    -0.147806
   -0.161747     0.689663    -0.154039
   -0.168036     0.687740    -0.154213
   -0.265256     0.660179    -0.132766
   -0.460036     0.592023    -0.132766
   -0.532478     0.569229    -0.113008
   -0.589564     0.536510    -0.137862
   -0.591598     0.534924    -0.139900
   -0.666268     0.488006    -0.139900
   -0.675482     0.479694    -0.147694
   -0.680576     0.475437    -0.148497
   -0.693647     0.460130    -0.160647
   -0.698466     0.455312    -0.160647
   -0.707214     0.443808    -0.167850
   -0.707777     0.443135    -0.167744
   -0.712425     0.434745    -0.171864
   -0.719357     0.423713    -0.171864
   -0.722287     0.417843    -0.174210
   -0.726954     0.409699    -0.170664
   -0.727623     0.407575    -0.171243
   -0.735612     0.384743    -0.171243
   -0.736028     0.383276    -0.171567
   -0.735991     0.382020    -0.173148
   -0.738101     0.361464    -0.174982
   -0.738914     0.354244    -0.174982
   -0.736537     0.305992    -0.200740
   -0.732423     0.278651    -0.215171
   -0.728168     0.254739    -0.229021
   -0.723789     0.217813    -0.229743
   -0.715583     0.195578    -0.245962
   -0.714032     0.190989    -0.247734
   -0.705177     0.164194    -0.255802
   -0.688968     0.107015    -0.243189
   -0.686669     0.100445    -0.243189
   -0.686237     0.099137    -0.242987
   -0.660262     0.016583    -0.220471
   -0.553867    -0.246548    -0.086314
   -0.550523    -0.253521    -0.081991
   -0.523307    -0.310850    -0.043368
   -0.449097    -0.433368     0.018095
   -0.444055    -0.438409     0.018095
   -0.442566    -0.439542     0.017162
   -0.361046    -0.488073    -0.015122
   -0.358571    -0.489628    -0.015122
   -0.212531    -0.557949    -0.087587
   -0.204692    -0.559826    -0.094280
    0.062639    -0.643942    -0.167192
    0.064276    -0.644515    -0.167192
    0.220682    -0.688854    -0.201695
    0.243758    -0.688181    -0.230743
    0.264104    -0.688875    -0.244930
    0.315698    -0.694169    -0.249532
    0.376276    -0.700995    -0.249532
    0.391334    -0.702375    -0.250575
    0.391863    -0.703204    -0.242691
    0.425968    -0.703204    -0.208586
    0.397997    -0.700737    -0.258450
    0.429659    -0.697170    -0.258450
    0.430485    -0.698406    -0.246649
    0.442736    -0.695999    -0.232115
    0.430716    -0.696613    -0.259891
    0.446557    -0.691070    -0.259891
    0.447440    -0.690925    -0.258624
    0.447736    -0.691306    -0.254874
    0.470967    -0.676142    -0.258624
    0.474341    -0.674843    -0.253202
    0.482570    -0.668584    -0.248049
    0.535960    -0.615194    -0.248049
    0.539960    -0.611779    -0.244874
    0.540892    -0.611154    -0.243209
    0.541981    -0.609946    -0.242187
    0.604263    -0.510824    -0.242187
    0.604757    -0.511208    -0.237327
    0.604969    -0.506533    -0.248338
    0.622456    -0.456560    -0.248338
    0.625747    -0.449896    -0.240921
    0.626899    -0.446772    -0.238643
    0.630156    -0.438287    -0.231058
    0.633992    -0.404245    -0.231058
    0.634818    -0.399602    -0.228369
    0.636259    -0.095997    -0.150894
    0.631894    -0.062847    -0.150894
    0.574558     0.233731    -0.169028
    0.568187     0.241083    -0.178139
    0.486983     0.379616    -0.221838
    0.402808     0.474495    -0.276283
    0.382621     0.495270    -0.283152
    0.372703     0.505188    -0.283152
    0.369100     0.510151    -0.279595
    0.326234     0.543044    -0.279595
    0.314658     0.557718    -0.266261
    0.255959     0.601343    -0.245419
    0.130234     0.671980    -0.211371
    0.106205     0.686858    -0.197880
    0.096230     0.695502    -0.185518
    0.070914     0.709762    -0.167582
    0.062282     0.715213    -0.159509
    0.030544     0.719392    -0.159509
    0.029299     0.720066    -0.157940
    0.027724     0.720749    -0.156276
   -0.018964     0.716651    -0.152442
   -0.035920     0.714419    -0.152442
   -0.410696     0.597219    -0.172844
   -0.423582     0.593732    -0.169448
   -0.564345     0.535426    -0.169448
   -0.595373     0.526257    -0.159357
   -0.644708     0.489591    -0.176875
   -0.656741     0.483866    -0.171199
   -0.695997     0.453744    -0.171199
   -0.699683     0.448667    -0.174838
   -0.702986     0.445364    -0.174838
   -0.706925     0.437758    -0.179204
   -0.713728     0.428893    -0.179204
   -0.717525     0.420913    -0.182967
   -0.718619     0.419441    -0.182445
   -0.720873     0.411812    -0.184926
   -0.728260     0.393977    -0.184926
   -0.731059     0.383634    -0.187652
   -0.729496     0.378186    -0.194659
   -0.732834     0.343522    -0.198425
   -0.734062     0.334191    -0.198425
   -0.721160     0.238564    -0.246116
   -0.720995     0.236682    -0.245962
   -0.702751     0.159886    -0.258855
   -0.681394     0.087445    -0.242987
   -0.680030     0.083479    -0.242225
   -0.567902    -0.211051    -0.111873
   -0.445094    -0.432671     0.005808
   -0.401876    -0.455059    -0.019000
   -0.357954    -0.488761    -0.019000
   -0.201218    -0.559496    -0.099126
    0.073985    -0.640819    -0.188622
    0.083936    -0.644941    -0.188622
    0.288761    -0.681800    -0.276643
    0.309567    -0.679766    -0.291312
    0.345959    -0.683270    -0.295266
    0.368904    -0.686291    -0.295266
    0.397710    -0.688819    -0.297631
    0.397997    -0.689812    -0.294466
    0.430776    -0.694665    -0.266290
    0.398648    -0.688312    -0.298812
    0.427177    -0.684556    -0.298812
    0.428332    -0.684445    -0.298686
    0.431396    -0.685324    -0.294745
    0.432816    -0.688431    -0.284623
    0.445604    -0.687831    -0.271755
    0.447905    -0.678486    -0.294745
    0.448990    -0.680057    -0.289210
    0.470368    -0.675298    -0.262397
    0.449057    -0.676005    -0.298419
    0.455523    -0.667810    -0.305867
    0.480048    -0.648991    -0.305867
    0.490308    -0.634857    -0.315996
    0.494840    -0.630324    -0.315996
    0.509571    -0.601887    -0.332320
    0.555480    -0.542057    -0.332320
    0.555564    -0.541880    -0.332404
    0.563939    -0.530612    -0.328402
    0.576757    -0.516989    -0.315240
    0.602458    -0.505795    -0.257536
    0.582056    -0.504195    -0.315240
    0.584249    -0.500653    -0.313251
    0.602331    -0.479788    -0.287395
    0.603742    -0.478408    -0.285094
    0.616260    -0.458587    -0.266556
    0.618625    -0.440629    -0.266556
    0.621331    -0.432228    -0.261637
    0.624013    -0.427277    -0.255400
    0.601040    -0.183934    -0.238443
    0.557290     0.092297    -0.238443
    0.544204     0.245289    -0.218939
    0.484471     0.324395    -0.268409
    0.469682     0.335008    -0.282663
    0.398106     0.475483    -0.282663
    0.383765     0.485564    -0.293349
    0.379238     0.485791    -0.298470
    0.362503     0.502526    -0.298470
    0.360720     0.506600    -0.295742
    0.333726     0.527336    -0.295705
    0.327748     0.535840    -0.289369
    0.275336     0.562545    -0.289369
    0.232198     0.600261    -0.265458
    0.193577     0.622990    -0.253109
    0.137249     0.665524    -0.217884
    0.093344     0.688895    -0.197880
    0.056869     0.706183    -0.177737
    0.037169     0.713866    -0.168216
    0.030544     0.718326    -0.161503
   -0.031391     0.713265    -0.155717
   -0.051993     0.710002    -0.155717
   -0.524282     0.539173    -0.193016
   -0.543136     0.534461    -0.187334
   -0.617108     0.496770    -0.187334
   -0.644754     0.489372    -0.177173
   -0.688672     0.449964    -0.186406
   -0.690361     0.446395    -0.188646
   -0.707984     0.428771    -0.188646
   -0.710861     0.422313    -0.192008
   -0.710254     0.420172    -0.194589
   -0.714284     0.405111    -0.200125
   -0.720053     0.393790    -0.200125
   -0.723699     0.379202    -0.204521
   -0.716738     0.366161    -0.220316
   -0.710092     0.335673    -0.240395
   -0.713068     0.300878    -0.244830
   -0.716479     0.279339    -0.244830
   -0.719812     0.238564    -0.248639
   -0.708313     0.221489    -0.265945
   -0.707815     0.215388    -0.265375
   -0.699026     0.159899    -0.265375
   -0.699351     0.159290    -0.264637
   -0.658794     0.041802    -0.242225
   -0.636649    -0.040946    -0.211810
   -0.628034    -0.050546    -0.213829
   -0.571991    -0.176353    -0.148328
   -0.278780    -0.469565    -0.148328
   -0.252545    -0.481252    -0.161987
   -0.209556    -0.519825    -0.152949
   -0.013873    -0.572194    -0.224875
    0.116972    -0.638863    -0.224875
    0.332621    -0.667460    -0.319235
    0.379111    -0.674823    -0.319235
    0.395836    -0.676190    -0.320798
    0.398648    -0.678084    -0.317947
    0.401017    -0.677890    -0.317726
    0.428814    -0.673487    -0.317726
    0.429327    -0.673761    -0.317105
    0.429964    -0.675137    -0.314521
    0.457264    -0.659526    -0.317105
    0.461590    -0.653373    -0.321690
    0.481003    -0.635953    -0.325772
    0.491980    -0.612749    -0.340335
    0.510470    -0.594258    -0.340335
    0.519186    -0.574694    -0.350521
    0.544608    -0.546362    -0.344564
    0.549030    -0.543254    -0.341269
    0.555560    -0.530436    -0.341269
    0.563666    -0.524619    -0.333456
    0.565523    -0.522160    -0.331918
    0.599565    -0.468933    -0.295243
    0.587030    -0.483100    -0.313251
    0.552804    -0.483100    -0.354955
    0.547157    -0.481824    -0.361589
    0.443662    -0.366245    -0.465394
    0.438015    -0.359159    -0.470906
    0.432835    -0.289893    -0.463850
    0.359188     0.080355    -0.463850
    0.344936     0.281628    -0.434861
    0.354627     0.315411    -0.416409
    0.375366     0.344378    -0.386612
    0.365712     0.386855    -0.372694
    0.374223     0.482586    -0.306188
    0.355120     0.402708    -0.372694
    0.350602     0.421369    -0.365398
    0.345954     0.467147    -0.341595
    0.350653     0.482363    -0.327953
    0.354733     0.483858    -0.323293
    0.320556     0.519968    -0.312049
    0.328079     0.520636    -0.306823
    0.348373     0.484742    -0.327317
    0.331198     0.496218    -0.327317
    0.278251     0.558876    -0.291904
    0.182586     0.625176    -0.253109
    0.124428     0.661349    -0.225445
    0.123714     0.661700    -0.225155
   -0.044991     0.707722    -0.159846
   -0.121424     0.692518    -0.159846
   -0.556493     0.509549    -0.208354
   -0.567255     0.503456    -0.209062
   -0.602417     0.495464    -0.197541
   -0.691022     0.436260    -0.197541
   -0.694704     0.427939    -0.201896
   -0.701927     0.420716    -0.201896
   -0.709538     0.389283    -0.214185
   -0.712485     0.384872    -0.214185
   -0.708773     0.333831    -0.242289
   -0.684648     0.249730    -0.288223
   -0.689109     0.227303    -0.288223
   -0.689544     0.221489    -0.288816
   -0.680198     0.211052    -0.298190
   -0.696748     0.160228    -0.268215
   -0.668715     0.202038    -0.309085
   -0.659665     0.156544    -0.309085
   -0.649324     0.148329    -0.316231
   -0.642481     0.146854    -0.321606
   -0.583917     0.120613    -0.359256
   -0.462323    -0.061366    -0.359256
   -0.360605    -0.106376    -0.412499
   -0.271183    -0.195798    -0.412499
   -0.218218    -0.208622    -0.433207
    0.266486    -0.532491    -0.433207
    0.272855    -0.546704    -0.424069
    0.282947    -0.555986    -0.419263
    0.327603    -0.612198    -0.380421
    0.332901    -0.665524    -0.321648
    0.365368    -0.619709    -0.380421
    0.387399    -0.647777    -0.353790
    0.394435    -0.654077    -0.347471
    0.395836    -0.660279    -0.340186
    0.428440    -0.670895    -0.320957
    0.428643    -0.647273    -0.347471
    0.428714    -0.647323    -0.347399
    0.430456    -0.650605    -0.343320
    0.492505    -0.604699    -0.347399
    0.508304    -0.577364    -0.358230
    0.513500    -0.575065    -0.355510
    0.501662    -0.584007    -0.358230
    0.543300    -0.531654    -0.354782
    0.542714    -0.531343    -0.355510
    0.538483    -0.525433    -0.361589
    0.408101    -0.351654    -0.494231
    0.290328    -0.241681    -0.572933
    0.285387    -0.236086    -0.576074
    0.278820    -0.142215    -0.566140
    0.267795    -0.101069    -0.566140
    0.264772    -0.046505    -0.557666
    0.308404     0.198847    -0.477757
    0.342714     0.278652    -0.437067
    0.349597     0.337638    -0.409110
    0.346563     0.340671    -0.409110
    0.331381     0.491825    -0.330491
    0.253007     0.549761    -0.303506
    0.278293     0.506050    -0.330491
   -0.010142     0.652335    -0.210990
   -0.539519     0.510489    -0.210990
   -0.645231     0.423740    -0.229584
   -0.650658     0.401747    -0.238129
   -0.705906     0.346498    -0.238129
   -0.667410     0.202038    -0.310156
   -0.684611     0.249674    -0.288263
   -0.658899     0.215246    -0.313788
   -0.662752     0.200870    -0.313788
   -0.633056     0.173141    -0.333632
   -0.633009     0.173087    -0.333662
   -0.568846     0.122137    -0.370566
   -0.568263     0.119959    -0.370566
   -0.428235     0.037270    -0.433569
   -0.382711     0.005091    -0.451422
   -0.353563    -0.023420    -0.458926
   -0.263005    -0.045768    -0.494113
   -0.257098    -0.048582    -0.495709
   -0.239485    -0.057681    -0.500101
   -0.147968    -0.107523    -0.521599
   -0.060276    -0.195215    -0.521599
    0.136843    -0.239828    -0.586327
    0.200101    -0.304499    -0.569678
    0.261294    -0.408125    -0.523053
    0.281398    -0.413512    -0.523053
    0.349391    -0.531048    -0.450490
    0.349391    -0.531993    -0.449800
    0.365368    -0.595677    -0.400145
    0.421346    -0.615890    -0.374418
    0.378047    -0.523370    -0.450490
    0.395504    -0.536407    -0.437548
    0.422956    -0.577326    -0.402278
    0.451068    -0.480843    -0.437548
    0.495903    -0.510922    -0.398902
    0.503200    -0.517229    -0.391885
    0.393971    -0.404389    -0.494231
    0.266035    -0.229982    -0.585544
    0.253290    -0.219024    -0.590787
    0.248688    -0.158482    -0.584576
    0.248927    -0.154302    -0.583849
    0.252892    -0.075916    -0.568081
    0.246245    -0.105833    -0.576321
    0.344665     0.335821    -0.411974
    0.278293     0.312297    -0.434054
    0.252892     0.221841    -0.477757
    0.252290     0.223259    -0.477251
    0.252290     0.229851    -0.474399
   -0.302357    -0.006483    -0.477251
   -0.443804     0.050656    -0.427164
   -0.550148     0.116240    -0.379715
   -0.644120     0.210211    -0.322198
   -0.646220     0.210283    -0.321276
   -0.263189    -0.045651    -0.494054
   -0.066428    -0.140568    -0.542182
    0.123842    -0.224584    -0.587280
    0.136917    -0.237658    -0.587280
    0.163219    -0.239114    -0.591365
    0.222025    -0.263473    -0.591365
    0.234297    -0.292379    -0.581054
    0.252652    -0.313728    -0.572272
    0.281398    -0.404870    -0.527672
    0.339757    -0.425554    -0.508258
    0.263951    -0.309048    -0.572272
    0.338318    -0.383416    -0.526753
    0.340590    -0.383493    -0.525756
    0.248810    -0.271568    -0.585544
    0.239259    -0.219024    -0.595043
    0.236854    -0.200890    -0.593494
    0.216809    -0.180845    -0.593494
    0.214578    -0.171949    -0.592398
    0.194537    -0.174606    -0.590686
    0.144560    -0.224584    -0.590686
    0.172409    -0.231567    -0.594117
    0.176304    -0.235463    -0.594117
    0.211596    -0.240141    -0.597132
    0.214369    -0.243175    -0.596560
    0.222025    -0.259162    -0.592672
    0.241970    -0.264728    -0.588478
    0.231258    -0.226337    -0.596551
    0.231190    -0.226354    -0.596560
    0.216809    -0.226354    -0.597976
    0.211596    -0.231567    -0.597976
     1      2      3
     1      3      4
     1      4      5
     5      4      6
     7      8      9
    10     11      1
    10      1      5
    10      5      6
    10      6     12
     3      2     13
     3     13     14
     3     14     15
     3     15     16
     3     16     17
     3     17     18
    19     17     16
    19     16     20
    19     20     21
    21     20     22
    21     22     23
    21     23     24
    21     24     25
    21     25     26
    26     25     27
    26     27     28
    18     17     19
    18     19     29
    12      6      4
    12      4      3
    12      3     18
    12     18     29
    12     29     30
    31     32     33
    34     35     36
    34     36     37
    33     32     38
    33     38     39
    33     39     40
    37     36     41
    37     41     42
    37     42      8
    37      8      7
     9      8     42
     9     42     43
     9     43     11
     9     11     10
    43     44     13
    43     13      2
    43      2      1
    43      1     11
    14     45     46
    14     46     47
    14     47     48
    14     48     15
    15     48     22
    15     22     20
    15     20     16
    23     49     50
    23     50     51
    23     51     52
    23     52     24
    24     52     53
    24     53     54
    24     54     27
    24     27     25
    54     53     55
    54     55     56
    54     56     57
    54     57     58
    59     58     57
    59     57     60
    59     60     61
    28     27     54
    28     54     58
    28     58     59
    28     59     62
    63     62     59
    63     59     61
    63     61     64
    63     64     65
    63     65     66
    30     29     19
    30     19     21
    30     21     26
    30     26     28
    30     28     62
    30     62     63
    30     63     67
    68     69     31
    68     31     33
    68     33     40
    68     40     34
    68     34     37
    68     37      7
    68      7      9
    68      9     10
    68     10     12
    68     12     30
    68     30     67
    68     70     71
    68     71     72
    68     72     73
    68     73     74
    68     74     69
    69     74     38
    69     38     32
    69     32     31
    71     75     76
    71     76     77
    71     77     72
    73     78     39
    73     39     38
    73     38     74
    72     77     79
    72     79     80
    72     80     78
    72     78     73
    40     39     78
    40     78     80
    40     80     81
    40     81     82
    40     82     35
    40     35     34
    82     83     84
    82     84     85
    82     85     41
    82     41     36
    82     36     35
    84     86     87
    84     87     88
    84     88     85
    41     85     88
    41     88     89
    41     89     44
    41     44     43
    41     43     42
    89     90     45
    89     45     14
    89     14     13
    89     13     44
    46     91     92
    46     92     93
    46     93     47
    22     48     47
    22     47     93
    22     93     49
    22     49     23
    50     94     95
    50     95     51
    51     95     96
    51     96     97
    51     97     55
    51     55     53
    51     53     52
    55     97     98
    55     98     99
    55     99     56
    57     56     99
    57     99    100
    57    100    101
    57    101     60
    61     60    101
    61    101    102
    61    102    103
    61    103     64
   104    105    106
   104    106    107
   104    107    108
    64    103    105
    64    105    104
    64    104     65
   109    110    111
   109    111    112
   109    112    113
   109    113    114
    66     65    104
    66    104    108
    66    108    109
    66    109    114
    66    114    115
   115    114    113
   115    113    116
   115    116    117
   115    117    118
   115    118    119
   115    119    120
   115    120    121
    67     63     66
    67     66    115
    67    115    121
    67    121    122
    67    122    123
    67    123     70
    67     70     68
   121    120    124
   121    124    125
   121    125    126
   121    126    127
   121    127    128
   121    128    129
   121    129    130
   121    130    131
   121    131    122
   122    131    132
   122    132    133
   122    133    134
   122    134    135
   122    135    123
   123    135    136
   123    136    137
   123    137    138
   123    138     75
   123     75     71
   123     71     70
   134    139    140
   134    140    141
   134    141    136
   134    136    135
   138    142     76
   138     76     75
   137    143    144
   137    144    142
   137    142    138
    76    142    144
    76    144    145
    76    145    146
    76    146     79
    76     79     77
   146    145    147
   146    147    148
   146    148    149
   149    148    150
   149    150    151
   149    151    152
   149    152    153
   149    153    154
    80     79    146
    80    146    149
    80    149    154
    80    154    155
    80    155     81
    81    155    156
    81    156    157
    81    157    158
    81    158     83
    81     83     82
   158    159     86
   158     86     84
   158     84     83
   157    159    158
    88     87    160
    88    160     90
    88     90     89
   161     91     46
   161     46     45
   161     45     90
   161     90    160
   162    163    164
   162    164    165
   162    165     92
   162     92     91
   162     91    161
    93     92    165
    93    165    166
    93    166    167
    93    167     94
    93     94     50
    93     50     49
   166    168    169
   166    169    170
   166    170    167
   167    170     96
   167     96     95
   167     95     94
    96    170    169
    96    169    171
    96    171     98
    96     98     97
    99     98    171
    99    171    172
    99    172    100
   101    100    172
   101    172    173
   101    173    174
   101    174    175
   101    175    102
   102    175    176
   102    176    106
   102    106    105
   102    105    103
   106    176    177
   106    177    178
   106    178    179
   106    179    107
   179    178    180
   179    180    111
   179    111    110
   108    107    179
   108    179    110
   108    110    109
   116    181    182
   116    182    183
   116    183    117
   113    112    181
   113    181    116
   118    184    185
   118    185    186
   118    186    187
   118    187    119
   119    187    188
   119    188    189
   119    189    124
   119    124    120
   124    189    190
   124    190    191
   124    191    192
   124    192    125
   125    192    126
   126    192    191
   126    191    193
   126    193    194
   126    194    195
   126    195    196
   126    196    197
   126    197    127
   129    198    199
   129    199    200
   129    200    201
   129    201    130
   130    201    202
   130    202    203
   130    203    132
   130    132    131
   132    203    204
   132    204    205
   132    205    206
   132    206    133
   133    206    139
   133    139    134
   205    207    140
   205    140    139
   205    139    206
   136    141    208
   136    208    143
   136    143    137
   208    209    210
   208    210    147
   208    147    145
   208    145    144
   208    144    143
   147    210    211
   147    211    150
   147    150    148
   150    211    212
   150    212    151
   213    214    215
   213    215    216
   213    216    217
   151    212    213
   151    213    217
   151    217    152
   152    217    216
   152    216    218
   152    218    219
   152    219    220
   152    220    221
   152    221    222
   152    222    153
   154    153    222
   154    222    223
   154    223    224
   154    224    225
   154    225    156
   154    156    155
   222    221    226
   222    226    227
   222    227    228
   222    228    223
   224    229    230
   224    230    225
   223    228    231
   223    231    229
   223    229    224
   156    225    230
   156    230    162
   156    162    161
   156    161    160
   156    160     87
   156     87     86
   156     86    159
   156    159    157
   230    229    231
   230    231    232
   230    232    163
   230    163    162
   233    234    235
   233    235    236
   233    236    237
   233    237    238
   233    238    239
   233    239    240
   233    240    241
   232    241    240
   232    240    242
   232    242    164
   232    164    163
   240    239    243
   240    243    244
   240    244    242
   164    242    244
   164    244    245
   164    245    168
   164    168    166
   164    166    165
   245    244    243
   245    243    246
   245    246    247
   245    247    248
   172    171    169
   172    169    168
   172    168    245
   172    245    248
   172    248    173
   173    248    247
   173    247    249
   173    249    250
   173    250    174
   174    250    251
   174    251    177
   174    177    176
   174    176    175
   249    252    253
   249    253    254
   249    254    255
   249    255    251
   249    251    250
   177    251    255
   177    255    256
   177    256    257
   177    257    180
   177    180    178
   255    254    258
   255    258    259
   255    259    260
   255    260    256
   257    256    260
   257    260    261
   111    180    257
   111    257    261
   111    261    262
   111    262    182
   111    182    181
   111    181    112
   182    262    263
   182    263    264
   182    264    265
   182    265    183
   117    183    265
   117    265    184
   117    184    118
   185    266    267
   185    267    268
   185    268    186
   186    268    269
   186    269    270
   186    270    188
   186    188    187
   188    270    271
   188    271    272
   188    272    273
   188    273    190
   188    190    189
   190    273    274
   190    274    275
   190    275    276
   190    276    193
   190    193    191
   275    277    278
   275    278    279
   275    279    280
   275    280    281
   275    281    276
   193    276    281
   193    281    194
   194    281    280
   194    280    195
   127    197    282
   127    282    283
   127    283    128
   128    283    198
   128    198    129
   200    284    285
   200    285    202
   200    202    201
   202    285    286
   202    286    287
   202    287    204
   202    204    203
   288    289    290
   288    290    286
   288    286    285
   288    285    284
   204    287    291
   204    291    207
   204    207    205
   286    290    292
   286    292    293
   286    293    291
   286    291    287
   140    207    291
   140    291    293
   140    293    294
   140    294    209
   140    209    208
   140    208    141
   294    295    214
   294    214    213
   294    213    212
   294    212    211
   294    211    210
   294    210    209
   296    297    215
   296    215    214
   296    214    295
   216    215    297
   216    297    218
   298    299    300
   298    300    301
   219    301    300
   219    300    220
   302    303    304
   302    304    305
   302    305    306
   302    306    307
   302    307    308
   302    308    309
   302    309    310
   220    300    299
   220    299    311
   220    311    302
   220    302    310
   220    310    312
   220    312    226
   220    226    221
   310    309    313
   310    313    314
   310    314    315
   310    315    316
   310    316    317
   310    317    318
   310    318    319
   310    319    320
   310    320    312
   226    312    320
   226    320    321
   226    321    227
   317    322    318
   320    319    323
   320    323    321
   323    319    318
   323    318    322
   323    322    324
   323    324    325
   323    325    326
   227    321    323
   227    323    326
   227    326    233
   227    233    241
   227    241    232
   227    232    231
   227    231    228
   326    325    327
   326    327    328
   326    328    329
   326    329    330
   326    330    234
   326    234    233
   330    331    332
   330    332    333
   330    333    235
   330    235    234
   235    333    334
   235    334    335
   235    335    336
   235    336    337
   235    337    236
   236    337    338
   236    338    339
   236    339    340
   236    340    237
   237    340    341
   237    341    238
   341    340    339
   341    339    342
   341    342    343
   341    343    344
   341    344    345
   341    345    346
   243    239    238
   243    238    341
   243    341    346
   243    346    347
   243    347    246
   347    346    345
   347    345    348
   347    348    349
   347    349    350
   347    350    351
   347    351    352
   247    246    347
   247    347    352
   247    352    353
   247    353    354
   247    354    252
   247    252    249
   353    355    356
   353    356    357
   353    357    358
   353    358    359
   353    359    360
   353    360    354
   354    360    361
   354    361    362
   354    362    253
   354    253    252
   359    363    361
   359    361    360
   253    362    364
   253    364    258
   253    258    254
   364    362    361
   364    361    363
   364    363    365
   364    365    366
   259    258    364
   259    364    366
   259    366    367
   259    367    368
   261    260    259
   261    259    368
   261    368    369
   261    369    263
   261    263    262
   263    369    370
   263    370    371
   263    371    264
   265    264    371
   265    371    266
   265    266    185
   265    185    184
   267    372    373
   267    373    374
   267    374    269
   267    269    268
   269    374    375
   269    375    271
   269    271    270
   271    375    376
   271    376    377
   271    377    378
   271    378    272
   272    378    379
   272    379    274
   272    274    273
   274    379    380
   274    380    381
   274    381    382
   274    382    383
   274    383    384
   274    384    277
   274    277    275
   384    385    386
   384    386    278
   384    278    277
   383    387    388
   383    388    389
   383    389    390
   383    390    385
   383    385    384
   279    278    386
   279    386    391
   391    386    385
   391    385    390
   391    390    392
   195    280    279
   195    279    391
   195    391    392
   195    392    393
   195    393    394
   195    394    196
   196    394    395
   196    395    282
   196    282    197
   282    395    396
   282    396    397
   282    397    398
   282    398    199
   282    199    198
   282    198    283
   199    398    399
   199    399    400
   199    400    401
   199    401    288
   199    288    284
   199    284    200
   400    402    403
   400    403    404
   400    404    405
   400    405    401
   401    405    406
   401    406    407
   401    407    289
   401    289    288
   404    408    406
   404    406    405
   407    409    292
   407    292    290
   407    290    289
   406    408    410
   406    410    411
   406    411    412
   406    412    409
   406    409    407
   293    292    409
   293    409    412
   293    412    413
   293    413    296
   293    296    295
   293    295    294
   218    297    296
   218    296    413
   218    413    414
   218    414    415
   218    415    298
   218    298    301
   218    301    219
   415    416    311
   415    311    299
   415    299    298
   311    416    417
   311    417    418
   311    418    303
   311    303    302
   304    419    305
   418    419    304
   418    304    303
   307    420    421
   307    421    422
   307    422    423
   307    423    308
   308    423    424
   308    424    313
   308    313    309
   313    424    425
   313    425    426
   313    426    427
   313    427    428
   313    428    314
   314    428    429
   314    429    430
   314    430    315
   315    430    431
   315    431    432
   315    432    433
   315    433    434
   315    434    316
   316    434    435
   316    435    324
   316    324    322
   316    322    317
   433    436    437
   433    437    435
   433    435    434
   324    435    437
   324    437    438
   324    438    327
   324    327    325
   327    438    439
   327    439    440
   327    440    328
   328    440    441
   328    441    442
   328    442    443
   328    443    444
   328    444    329
   329    444    445
   329    445    446
   329    446    447
   329    447    448
   329    448    449
   329    449    331
   329    331    330
   449    450    451
   449    451    332
   449    332    331
   332    451    452
   332    452    334
   332    334    333
   336    453    454
   336    454    338
   336    338    337
   338    454    455
   338    455    342
   338    342    339
   343    456    457
   343    457    458
   343    458    344
   345    344    458
   345    458    459
   345    459    460
   345    460    461
   345    461    462
   345    462    348
   348    462    463
   348    463    464
   348    464    465
   348    465    466
   348    466    349
   349    466    467
   349    467    468
   349    468    469
   349    469    470
   349    470    471
   349    471    472
   349    472    350
   350    472    473
   350    473    474
   350    474    475
   350    475    351
   352    351    475
   352    475    476
   352    476    477
   352    477    355
   352    355    353
   477    478    479
   477    479    480
   477    480    481
   477    481    356
   477    356    355
   356    481    482
   356    482    483
   356    483    484
   356    484    357
   482    485    486
   482    486    487
   482    487    483
   357    484    488
   357    488    358
   483    487    489
   483    489    490
   483    490    488
   483    488    484
   358    488    490
   358    490    491
   358    491    492
   358    492    493
   358    493    365
   358    365    363
   358    363    359
   366    365    493
   366    493    494
   366    494    367
   368    367    494
   368    494    495
   368    495    496
   368    496    370
   368    370    369
   371    370    496
   371    496    497
   371    497    372
   371    372    267
   371    267    266
   497    498    499
   497    499    373
   497    373    372
   373    499    500
   373    500    376
   373    376    375
   373    375    374
   376    500    501
   376    501    502
   376    502    377
   377    502    503
   377    503    504
   377    504    380
   377    380    379
   377    379    378
   380    504    505
   380    505    506
   380    506    507
   380    507    381
   381    507    508
   381    508    509
   381    509    510
   381    510    382
   509    511    512
   509    512    513
   509    513    514
   509    514    515
   509    515    510
   382    510    515
   382    515    516
   382    516    387
   382    387    383
   515    514    517
   515    517    518
   515    518    519
   515    519    520
   515    520    516
   516    520    521
   516    521    388
   516    388    387
   521    520    519
   521    519    522
   389    388    521
   389    521    522
   389    522    523
   389    523    524
   389    524    525
   389    525    526
   392    390    389
   392    389    526
   392    526    393
   393    526    525
   393    525    527
   393    527    528
   393    528    529
   393    529    530
   393    530    531
   393    531    396
   393    396    395
   393    395    394
   396    531    532
   396    532    533
   396    533    534
   396    534    535
   396    535    536
   396    536    397
   397    536    537
   397    537    538
   397    538    539
   397    539    540
   397    540    399
   397    399    398
   399    540    541
   399    541    542
   399    542    543
   399    543    544
   399    544    402
   399    402    400
   543    545    546
   543    546    547
   543    547    544
   544    547    548
   544    548    403
   544    403    402
   546    549    550
   546    550    548
   546    548    547
   403    548    550
   403    550    551
   403    551    552
   403    552    553
   403    553    410
   403    410    408
   403    408    404
   553    554    555
   553    555    411
   553    411    410
   412    411    555
   412    555    556
   412    556    557
   412    557    558
   412    558    414
   412    414    413
   414    558    559
   414    559    560
   414    560    417
   414    417    416
   414    416    415
   560    561    306
   560    306    305
   560    305    419
   560    419    418
   560    418    417
   306    561    562
   306    562    563
   306    563    564
   306    564    565
   306    565    420
   306    420    307
   564    566    567
   564    567    568
   564    568    565
   565    568    421
   565    421    420
   421    568    567
   421    567    569
   421    569    570
   421    570    571
   421    571    422
   422    571    425
   422    425    424
   422    424    423
   425    571    570
   425    570    572
   425    572    573
   425    573    426
   426    573    574
   426    574    575
   426    575    576
   426    576    427
   427    576    577
   427    577    578
   427    578    579
   427    579    429
   427    429    428
   429    579    580
   429    580    431
   429    431    430
   431    580    581
   431    581    582
   431    582    583
   431    583    432
   432    583    584
   432    584    436
   432    436    433
   437    436    584
   437    584    585
   437    585    439
   437    439    438
   439    585    586
   439    586    441
   439    441    440
   441    586    587
   441    587    588
   441    588    442
   443    589    590
   443    590    591
   443    591    445
   443    445    444
   445    591    592
   445    592    446
   448    593    450
   448    450    449
   594    452    451
   594    451    450
   594    450    593
   595    455    454
   595    454    453
   342    455    595
   342    595    596
   342    596    456
   342    456    343
   459    597    460
   461    463    462
   465    598    467
   465    467    466
   469    599    600
   469    600    601
   469    601    470
   471    602    473
   471    473    472
   475    474    603
   475    603    604
   475    604    605
   475    605    476
   476    605    606
   476    606    478
   476    478    477
   479    607    608
   479    608    609
   479    609    480
   480    609    610
   480    610    485
   480    485    482
   480    482    481
   610    611    612
   610    612    486
   610    486    485
   486    612    489
   486    489    487
   490    489    612
   490    612    611
   490    611    613
   490    613    614
   490    614    491
   492    491    614
   492    614    615
   492    615    616
   494    493    492
   494    492    616
   494    616    617
   494    617    618
   494    618    619
   494    619    620
   494    620    621
   494    621    495
   496    495    621
   496    621    622
   496    622    623
   496    623    498
   496    498    497
   623    624    501
   623    501    500
   623    500    499
   623    499    498
   501    624    625
   501    625    626
   501    626    503
   501    503    502
   503    626    627
   503    627    628
   503    628    505
   503    505    504
   505    628    629
   505    629    630
   505    630    506
   506    630    631
   506    631    632
   506    632    508
   506    508    507
   508    632    633
   508    633    634
   508    634    511
   508    511    509
   634    635    636
   634    636    512
   634    512    511
   512    636    637
   512    637    638
   512    638    513
   513    638    639
   513    639    517
   513    517    514
   517    639    640
   517    640    641
   517    641    642
   517    642    518
   522    519    518
   522    518    642
   522    642    523
   525    524    643
   525    643    644
   525    644    527
   527    644    645
   527    645    528
   529    646    647
   529    647    648
   529    648    649
   529    649    650
   529    650    530
   530    650    651
   530    651    652
   530    652    653
   530    653    532
   530    532    531
   535    654    655
   535    655    656
   535    656    537
   535    537    536
   537    656    538
   542    657    545
   542    545    543
   658    549    546
   658    546    545
   658    545    657
   659    551    550
   659    550    549
   659    549    658
   552    660    661
   552    661    554
   552    554    553
   555    554    661
   555    661    556
   557    662    663
   557    663    664
   557    664    665
   557    665    559
   557    559    558
   559    665    666
   559    666    562
   559    562    561
   559    561    560
   666    667    668
   666    668    669
   666    669    670
   666    670    563
   666    563    562
   563    670    671
   563    671    672
   563    672    566
   563    566    564
   672    673    569
   672    569    567
   672    567    566
   671    674    675
   671    675    676
   671    676    673
   671    673    672
   569    673    676
   569    676    677
   569    677    572
   569    572    570
   675    678    679
   675    679    680
   675    680    681
   675    681    677
   675    677    676
   572    677    681
   572    681    574
   572    574    573
   574    681    680
   574    680    682
   574    682    683
   574    683    575
   575    683    684
   575    684    577
   575    577    576
   577    684    685
   577    685    686
   577    686    687
   577    687    578
   578    687    688
   578    688    581
   578    581    580
   578    580    579
   581    688    689
   581    689    690
   581    690    582
   582    690    587
   582    587    586
   582    586    585
   582    585    584
   582    584    583
   587    690    689
   587    689    691
   587    691    692
   587    692    693
   587    693    588
   442    588    693
   442    693    694
   442    694    695
   442    695    589
   442    589    443
   695    696    697
   695    697    590
   695    590    589
   590    697    592
   590    592    591
   447    698    594
   447    594    593
   447    593    448
   334    452    594
   334    594    698
   334    698    699
   334    699    335
   700    457    456
   700    456    596
   458    457    700
   458    700    701
   458    701    597
   458    597    459
   464    702    598
   464    598    465
   468    703    599
   468    599    469
   600    704    705
   600    705    706
   600    706    601
   470    601    706
   470    706    707
   470    707    708
   470    708    602
   470    602    471
   473    602    708
   473    708    709
   473    709    603
   473    603    474
   604    710    711
   604    711    712
   604    712    606
   604    606    605
   606    712    713
   606    713    714
   606    714    607
   606    607    479
   606    479    478
   714    715    716
   714    716    608
   714    608    607
   608    716    717
   608    717    613
   608    613    611
   608    611    610
   608    610    609
   614    613    717
   614    717    718
   614    718    615
   616    615    718
   616    718    719
   616    719    617
   621    620    720
   621    720    721
   621    721    622
   622    721    722
   622    722    723
   622    723    625
   622    625    624
   622    624    623
   723    724    725
   723    725    627
   723    627    626
   723    626    625
   627    725    726
   627    726    629
   627    629    628
   629    726    727
   629    727    728
   629    728    631
   629    631    630
   631    728    729
   631    729    730
   631    730    633
   631    633    632
   633    730    731
   633    731    732
   633    732    635
   633    635    634
   732    733    734
   732    734    637
   732    637    636
   732    636    635
   637    734    735
   637    735    640
   637    640    639
   637    639    638
   641    640    735
   641    735    736
   641    736    737
   641    737    738
   523    642    641
   523    641    738
   523    738    643
   523    643    524
   528    645    739
   528    739    740
   528    740    646
   528    646    529
   740    647    646
   649    741    651
   649    651    650
   652    742    743
   652    743    653
   534    744    654
   534    654    535
   538    656    655
   538    655    539
   541    745    659
   541    659    658
   541    658    657
   541    657    542
   746    747    660
   746    660    552
   746    552    551
   746    551    659
   746    659    745
   556    661    660
   556    660    747
   556    747    662
   556    662    557
   748    749    750
   748    750    664
   748    664    663
   664    750    667
   664    667    666
   664    666    665
   668    751    752
   668    752    753
   668    753    754
   668    754    669
   669    754    755
   669    755    756
   669    756    674
   669    674    671
   669    671    670
   756    757    678
   756    678    675
   756    675    674
   755    758    759
   755    759    760
   755    760    761
   755    761    762
   755    762    757
   755    757    756
   762    763    679
   762    679    678
   762    678    757
   761    764    765
   761    765    763
   761    763    762
   680    679    763
   680    763    765
   680    765    766
   680    766    682
   765    764    767
   765    767    768
   765    768    769
   765    769    766
   682    766    769
   682    769    770
   682    770    771
   682    771    685
   682    685    684
   682    684    683
   685    771    772
   685    772    773
   685    773    686
   686    773    774
   686    774    775
   686    775    776
   686    776    777
   686    777    691
   686    691    689
   686    689    688
   686    688    687
   776    778    779
   776    779    780
   776    780    781
   776    781    777
   691    777    781
   691    781    782
   691    782    692
   693    692    782
   693    782    783
   693    783    784
   693    784    785
   693    785    694
   694    785    696
   694    696    695
   446    592    697
   446    697    696
   446    696    785
   446    785    784
   446    784    786
   446    786    699
   446    699    698
   446    698    447
   335    699    786
   335    786    787
   335    787    788
   335    788    701
   335    701    700
   335    700    596
   335    596    595
   335    595    453
   335    453    336
   460    597    701
   460    701    788
   460    788    789
   460    789    702
   460    702    464
   460    464    463
   460    463    461
   467    598    702
   467    702    789
   467    789    790
   467    790    791
   467    791    703
   467    703    468
   791    792    704
   791    704    600
   791    600    599
   791    599    703
   793    794    795
   793    795    705
   793    705    704
   793    704    792
   706    705    795
   706    795    796
   706    796    797
   706    797    707
   707    797    798
   707    798    799
   707    799    709
   707    709    708
   603    709    799
   603    799    800
   603    800    801
   603    801    710
   603    710    604
   711    802    803
   711    803    713
   711    713    712
   713    803    804
   713    804    805
   713    805    715
   713    715    714
   718    717    716
   718    716    715
   718    715    805
   718    805    806
   718    806    719
   617    719    806
   617    806    807
   617    807    618
   720    808    809
   720    809    722
   720    722    721
   722    809    810
   722    810    811
   722    811    724
   722    724    723
   811    812    727
   811    727    726
   811    726    725
   811    725    724
   727    812    813
   727    813    814
   727    814    729
   727    729    728
   729    814    815
   729    815    731
   729    731    730
   731    815    816
   731    816    817
   731    817    818
   731    818    733
   731    733    732
   735    734    733
   735    733    818
   735    818    819
   735    819    736
   737    736    819
   737    819    820
   737    820    821
   737    821    822
   737    822    823
   643    738    737
   643    737    823
   643    823    824
   643    824    739
   643    739    645
   643    645    644
   739    824    825
   739    825    826
   739    826    648
   739    648    647
   739    647    740
   648    826    827
   648    827    828
   648    828    741
   648    741    649
   651    741    828
   651    828    742
   651    742    652
   532    653    743
   532    743    829
   532    829    830
   532    830    533
   533    830    831
   533    831    832
   533    832    744
   533    744    534
   539    655    654
   539    654    744
   539    744    832
   539    832    833
   539    833    746
   539    746    745
   539    745    541
   539    541    540
   833    834    835
   833    835    748
   833    748    663
   833    663    662
   833    662    747
   833    747    746
   835    836    837
   835    837    749
   835    749    748
   837    751    668
   837    668    667
   837    667    750
   837    750    749
   838    839    753
   838    753    752
   753    839    840
   753    840    841
   753    841    758
   753    758    755
   753    755    754
   841    842    759
   841    759    758
   759    842    843
   759    843    844
   759    844    845
   759    845    760
   760    845    767
   760    767    764
   760    764    761
   844    846    768
   844    768    767
   844    767    845
   769    768    846
   769    846    847
   769    847    848
   769    848    770
   770    848    849
   770    849    850
   770    850    772
   770    772    771
   772    850    851
   772    851    852
   772    852    853
   772    853    774
   772    774    773
   774    853    854
   774    854    855
   774    855    775
   775    855    856
   775    856    778
   775    778    776
   857    780    779
   857    779    858
   782    781    780
   782    780    857
   782    857    783
   784    783    857
   784    857    858
   784    858    859
   784    859    860
   784    860    861
   784    861    862
   784    862    863
   784    863    787
   784    787    786
   787    863    864
   787    864    865
   787    865    866
   787    866    867
   787    867    790
   787    790    789
   787    789    788
   790    867    868
   790    868    869
   790    869    793
   790    793    792
   790    792    791
   868    870    871
   868    871    872
   868    872    873
   868    873    874
   868    874    869
   869    874    794
   869    794    793
   875    876    877
   875    877    878
   796    876    875
   796    875    879
   796    879    798
   796    798    797
   800    880    881
   800    881    801
   801    881    882
   801    882    802
   801    802    711
   801    711    710
   806    805    804
   806    804    883
   806    883    807
   618    807    883
   618    883    884
   618    884    619
   885    886    887
   885    887    810
   885    810    809
   885    809    808
   810    887    888
   810    888    813
   810    813    812
   810    812    811
   888    889    890
   888    890    816
   888    816    815
   888    815    814
   888    814    813
   816    890    891
   816    891    892
   816    892    817
   819    818    817
   819    817    892
   819    892    820
   821    893    894
   821    894    895
   821    895    822
   823    822    895
   823    895    896
   823    896    825
   823    825    824
   825    896    897
   825    897    898
   825    898    827
   825    827    826
   898    897    899
   898    899    900
   743    742    828
   743    828    827
   743    827    898
   743    898    900
   743    900    901
   743    901    829
   829    901    902
   829    902    903
   829    903    904
   829    904    831
   829    831    830
   831    904    905
   831    905    906
   831    906    834
   831    834    833
   831    833    832
   906    907    908
   906    908    909
   906    909    836
   906    836    835
   906    835    834
   909    910    911
   909    911    912
   909    912    838
   909    838    752
   909    752    751
   909    751    837
   909    837    836
   911    913    914
   911    914    912
   912    914    915
   912    915    916
   912    916    840
   912    840    839
   912    839    838
   916    917    843
   916    843    842
   916    842    841
   916    841    840
   915    918    919
   915    919    920
   915    920    917
   915    917    916
   920    847    846
   920    846    844
   920    844    843
   920    843    917
   921    849    848
   921    848    847
   921    847    920
   921    920    919
   922    923    851
   922    851    850
   922    850    849
   922    849    921
   922    921    924
   925    852    851
   925    851    923
   925    923    926
   854    853    852
   854    852    925
   859    856    855
   859    855    854
   859    854    925
   859    925    926
   859    926    927
   859    927    860
   858    779    778
   858    778    856
   858    856    859
   862    928    929
   862    929    930
   862    930    931
   862    931    864
   862    864    863
   864    931    932
   864    932    933
   864    933    934
   864    934    935
   864    935    865
   866    936    870
   866    870    868
   866    868    867
   871    870    936
   871    936    937
   878    877    873
   878    873    872
   878    872    938
   939    879    875
   939    875    878
   939    878    938
   939    938    940
   799    798    879
   799    879    939
   799    939    880
   799    880    800
   883    804    803
   883    803    802
   883    802    882
   883    882    941
   883    941    884
   619    884    941
   619    941    942
   619    942    885
   619    885    808
   619    808    720
   619    720    620
   943    889    888
   943    888    887
   943    887    886
   944    945    891
   944    891    890
   944    890    889
   944    889    943
   820    892    891
   820    891    945
   820    945    893
   820    893    821
   946    947    948
   946    948    949
   895    894    947
   895    947    946
   895    946    899
   895    899    897
   895    897    896
   900    899    946
   900    946    949
   900    949    950
   900    950    951
   900    951    902
   900    902    901
   902    951    952
   902    952    953
   902    953    903
   903    953    954
   903    954    955
   903    955    956
   903    956    905
   903    905    904
   905    956    957
   905    957    958
   905    958    959
   905    959    960
   905    960    961
   905    961    907
   905    907    906
   961    962    963
   961    963    964
   961    964    908
   961    908    907
   908    964    965
   908    965    966
   908    966    967
   908    967    910
   908    910    909
   967    968    913
   967    913    911
   967    911    910
   969    918    915
   969    915    914
   969    914    913
   969    913    968
   966    970    971
   966    971    972
   966    972    969
   966    969    968
   966    968    967
   972    924    921
   972    921    919
   972    919    918
   972    918    969
   971    973    974
   971    974    975
   971    975    922
   971    922    924
   971    924    972
   926    923    922
   926    922    975
   926    975    927
   861    974    973
   861    973    976
   861    976    928
   861    928    862
   860    927    975
   860    975    974
   860    974    861
   932    931    930
   932    930    977
   932    977    978
   932    978    979
   932    979    980
   981    933    932
   981    932    980
   981    980    982
   865    935    983
   865    983    937
   865    937    936
   865    936    866
   984    983    935
   984    935    934
   984    934    985
   984    985    986
   984    986    987
   940    938    872
   940    872    871
   940    871    937
   940    937    983
   940    983    984
   941    882    881
   941    881    880
   941    880    939
   941    939    940
   941    940    984
   941    984    987
   941    987    942
   942    987    986
   942    986    988
   942    988    989
   942    989    990
   942    990    991
   942    991    944
   942    944    943
   942    943    886
   942    886    885
   991    992    948
   991    948    947
   991    947    894
   991    894    893
   991    893    945
   991    945    944
   950    992    991
   950    991    990
   950    990    952
   950    952    951
   949    948    992
   949    992    950
   952    990    989
   952    989    954
   952    954    953
   955    993    957
   955    957    956
   960    994    995
   960    995    996
   960    996    962
   960    962    961
   996    997    998
   996    998    999
   996    999    963
   996    963    962
   963    999   1000
   963   1000   1001
   963   1001    965
   963    965    964
   965   1001   1002
   965   1002    970
   965    970    966
  1000   1003   1004
  1000   1004   1002
  1000   1002   1001
  1002   1004   1005
  1002   1005    976
  1002    976    973
  1002    973    971
  1002    971    970
   929   1005   1004
   929   1004   1003
   929   1003   1006
   929   1006    977
   929    977    930
   976   1005    929
   976    929    928
   979    978   1007
   979   1007   1008
   982    980    979
   982    979   1008
   982   1008   1009
   982   1009   1010
   985    934    933
   985    933    981
   957    993    988
   957    988    986
   957    986    985
   957    985    981
   957    981    982
   957    982   1010
   957   1010   1011
   957   1011    958
   958   1011   1012
   958   1012    995
   958    995    994
   958    994    959
   954    989    988
   954    988    993
   954    993    955
   959    994    960
  1012   1013   1014
  1012   1014    997
  1012    997    996
  1012    996    995
  1014   1015   1016
  1014   1016   1017
  1014   1017    998
  1014    998    997
   998   1017   1018
   998   1018   1006
   998   1006   1003
   998   1003   1000
   998   1000    999
  1019   1018   1017
  1019   1017   1016
  1019   1016   1020
   977   1006   1018
   977   1018   1019
   977   1019   1007
   977   1007    978
  1008   1007   1019
  1008   1019   1020
  1008   1020   1021
  1008   1021   1009
  1010   1009   1021
  1010   1021   1022
  1010   1022   1013
  1010   1013   1012
  1010   1012   1011
  1022   1015   1014
  1022   1014   1013
  1021   1020   1016
  1021   1016   1015
  1021   1015   1022
   795    794    874
   795    874    873
   795    873    877
   795    877    876
   795    876    796
