1011 2018
    0.269580     0.026557     0.525089
    0.266390     0.057649     0.522341
    0.255973     0.136225     0.515628
    0.255173     0.139537     0.515381
    0.228383     0.166327     0.515381
    0.228383     0.032635     0.528548
    0.247437     0.013581     0.528548
    0.270744     0.013581     0.526253
    0.174144     0.322580     0.494649
    0.157523     0.349245     0.490386
    0.108853     0.402498     0.480347
   -0.248947     0.044698     0.480347
   -0.250547     0.032635     0.481378
    0.206194     0.254816     0.504480
    0.247437    -0.207612     0.506763
   -0.256111     0.027549     0.480329
    0.128428    -0.356989     0.480329
    0.161258    -0.361342     0.483134
    0.226898    -0.289522     0.496672
    0.266139    -0.188911     0.506763
    0.276124    -0.113589     0.513198
    0.277934    -0.095953     0.514757
    0.284381    -0.024047     0.521204
    0.257240     0.133166     0.515628
    0.263593     0.094458     0.518565
    0.253339     0.172668     0.510235
    0.123765     0.419011     0.473465
    0.095296     0.430803     0.473465
    0.145201     0.379651     0.482711
   -0.017729     0.534016     0.428986
   -0.041900     0.542432     0.423396
   -0.134652     0.535382     0.413880
   -0.182231     0.515674     0.413880
    0.087877     0.440303     0.470683
    0.080264     0.458237     0.464286
    0.048172     0.495564     0.448931
    0.032961     0.507006     0.443548
   -0.007976     0.529867     0.431470
   -0.254259     0.511687     0.402693
   -0.321619     0.444328     0.402693
   -0.344274     0.404852     0.405458
   -0.345130     0.389390     0.407860
   -0.464084     0.102211     0.407860
   -0.471320     0.007007     0.417627
   -0.299001     0.007007     0.469900
   -0.478690     0.000671     0.414595
   -0.477101    -0.020229     0.412451
   -0.411263    -0.179177     0.412451
   -0.384768    -0.212563     0.416294
   -0.366361    -0.234390     0.419135
   -0.363045    -0.240167     0.418730
   -0.265474    -0.371842     0.413123
   -0.197029    -0.440287     0.413123
   -0.174546    -0.441531     0.416615
   -0.015530    -0.507398     0.416615
    0.065824    -0.513582     0.424961
    0.074450    -0.507093     0.428013
    0.149005    -0.420377     0.463686
    0.161258    -0.391515     0.473981
    0.219959    -0.367200     0.473981
    0.236838    -0.325551     0.484494
    0.246408    -0.294966     0.492569
    0.262064    -0.267290     0.494546
    0.266359    -0.189699     0.506597
    0.261393    -0.268857     0.494398
    0.274646    -0.133035     0.511203
    0.266684    -0.188913     0.506597
    0.271424    -0.160033     0.508788
    0.265267     0.088210     0.518565
    0.255151     0.170896     0.509769
    0.165915     0.358937     0.482711
    0.085829     0.460209     0.462435
    0.122967     0.422242     0.472209
    0.068106     0.490223     0.448931
   -0.050862     0.546837     0.419758
   -0.137880     0.540749     0.410549
   -0.144666     0.538931     0.410549
   -0.238707     0.533722     0.395944
   -0.240579     0.532662     0.396067
   -0.254490     0.518441     0.399729
   -0.268180     0.515342     0.395233
   -0.316478     0.467044     0.395233
   -0.360743     0.388743     0.401219
   -0.471016     0.193976     0.388409
   -0.474475     0.131530     0.398106
   -0.484836     0.092865     0.398106
   -0.491279     0.000771     0.407852
   -0.491171     0.000671     0.407924
   -0.489238    -0.026953     0.405001
   -0.485039    -0.042625     0.405001
   -0.484531    -0.051808     0.403575
   -0.414404    -0.175666     0.411721
   -0.256665    -0.384709     0.411400
   -0.197162    -0.444212     0.411400
   -0.196592    -0.446524     0.410502
   -0.169689    -0.486903     0.397848
   -0.167508    -0.489814     0.396980
   -0.123293    -0.535016     0.385343
   -0.097486    -0.536445     0.389351
   -0.007442    -0.560572     0.389351
    0.025526    -0.562879     0.392840
    0.056488    -0.529721     0.414997
    0.204807    -0.440155     0.445123
    0.193491    -0.475196     0.428013
    0.205539    -0.454793     0.437193
    0.220306    -0.377349     0.469526
    0.226522    -0.371133     0.469526
    0.262374    -0.266744     0.494510
    0.276070    -0.122597     0.511937
    0.270571     0.102900     0.511814
    0.295672    -0.024047     0.511937
    0.295802    -0.023945     0.511814
    0.265787     0.170452     0.502084
    0.284001     0.195892     0.475916
    0.166946     0.371078     0.475916
    0.153922     0.424869     0.454885
    0.158227     0.438810     0.442387
    0.067727     0.499280     0.442387
    0.060038     0.516440     0.431355
    0.059242     0.516496     0.431470
   -0.053240     0.548966     0.417622
   -0.135837     0.542790     0.409208
   -0.140798     0.541803     0.409208
   -0.237355     0.534965     0.395301
   -0.253704     0.529679     0.391767
   -0.274374     0.515868     0.391767
   -0.284075     0.513519     0.387974
   -0.312956     0.484639     0.387974
   -0.316669     0.469301     0.393970
   -0.355716     0.410864     0.393970
   -0.478787     0.185527     0.384385
   -0.480657     0.181868     0.383736
   -0.486611     0.097782     0.395847
   -0.492839     0.066470     0.395847
   -0.497456     0.004737     0.402136
   -0.493904     0.000771     0.405697
   -0.493024    -0.010998     0.404499
   -0.489633    -0.028046     0.404499
   -0.488295    -0.046950     0.401776
   -0.485524    -0.050727     0.403060
   -0.378267    -0.222292     0.416294
   -0.253309    -0.389807     0.410502
   -0.149147    -0.518286     0.384938
   -0.123270    -0.535577     0.384938
   -0.115512    -0.552890     0.373807
   -0.079046    -0.586428     0.356443
   -0.072427    -0.594761     0.350685
    0.025526    -0.614245     0.350685
    0.181133    -0.574730     0.357712
    0.034074    -0.625134     0.340353
    0.176371    -0.596830     0.340353
    0.190178    -0.554544     0.370690
    0.207729    -0.454979     0.435968
    0.230215    -0.527792     0.370690
    0.226913    -0.375745     0.466945
    0.242350    -0.352641     0.466945
    0.263992    -0.264984     0.493672
    0.518669     0.055866     0.229293
    0.495588     0.201594     0.229293
    0.412563     0.189594     0.332774
    0.346251    -0.014046     0.452877
    0.456808    -0.014046     0.318163
    0.294276     0.201346     0.463143
    0.302442    -0.023945     0.504348
    0.496007     0.202379     0.228342
    0.373631     0.442554     0.228342
    0.357829     0.453662     0.240117
    0.342651     0.454424     0.257287
    0.315216     0.436891     0.299506
    0.166047     0.446630     0.430416
    0.217035     0.580039     0.257287
    0.180783     0.569755     0.300980
    0.160119     0.537422     0.350738
    0.066771     0.529123     0.415589
    0.133634     0.593778     0.300980
    0.064038     0.556628     0.385274
    0.054276     0.557463     0.386519
   -0.040089     0.572409     0.386519
   -0.053240     0.563553     0.399848
   -0.053755     0.563511     0.399800
   -0.151789     0.547984     0.399800
   -0.236784     0.540714     0.388964
   -0.251916     0.548792     0.370636
   -0.283217     0.532844     0.370636
   -0.282851     0.532270     0.371518
   -0.289977     0.534761     0.362489
   -0.341995     0.482743     0.362489
   -0.349473     0.479205     0.357796
   -0.358720     0.444655     0.370495
   -0.467266     0.231621     0.370495
   -0.504161     0.150741     0.364270
   -0.507514     0.111536     0.369268
   -0.522055     0.019729     0.369268
   -0.508789     0.004737     0.388325
   -0.502661    -0.033955     0.388325
   -0.501065    -0.035690     0.389936
   -0.497611    -0.040264     0.392796
   -0.414918    -0.181446     0.407706
   -0.421153    -0.177063     0.403060
   -0.242483    -0.414110     0.397848
   -0.137066    -0.543825     0.368910
   -0.125930    -0.553816     0.366569
   -0.091825    -0.602335     0.330418
   -0.070600    -0.613150     0.330418
   -0.042533    -0.652259     0.292721
    0.034074    -0.627314     0.337902
   -0.030901    -0.674724     0.267593
   -0.020589    -0.684213     0.258020
    0.037239    -0.693373     0.258020
    0.037239    -0.641322     0.321444
    0.186584    -0.689954     0.233364
    0.055477    -0.709510     0.234837
    0.070673    -0.719743     0.219435
    0.098258    -0.717489     0.216858
    0.188498    -0.703196     0.216858
    0.192767    -0.627720     0.301954
    0.223855    -0.630483     0.280357
    0.196643    -0.707544     0.206993
    0.236166    -0.687406     0.206993
    0.237917    -0.652488     0.246494
    0.230539    -0.528116     0.370194
    0.256255    -0.526437     0.347626
    0.280059    -0.610347     0.246494
    0.257415    -0.522101     0.349219
    0.377268    -0.253730     0.368826
    0.392999    -0.256004     0.349219
    0.411564    -0.246391     0.328452
    0.421764    -0.235308     0.318163
    0.640526     0.061479     0.004441
    0.636433     0.092575     0.004441
    0.634981     0.097298     0.005994
    0.634786     0.097874     0.006216
    0.629624     0.110177     0.012843
    0.602133     0.167793     0.050085
    0.589530     0.187747     0.068747
    0.557356     0.061479     0.160042
    0.588395     0.189761     0.070175
    0.580787     0.198542     0.081055
    0.513272     0.210381     0.195913
    0.533081     0.055866     0.204074
    0.561185     0.245865     0.081055
    0.540926     0.282177     0.090627
    0.518308     0.321051     0.102580
    0.501683     0.348480     0.106607
    0.485909     0.372242     0.112177
    0.449908     0.420682     0.129376
    0.439818     0.428642     0.138545
    0.359975     0.532695     0.138545
    0.347444     0.541792     0.147525
    0.303827     0.585408     0.147525
    0.228283     0.594310     0.226894
    0.300888     0.589457     0.144624
    0.235982     0.639261     0.144624
    0.232983     0.640688     0.146038
    0.229146     0.640324     0.151391
    0.221963     0.624378     0.186100
    0.146219     0.620932     0.249978
    0.179540     0.660871     0.151391
    0.144631     0.650855     0.196291
    0.143578     0.635994     0.224354
   -0.035964     0.590245     0.354167
    0.002525     0.669564     0.196291
   -0.000784     0.668130     0.199788
   -0.035964     0.649081     0.244093
   -0.254537     0.620305     0.244093
   -0.254130     0.614569     0.254924
   -0.261891     0.570313     0.330214
   -0.278081     0.627060     0.213810
   -0.326307     0.607084     0.213810
   -0.310743     0.572536     0.289014
   -0.312640     0.563515     0.301253
   -0.341810     0.608557     0.192184
   -0.364989     0.590771     0.192184
   -0.365723     0.585547     0.199724
   -0.340418     0.560242     0.272067
   -0.349926     0.479562     0.356832
   -0.459832     0.462903     0.199724
   -0.463238     0.455744     0.203100
   -0.475652     0.439040     0.197169
   -0.476564     0.435954     0.198172
   -0.594076     0.152254     0.198172
   -0.597977     0.137837     0.201972
   -0.583572     0.136816     0.229173
   -0.553962     0.020611     0.313191
   -0.550148     0.019729     0.320110
   -0.616400     0.108666     0.174690
   -0.626488     0.032043     0.174690
   -0.620298     0.020611     0.189086
   -0.561211    -0.023688     0.288719
   -0.618764     0.008966     0.189086
   -0.583731    -0.025284     0.246193
   -0.540050    -0.130739     0.246193
   -0.521468    -0.150489     0.265275
   -0.503017    -0.159065     0.292606
   -0.501650    -0.160143     0.293848
   -0.230818    -0.513098     0.293848
   -0.219961    -0.534056     0.281818
   -0.217478    -0.551729     0.256313
   -0.207732    -0.565155     0.246691
   -0.078853    -0.664047     0.246691
   -0.069061    -0.676460     0.235412
   -0.054961    -0.706795     0.190477
   -0.013627    -0.723916     0.190477
   -0.010771    -0.726391     0.186938
   -0.005800    -0.731475     0.178650
    0.052338    -0.739129     0.178650
    0.070673    -0.740739     0.180155
    0.073771    -0.742081     0.176881
    0.130181    -0.737130     0.172249
    0.159956    -0.733210     0.172249
    0.198537    -0.729495     0.168058
    0.200809    -0.716533     0.190108
    0.208148    -0.732253     0.155695
    0.229127    -0.726577     0.150166
    0.246575    -0.719350     0.150166
    0.246238    -0.718601     0.151797
    0.249294    -0.704062     0.171521
    0.259272    -0.720556     0.132456
    0.267078    -0.718686     0.125791
    0.277292    -0.713826     0.120974
    0.289030    -0.704819     0.120974
    0.284164    -0.699953     0.134885
    0.293478    -0.620923     0.217917
    0.309241    -0.701979     0.091806
    0.312489    -0.700445     0.088456
    0.334293    -0.684618     0.072831
    0.400416    -0.598444     0.072831
    0.407572    -0.592799     0.066329
    0.426188    -0.567751     0.057435
    0.459524    -0.532322     0.023202
    0.587397    -0.223609     0.023202
    0.592323    -0.205399     0.028002
    0.597371    -0.196438     0.021653
    0.636936    -0.133792    -0.036938
    0.650967    -0.027218    -0.036938
    0.654958     0.018259    -0.033204
    0.651877     0.035726    -0.023138
    0.651464     0.037444    -0.021942
    0.643146     0.056640    -0.001653
    0.644356     0.064812    -0.008677
    0.643525     0.067936    -0.007386
    0.588088     0.196309     0.063586
    0.575764     0.220427     0.069980
    0.459206     0.414740     0.112177
    0.448027     0.429135     0.118775
    0.444022     0.434073     0.119271
    0.364791     0.528864     0.134225
    0.360554     0.532482     0.137589
    0.299321     0.593715     0.137589
    0.292387     0.601836     0.131143
    0.287502     0.606382     0.129305
    0.252588     0.635565     0.123797
    0.239400     0.647460     0.112642
    0.226504     0.655563     0.112642
    0.215573     0.664088     0.101692
    0.181734     0.665675     0.135743
    0.206563     0.672282     0.084953
    0.180831     0.688020     0.062590
    0.173595     0.690552     0.062590
    0.152370     0.701032     0.038971
    0.005320     0.679259     0.165369
    0.094259     0.725602    -0.020439
    0.005320     0.735623    -0.020439
    0.136459     0.709404     0.017283
   -0.009174     0.739186    -0.037569
   -0.033090     0.743970    -0.062221
   -0.088975     0.738846    -0.066090
   -0.255700     0.720061    -0.066090
   -0.265027     0.716481    -0.057752
   -0.274367     0.711567    -0.045021
   -0.274456     0.708653    -0.035447
   -0.291522     0.656491     0.117936
   -0.332760     0.691134    -0.045021
   -0.345483     0.683352    -0.033964
   -0.360441     0.669750    -0.006175
   -0.355657     0.653483     0.053401
   -0.362309     0.638210     0.087693
   -0.371061     0.663077    -0.006175
   -0.375616     0.658968    -0.002322
   -0.384305     0.646020     0.020826
   -0.376519     0.635047     0.069871
   -0.385327     0.611108     0.109427
   -0.405334     0.624992     0.020826
   -0.422213     0.602796     0.034724
   -0.424574     0.596667     0.044574
   -0.433737     0.580130     0.052695
   -0.499515     0.475445     0.052695
   -0.529356     0.415648     0.076594
   -0.559279     0.363441     0.053864
   -0.569641     0.338423     0.053864
   -0.588097     0.279769     0.069862
   -0.634327     0.147651     0.069862
   -0.648242     0.098565     0.080690
   -0.647173     0.098598     0.084200
   -0.637319     0.032043     0.141407
   -0.652325     0.087926     0.071180
   -0.657162     0.045002     0.071180
   -0.658480     0.030623     0.072175
   -0.642245     0.030623     0.125695
   -0.645989     0.005335     0.103958
   -0.659650     0.024775     0.066147
   -0.659917     0.019064     0.063146
   -0.659917     0.015785     0.061928
   -0.659440     0.010582     0.061568
   -0.658893     0.005728     0.061568
   -0.634760     0.001661     0.136978
   -0.630397    -0.091388     0.043349
   -0.659093    -0.001135     0.052927
   -0.656429    -0.023434     0.035863
   -0.655422    -0.029143     0.032573
   -0.652933    -0.039886     0.028357
   -0.645652    -0.065570     0.022691
   -0.636037    -0.093046     0.022691
   -0.633797    -0.106662     0.003172
   -0.578608    -0.217251    -0.041029
   -0.467104    -0.394708    -0.041029
   -0.452367    -0.421306    -0.054090
   -0.399261    -0.484843    -0.044066
   -0.395656    -0.489583    -0.047035
   -0.233656    -0.651583    -0.047035
   -0.192384    -0.682970    -0.021192
   -0.162543    -0.694465     0.026771
   -0.160969    -0.692247     0.036684
   -0.060383    -0.714638     0.162840
   -0.134686    -0.711968     0.026771
   -0.113852    -0.722365     0.035098
   -0.101263    -0.727075     0.044992
   -0.053671    -0.734907     0.113222
   -0.052818    -0.732006     0.123845
   -0.007023    -0.734153     0.169926
   -0.040659    -0.739459     0.113222
   -0.028048    -0.743035     0.116004
   -0.004344    -0.742343     0.145843
    0.016314    -0.744463     0.147686
    0.030551    -0.746067     0.147686
    0.059226    -0.748696     0.149671
    0.073771    -0.745787     0.164664
    0.124839    -0.741105     0.161129
    0.143119    -0.739046     0.161129
    0.208108    -0.732376     0.155331
    0.215744    -0.732599     0.145719
    0.222165    -0.731461     0.142038
    0.241428    -0.726000     0.137788
    0.245000    -0.725046     0.136348
    0.274850    -0.717407     0.114649
    0.288989    -0.712117     0.103537
    0.292225    -0.710502     0.102244
    0.303627    -0.705089     0.094562
    0.325991    -0.695244     0.066754
    0.327998    -0.694212     0.064205
    0.342303    -0.685312     0.050074
    0.351579    -0.678257     0.044266
    0.356182    -0.674935     0.039540
    0.383151    -0.651904     0.018133
    0.398503    -0.633537     0.015235
    0.412293    -0.618249     0.002304
    0.468832    -0.528267     0.002304
    0.470073    -0.526676     0.000710
    0.522232    -0.435670    -0.038912
    0.558944    -0.363825    -0.057958
    0.569195    -0.339077    -0.057958
    0.573676    -0.326858    -0.056369
    0.584110    -0.293698    -0.047325
    0.630265    -0.161795    -0.047325
    0.638333    -0.133335    -0.041046
    0.647074    -0.109647    -0.058325
    0.652231    -0.090270    -0.066332
    0.652653    -0.086686    -0.066177
    0.655567    -0.058286    -0.063643
    0.657106    -0.044627    -0.063643
    0.658809    -0.026049    -0.062357
    0.658809    -0.024510    -0.061786
    0.658295    -0.013512    -0.056006
    0.657946    -0.006754    -0.052346
    0.634772     0.097946     0.006131
    0.633830     0.100637     0.006131
    0.631300     0.106528     0.009753
    0.570987     0.229365     0.069980
    0.464550     0.407575     0.106607
    0.380208     0.511830     0.119271
    0.363848     0.530374     0.131143
    0.238243     0.648797     0.108607
    0.255170     0.634906     0.108607
    0.206991     0.672110     0.084310
    0.177808     0.690856     0.048833
    0.186191     0.686085     0.052110
    0.164841     0.697058     0.035964
    0.139089     0.708887     0.014161
    0.094108     0.727074    -0.036276
    0.092335     0.727646    -0.036652
    0.109339     0.721376    -0.024306
    0.086546     0.728937    -0.042329
    0.039674     0.739186    -0.086416
   -0.006605     0.746289    -0.112255
   -0.033090     0.748898    -0.112255
    0.017376     0.743769    -0.110645
   -0.069459     0.748898    -0.148625
   -0.148465     0.741116    -0.148625
   -0.170060     0.738846    -0.147175
   -0.221210     0.733083    -0.147175
   -0.223600     0.732660    -0.145804
   -0.249084     0.727087    -0.121834
   -0.262028     0.723161    -0.121834
   -0.275996     0.718657    -0.118868
   -0.288936     0.713816    -0.108699
   -0.298043     0.709993    -0.096923
   -0.314492     0.702436    -0.082996
   -0.325579     0.697134    -0.071994
   -0.327319     0.696240    -0.069784
   -0.341013     0.687720    -0.056258
   -0.350526     0.681328    -0.041530
   -0.360845     0.673631    -0.033508
   -0.364331     0.670856    -0.029643
   -0.380189     0.656866    -0.019492
   -0.382195     0.654859    -0.015748
   -0.397551     0.637454    -0.004606
   -0.412383     0.619381    -0.004606
   -0.429378     0.596598     0.013107
   -0.463767     0.541868     0.013107
   -0.494587     0.487721     0.034275
   -0.521521     0.437332     0.034275
   -0.571684     0.332852     0.053140
   -0.627723     0.172702     0.053140
   -0.632026     0.159358     0.055973
   -0.645615     0.114561     0.055973
   -0.652830     0.087451     0.067176
   -0.653802     0.079182     0.066818
   -0.657162     0.049364     0.066818
   -0.658212     0.039375     0.066147
   -0.659440     0.005578     0.056564
   -0.648993    -0.055055     0.021005
   -0.644119    -0.073372     0.013436
   -0.641208    -0.083483     0.008582
   -0.635351    -0.102537     0.002317
   -0.635252    -0.102842     0.002252
   -0.633986    -0.106460     0.002252
   -0.630994    -0.112974    -0.003263
   -0.609612    -0.157785    -0.032229
   -0.595539    -0.186359    -0.045758
   -0.580634    -0.215530    -0.053491
   -0.575274    -0.225557    -0.053491
   -0.546731    -0.275702    -0.073095
   -0.524465    -0.313971    -0.084862
   -0.503127    -0.349174    -0.090030
   -0.464279    -0.411001    -0.090030
   -0.459235    -0.417763    -0.095287
   -0.450471    -0.429048    -0.100459
   -0.442936    -0.438339    -0.101394
   -0.379021    -0.516220    -0.101394
   -0.363520    -0.533790    -0.112642
   -0.291983    -0.605327    -0.112642
   -0.286611    -0.610327    -0.110620
   -0.254850    -0.638347    -0.090288
   -0.237207    -0.652826    -0.090288
   -0.206795    -0.675512    -0.066644
   -0.187788    -0.688282    -0.037221
   -0.178339    -0.693661    -0.033527
   -0.168104    -0.698555    -0.023370
   -0.141935    -0.710577    -0.001214
   -0.095857    -0.728612     0.047735
   -0.097935    -0.728148     0.045698
   -0.027851    -0.743244     0.114345
   -0.045958    -0.739523     0.094671
   -0.000986    -0.746067     0.116149
    0.027944    -0.748917     0.116149
    0.059226    -0.748917     0.147431
    0.138537    -0.741105     0.147431
    0.164018    -0.738427     0.145719
    0.248106    -0.725789     0.117638
    0.260771    -0.721947     0.117638
    0.297517    -0.708538     0.092510
    0.314679    -0.700654     0.077980
    0.351585    -0.679076     0.035706
    0.362045    -0.671273     0.027574
    0.365921    -0.668187     0.023277
    0.381645    -0.654316     0.013211
    0.383566    -0.652395     0.009628
    0.398650    -0.635297    -0.001318
    0.413493    -0.617211    -0.001318
    0.429997    -0.595086    -0.018519
    0.464929    -0.539492    -0.018519
    0.494620    -0.487329    -0.038912
    0.628767    -0.169418    -0.056369
    0.631737    -0.160207    -0.058325
    0.656090    -0.056182    -0.066177
    0.657106    -0.046511    -0.065527
    0.658527    -0.032081    -0.065527
    0.658295    -0.018903    -0.061398
    0.657737    -0.013945    -0.061398
    0.645284     0.058983    -0.018008
    0.636601     0.083800    -0.018008
    0.575046     0.219252     0.054807
    0.467529     0.390365     0.054807
    0.451956     0.418471     0.068608
    0.402167     0.478039     0.059211
    0.397383     0.484330     0.063150
    0.232896     0.648816     0.063150
    0.190616     0.680970     0.036676
    0.157872     0.693583    -0.015953
    0.130239     0.710946    -0.015953
    0.043021     0.735480    -0.109518
    0.029913     0.740067    -0.109518
    0.017565     0.743567    -0.112242
   -0.008551     0.742806    -0.145117
   -0.027987     0.744800    -0.146850
   -0.041200     0.746289    -0.146850
   -0.069459     0.748880    -0.148807
   -0.086312     0.745509    -0.166179
   -0.134228     0.741116    -0.162862
   -0.152797     0.739024    -0.162862
   -0.213015     0.732844    -0.157490
   -0.244288     0.726795    -0.141241
   -0.246382     0.726236    -0.140397
   -0.261220     0.721567    -0.136350
   -0.267604     0.720038    -0.130899
   -0.292432     0.712071    -0.107302
   -0.303070     0.707021    -0.100135
   -0.308812     0.703840    -0.097315
   -0.311640     0.702504    -0.094399
   -0.350449     0.680544    -0.050349
   -0.354764     0.677428    -0.045918
   -0.381726     0.654404    -0.024517
   -0.396619     0.636586    -0.021706
   -0.411269     0.620345    -0.007967
   -0.467098     0.531494    -0.007967
   -0.468815     0.529292    -0.005762
   -0.581654     0.301166     0.044497
   -0.629155     0.165417     0.044497
   -0.636539     0.139369     0.038751
   -0.637400     0.136823     0.039735
   -0.658212     0.037661     0.064433
   -0.656545     0.052451     0.064433
   -0.635259    -0.102809     0.002212
   -0.568146    -0.237318    -0.062977
   -0.488241    -0.371601    -0.095287
   -0.364602    -0.532058    -0.116178
   -0.360909    -0.535211    -0.119109
   -0.298941    -0.597179    -0.119109
   -0.251322    -0.639823    -0.105053
   -0.238277    -0.651590    -0.094018
   -0.206017    -0.675824    -0.067811
   -0.224631    -0.660164    -0.094018
   -0.214851    -0.667791    -0.084221
   -0.181117    -0.691054    -0.046171
   -0.138585    -0.711235    -0.005188
   -0.172012    -0.694240    -0.046171
   -0.153709    -0.703278    -0.025803
   -0.099866    -0.726097     0.029423
    0.007497    -0.739523     0.041216
   -0.002482    -0.737070     0.029423
    0.027944    -0.743612     0.062293
    0.084507    -0.738427     0.066209
    0.254210    -0.719306     0.066209
    0.266265    -0.714679     0.055433
    0.276984    -0.709040     0.040823
    0.333135    -0.689391     0.040823
    0.346978    -0.680925     0.028793
    0.362278    -0.667011     0.000368
    0.372490    -0.660594     0.000368
    0.377113    -0.656425    -0.003542
    0.385700    -0.643628    -0.026420
    0.406331    -0.622997    -0.026420
    0.422866    -0.601255    -0.040033
    0.425253    -0.595059    -0.049993
    0.433793    -0.579646    -0.057561
    0.499609    -0.474899    -0.057561
    0.528747    -0.416512    -0.080897
    0.586414    -0.284354    -0.072883
    0.634149    -0.147936    -0.072883
    0.646673    -0.103755    -0.082629
    0.651633    -0.090834    -0.071079
    0.656090    -0.051280    -0.071079
    0.657276    -0.038336    -0.071975
    0.640839    -0.038336    -0.126162
    0.644510    -0.013542    -0.104849
    0.635800    -0.039789    -0.142233
    0.623894    -0.039789    -0.178817
    0.618275    -0.029411    -0.191887
    0.616789    -0.018124    -0.191887
    0.634205    -0.010170    -0.135151
    0.629891     0.081827    -0.042580
    0.583108     0.014804    -0.246789
    0.538937     0.121443    -0.246789
    0.523813     0.137517    -0.262320
    0.502972     0.147203    -0.293191
    0.226620     0.507352    -0.293191
    0.215883     0.528079    -0.281293
    0.213142     0.547590    -0.253135
    0.204893     0.558953    -0.244992
    0.156215     0.691248    -0.026387
    0.067239     0.664579    -0.244992
    0.058084     0.676183    -0.234447
    0.043971     0.706547    -0.189469
    0.049775     0.714942    -0.159887
    0.042137     0.732477    -0.120518
   -0.000482     0.724960    -0.189469
   -0.002429     0.726647    -0.187057
   -0.007317     0.731647    -0.178907
   -0.005909     0.734730    -0.168865
   -0.065282     0.739278    -0.178907
   -0.084558     0.740970    -0.180490
   -0.086312     0.741730    -0.178635
   -0.139530     0.737059    -0.174266
   -0.203990     0.729759    -0.170622
   -0.213164     0.732391    -0.158823
   -0.170446     0.732989    -0.174266
   -0.231660     0.727387    -0.153948
   -0.248604     0.720368    -0.153948
   -0.277241     0.715453    -0.126354
   -0.288691     0.706667    -0.126354
   -0.333097     0.686928    -0.079022
   -0.397582     0.602890    -0.079022
   -0.405513     0.596634    -0.071815
   -0.423459     0.572486    -0.063241
   -0.458510     0.535234    -0.027247
   -0.584998     0.229866    -0.027247
   -0.588473     0.217022    -0.030632
   -0.596529     0.202720    -0.020499
   -0.652291     0.023717     0.039735
   -0.647771    -0.046801     0.013910
   -0.645480    -0.051032     0.008582
   -0.595858    -0.179563    -0.052596
   -0.595834    -0.179586    -0.052636
   -0.588602    -0.187931    -0.062977
   -0.452577    -0.419587    -0.112325
   -0.443702    -0.426588    -0.120390
   -0.360134    -0.535496    -0.120390
   -0.347660    -0.544551    -0.129329
   -0.303382    -0.588829    -0.129329
   -0.300607    -0.592652    -0.126589
   -0.234151    -0.643645    -0.126589
   -0.231218    -0.645041    -0.127972
   -0.180133    -0.669419    -0.119156
   -0.225345    -0.644483    -0.136166
   -0.177748    -0.664198    -0.136166
   -0.002482    -0.680886    -0.155791
   -0.136942    -0.652490    -0.188650
    0.000487    -0.670583    -0.188650
    0.007547    -0.667524    -0.196112
    0.277033    -0.707427     0.035525
    0.046027    -0.646688    -0.244571
    0.259586    -0.618573    -0.244571
    0.281180    -0.624769    -0.216796
    0.294520    -0.653977    -0.121646
    0.357575    -0.651020    -0.058197
    0.329149    -0.604899    -0.216796
    0.343777    -0.606289    -0.196391
    0.364194    -0.635823    -0.092318
    0.377984    -0.632753    -0.075022
    0.366333    -0.588981    -0.196391
    0.386624    -0.609272    -0.113823
    0.367121    -0.583371    -0.204487
    0.459869    -0.462500    -0.204487
    0.463335    -0.455216    -0.207923
    0.474558    -0.440115    -0.202561
    0.475038    -0.438492    -0.203088
    0.592482    -0.154957    -0.203088
    0.595651    -0.143242    -0.206176
    0.614126    -0.113990    -0.178817
    0.645278    -0.103798    -0.087214
    0.551539    -0.029411    -0.316742
    0.548108    -0.028618    -0.322964
    0.558732     0.013077    -0.292818
    0.518668    -0.028618    -0.374480
    0.506001    -0.014302    -0.392677
    0.500034     0.023370    -0.392677
    0.498405     0.025140    -0.394320
    0.496694     0.027407    -0.395738
    0.502128     0.146823    -0.295029
    0.485567     0.035392    -0.406463
    0.483085     0.038776    -0.407613
    0.419145     0.164266    -0.407613
    0.412848     0.168692    -0.412305
    0.375178     0.210673    -0.421132
    0.359410     0.229189    -0.423656
    0.261735     0.361005    -0.418042
    0.253149     0.373547    -0.416363
    0.249851     0.378555    -0.415481
    0.238901     0.403137    -0.402682
    0.160703     0.481335    -0.402682
    0.159657     0.482730    -0.402266
    0.140500     0.512437    -0.389702
    0.128213     0.538410    -0.373401
    0.115987     0.549381    -0.370831
    0.080987     0.599172    -0.333731
    0.057718     0.611028    -0.333731
    0.028946     0.651121    -0.295088
    0.016938     0.674311    -0.269147
    0.006756     0.683681    -0.259695
   -0.051855     0.692964    -0.259695
   -0.070360     0.709338    -0.236172
   -0.084558     0.718899    -0.221782
   -0.107718     0.717006    -0.219619
   -0.194312     0.703291    -0.219619
   -0.201643     0.707204    -0.210739
   -0.206215     0.717069    -0.192210
   -0.247974     0.718970    -0.156993
   -0.237763     0.688800    -0.210739
   -0.250830     0.705380    -0.175430
   -0.283548     0.701524    -0.141056
   -0.239512     0.653936    -0.250179
   -0.279100     0.614347    -0.250179
   -0.292570     0.624964    -0.221493
   -0.388761     0.270408    -0.349833
   -0.409231     0.259809    -0.326936
   -0.255794     0.532191    -0.349198
   -0.256256     0.530464    -0.349833
   -0.421692     0.246268    -0.314365
   -0.522806    -0.044218    -0.217939
   -0.533607    -0.044218    -0.199039
   -0.455686     0.031639    -0.314365
   -0.563077    -0.051032    -0.145584
   -0.499832    -0.189273    -0.217939
   -0.501107    -0.191663    -0.215045
   -0.519283    -0.200087    -0.180906
   -0.373934    -0.441253    -0.215045
   -0.358559    -0.452061    -0.226501
   -0.341581    -0.452913    -0.245708
   -0.211669    -0.582824    -0.245708
   -0.223794    -0.598208    -0.212946
   -0.217655    -0.627412    -0.173324
   -0.171194    -0.571342    -0.294490
   -0.124693    -0.595036    -0.294490
   -0.138020    -0.623789    -0.240484
   -0.135804    -0.636424    -0.218989
   -0.048957    -0.554608    -0.386222
   -0.041416    -0.555253    -0.387183
    0.050709    -0.569844    -0.387183
    0.046027    -0.590091    -0.350457
    0.063718    -0.561084    -0.400368
    0.259039    -0.610853    -0.259148
    0.266610    -0.567680    -0.332596
    0.066043    -0.559027    -0.403324
    0.162086    -0.543815    -0.403324
    0.241129    -0.537054    -0.393247
    0.256126    -0.545059    -0.375084
    0.313341    -0.569806    -0.293185
    0.315202    -0.560954    -0.305195
    0.285842    -0.529918    -0.375084
    0.292150    -0.531707    -0.367481
    0.341594    -0.557844    -0.277466
    0.350903    -0.478849    -0.360461
    0.342938    -0.480919    -0.367481
    0.349557    -0.477788    -0.363327
    0.358691    -0.443658    -0.375872
    0.465715    -0.233613    -0.375872
    0.476879    -0.188946    -0.389332
    0.477981    -0.186789    -0.388949
    0.501220    -0.156013    -0.369703
    0.580266    -0.142152    -0.235228
    0.504425    -0.118543    -0.374480
    0.494372    -0.014302    -0.406848
    0.491058    -0.010601    -0.410171
    0.490257     0.000115    -0.409079
    0.486853     0.017224    -0.409079
    0.481686     0.040297    -0.408338
    0.412325     0.162805    -0.416395
    0.408656     0.166904    -0.417248
    0.381874     0.200653    -0.421132
    0.187914     0.440493    -0.415481
    0.112503     0.531144    -0.389702
    0.104778     0.548384    -0.378618
    0.066642     0.583458    -0.360459
    0.059573     0.592356    -0.354310
   -0.038795     0.611923    -0.354310
   -0.048191     0.623894    -0.342952
   -0.048191     0.626002    -0.340581
   -0.051855     0.642218    -0.321529
   -0.192084     0.687882    -0.238825
   -0.181033     0.597470    -0.342952
   -0.197908     0.629263    -0.303430
   -0.225300     0.631699    -0.284401
   -0.193270     0.557893    -0.371765
   -0.230768     0.532838    -0.371765
   -0.231695     0.533764    -0.370347
   -0.186125     0.573839    -0.361514
   -0.241083     0.359788    -0.468404
   -0.208063     0.459314    -0.437680
   -0.227090     0.380731    -0.468404
   -0.259310     0.279592    -0.494681
   -0.259422     0.279470    -0.494623
   -0.373230     0.268163    -0.369190
   -0.290447     0.041623    -0.512934
   -0.299461     0.041623    -0.502799
   -0.267215     0.169415    -0.510474
   -0.269585     0.149561    -0.512250
   -0.270911     0.139837    -0.512934
   -0.343646     0.031639    -0.450886
   -0.411422    -0.176495    -0.328133
   -0.276849    -0.181742    -0.478268
   -0.289739    -0.188584    -0.462244
   -0.289092     0.040560    -0.514219
   -0.262579    -0.092732    -0.514219
   -0.258127    -0.155594    -0.505165
   -0.311531    -0.433708    -0.291953
   -0.153784    -0.365921    -0.478268
   -0.140668    -0.420094    -0.457088
   -0.145033    -0.434228    -0.444416
   -0.154750    -0.443945    -0.429542
   -0.148727    -0.536187    -0.348591
   -0.051644    -0.527557    -0.416036
   -0.051272    -0.496877    -0.444416
   -0.043988    -0.513133    -0.433966
   -0.042967    -0.513205    -0.434113
    0.024548    -0.526635    -0.434113
    0.034051    -0.530678    -0.431692
    0.054835    -0.537915    -0.426886
    0.063671    -0.542258    -0.423299
    0.066043    -0.544382    -0.421168
    0.145567    -0.538436    -0.413066
    0.150321    -0.537490    -0.413066
    0.241729    -0.531017    -0.399901
    0.243140    -0.529720    -0.400573
    0.244232    -0.529101    -0.400644
    0.256611    -0.526288    -0.396589
    0.285143    -0.528825    -0.376766
    0.277154    -0.512561    -0.396589
    0.286351    -0.510334    -0.392993
    0.313867    -0.482818    -0.392993
    0.317568    -0.467533    -0.398969
    0.355735    -0.410412    -0.398969
    0.360727    -0.388450    -0.406165
    0.468562    -0.197989    -0.393638
    0.483792    -0.104722    -0.400769
    0.489910    -0.073968    -0.400769
    0.488282    -0.010601    -0.412449
    0.486418     0.016018    -0.409634
    0.482149     0.031951    -0.409634
    0.362823     0.223242    -0.424072
    0.188474     0.438222    -0.416363
    0.112512     0.530928    -0.389858
    0.086235     0.532383    -0.393939
   -0.006206     0.557153    -0.393939
   -0.038795     0.559433    -0.397387
   -0.065885     0.530421    -0.416775
   -0.079780     0.508041    -0.430405
   -0.196659     0.476723    -0.430405
   -0.078101     0.509304    -0.429811
   -0.206993     0.459224    -0.438279
   -0.221235     0.380407    -0.471591
   -0.226606     0.375036    -0.471591
   -0.206115     0.441677    -0.447784
   -0.257756     0.279915    -0.495675
   -0.258031     0.279646    -0.495604
   -0.236864     0.329714    -0.486473
   -0.246080     0.300259    -0.494250
   -0.262569     0.197730    -0.508326
   -0.279252     0.040560    -0.522295
   -0.272902     0.111379    -0.515945
   -0.260691    -0.011623    -0.529009
   -0.256244    -0.075187    -0.522282
   -0.260806    -0.010336    -0.529125
   -0.254486    -0.081746    -0.522282
   -0.248011    -0.121207    -0.519289
   -0.246078    -0.156097    -0.513870
   -0.160937    -0.315392    -0.498044
   -0.152616    -0.352156    -0.485972
   -0.243957    -0.158172    -0.514416
   -0.194718    -0.243967    -0.508406
   -0.107969    -0.417318    -0.475389
   -0.130716    -0.374056    -0.485972
   -0.108643    -0.414585    -0.476451
   -0.069567    -0.456577    -0.465282
   -0.051691    -0.486849    -0.451661
   -0.016570    -0.503674    -0.446245
   -0.031878    -0.492158    -0.451661
    0.147317    -0.536406    -0.414447
    0.153803    -0.534668    -0.414447
    0.258122    -0.514902    -0.404300
    0.270834    -0.512025    -0.400126
    0.317393    -0.465466    -0.400126
    0.322401    -0.443337    -0.407392
    0.345165    -0.403672    -0.410171
    0.471902    -0.137686    -0.403003
    0.482037    -0.099861    -0.403003
    0.475531    -0.010599    -0.419265
    0.474036     0.009063    -0.417248
    0.188344     0.434396    -0.418042
    0.166536     0.435603    -0.421430
    0.003597     0.503094    -0.421430
   -0.153017     0.422858    -0.465448
   -0.166173     0.391870    -0.476501
   -0.220853     0.369221    -0.476501
   -0.262264     0.198466    -0.508326
   -0.271302     0.126980    -0.514566
   -0.257316    -0.044524    -0.526101
   -0.245563    -0.129153    -0.518924
   -0.246744    -0.124265    -0.519289
   -0.142509    -0.344956    -0.493317
   -0.071034    -0.438379    -0.472895
   -0.064127    -0.454649    -0.467092
   -0.080517    -0.426236    -0.476451
    0.143869    -0.531147    -0.417751
    0.191184    -0.511548    -0.417751
    0.257881    -0.507857    -0.407392
    0.346008    -0.388450    -0.412535
    0.461747    -0.109032    -0.412535
    0.468788    -0.016397    -0.422039
    0.295955    -0.016397    -0.474467
    0.256285    -0.035396    -0.484114
   -0.131539     0.352428    -0.484114
   -0.166173     0.357019    -0.487073
   -0.223745     0.294027    -0.498947
   -0.243293     0.216071    -0.508550
   -0.261966     0.197398    -0.508550
   -0.216127    -0.158588    -0.518924
   -0.094052    -0.397975    -0.483323
    0.252081    -0.051842    -0.483323
    0.253982    -0.037501    -0.484548
   -0.216127    -0.037501    -0.530850
   -0.243293    -0.010336    -0.530850
     1      2      3
     1      3      4
     1      4      5
     1      5      6
     1      6      7
     1      7      8
     9     10     11
     9     11     12
     9     12     13
     9     13      6
     9      6      5
     9      5     14
    15      7      6
    15      6     13
    15     13     16
    15     16     17
    15     17     18
    15     18     19
     8      7     15
     8     15     20
     8     20     21
     8     21     22
     8     22     23
    24      3      2
    24      2     25
    14      5      4
    14      4     26
    27     28     11
    27     11     10
    27     10     29
    30     31     32
    30     32     33
    30     33     34
    30     34     35
    30     35     36
    30     36     37
    30     37     38
    11     28     34
    11     34     33
    11     33     39
    11     39     40
    11     40     41
    11     41     42
    11     42     12
    12     42     43
    12     43     44
    12     44     45
    12     45     16
    12     16     13
    44     46     47
    44     47     48
    44     48     49
    44     49     50
    44     50     45
    16     45     50
    16     50     51
    16     51     52
    16     52     53
    16     53     54
    16     54     17
    17     54     55
    17     55     56
    17     56     57
    17     57     58
    17     58     59
    17     59     18
    19     18     59
    19     59     60
    19     60     61
    19     61     62
    63     64     20
    63     20     15
    63     15     19
    63     19     62
    63     62     65
    66     21     20
    66     20     64
    66     64     67
    66     67     68
    25      2      1
    25      1     69
    26      4      3
    26      3     24
    26     24     70
    71     29     10
    71     10      9
    72     35     34
    72     34     28
    72     28     27
    72     27     73
    74     36     35
    74     35     72
    75     76     77
    75     77     32
    75     32     31
    33     32     77
    33     77     78
    33     78     79
    33     79     80
    33     80     39
    39     80     81
    39     81     82
    39     82     40
    41     83     84
    41     84     85
    41     85     43
    41     43     42
    43     85     86
    43     86     87
    43     87     88
    43     88     46
    43     46     44
    88     89     90
    88     90     47
    88     47     46
    47     90     91
    47     91     92
    47     92     48
    52     93     94
    52     94     53
    53     94     95
    53     95     96
    53     96     97
    53     97     98
    53     98     99
    53     99     55
    53     55     54
    55     99    100
    55    100    101
    55    101    102
    55    102     56
   103     58     57
   103     57    104
   103    104    105
    59     58    103
    59    103    106
    59    106     60
    61     60    106
    61    106    107
   108     67     64
   108     64     63
   109     22     21
   109     21     66
   110     69      1
   110      1      8
   110      8     23
   110     23    111
   110    111    112
   113     70     24
   113     24     25
   113     25     69
   113     69    110
   114    115     71
   114     71      9
   114      9     14
   114     14     26
   114     26     70
   114     70    113
   116     73     27
   116     27     29
   116     29     71
   116     71    115
   117    118     74
   117     74     72
   117     72     73
   117     73    116
   119    120     37
   119     37     36
   119     36     74
   119     74    118
    38     37    120
   121    122    123
   121    123     76
   121     76     75
    77     76    123
    77    123    124
    77    124     78
    79    125    126
    79    126     81
    79     81     80
    81    126    127
    81    127    128
    81    128    129
    81    129     82
    40     82    129
    40    129    130
    40    130     83
    40     83     41
    84    131    132
    84    132    133
    84    133     86
    84     86     85
    86    133    134
    86    134    135
    86    135    136
    86    136     87
    87    136    137
    87    137    138
    87    138     89
    87     89     88
   138    139    140
   138    140     91
   138     91     90
   138     90     89
    50     49    141
    50    141     51
   142     95     94
   142     94     93
    97    143    144
    97    144     98
    98    144    145
    98    145    146
    98    146    100
    98    100     99
   101    100    146
   101    146    147
   101    147    148
   149    102    101
   149    101    148
   149    148    150
   149    150    151
   104     57     56
   104     56    102
   104    102    149
   104    149    152
   153    105    104
   153    104    152
   153    152    154
   107    106    103
   107    103    105
   107    105    153
   107    153    155
    65     62     61
    65     61    107
    65    107    155
    65    155    156
    68     67    108
    68    108    157
   111     23     22
   111     22    109
   158    159    160
   158    160    161
   158    161    162
   160    163    114
   160    114    113
   160    113    110
   160    110    112
   160    112    164
   160    164    161
   165    166    167
   165    167    168
   165    168    169
   165    169    163
   165    163    160
   165    160    159
   169    170    117
   169    117    116
   169    116    115
   169    115    114
   169    114    163
   168    171    172
   168    172    173
   168    173    170
   168    170    169
   173    174    119
   173    119    118
   173    118    117
   173    117    170
   172    175    176
   172    176    174
   172    174    173
   176    177     30
   176     30     38
   176     38    120
   176    120    119
   176    119    174
   178    179    121
   178    121     75
   178     75     31
   178     31     30
   178     30    177
   180    181    122
   180    122    121
   180    121    179
   182    124    123
   182    123    122
   182    122    181
    78    124    182
    78    182    183
    78    183    184
    78    184    185
    78    185    125
    78    125     79
   185    127    126
   185    126    125
   184    186    187
   184    187    128
   184    128    127
   184    127    185
   129    128    187
   129    187    188
   129    188    189
   129    189    130
   130    189    190
   130    190    131
   130    131     84
   130     84     83
   132    191    192
   132    192    134
   132    134    133
   134    192    193
   134    193    194
   134    194    135
   135    194    195
   135    195    196
   135    196    137
   135    137    136
   137    196    197
   137    197    139
   137    139    138
   198     92     91
   198     91    140
   198    140    199
    48     92    198
    48    198    141
    48    141     49
   200     96     95
   200     95    142
   201    202    145
   201    145    144
   201    144    143
   146    145    202
   146    202    203
   146    203    204
   146    204    147
   148    147    204
   148    204    205
   148    205    206
   148    206    150
   206    205    207
   206    207    208
   206    208    209
   206    209    210
   211    210    209
   211    209    212
   211    212    213
   211    213    214
   211    214    215
   151    150    206
   151    206    210
   151    210    211
   151    211    216
   217    216    211
   217    211    215
   217    215    218
   217    218    219
   217    219    220
   154    152    149
   154    149    151
   154    151    216
   154    216    217
   154    217    221
   222    221    217
   222    217    220
   222    220    223
   156    155    153
   156    153    154
   156    154    221
   156    221    222
   156    222    224
   225    157    108
   225    108     63
   225     63     65
   225     65    156
   225    156    224
   225    224    226
   164    112    111
   164    111    109
   164    109     66
   164     66     68
   164     68    157
   164    157    225
   162    161    164
   162    164    225
   162    225    226
   162    226    227
   162    227    228
   229    230    231
   229    231    232
   229    232    233
   229    233    234
   229    234    235
   229    235    236
   236    235    237
   236    237    238
   236    238    239
   236    239    165
   236    165    159
   236    159    158
   236    158    240
   238    241    242
   238    242    243
   238    243    239
   239    243    244
   239    244    245
   239    245    246
   239    246    247
   239    247    166
   239    166    165
   247    248    249
   247    249    167
   247    167    166
   167    249    250
   167    250    251
   167    251    171
   167    171    168
   250    252    253
   250    253    254
   250    254    255
   250    255    256
   250    256    251
   251    256    257
   251    257    175
   251    175    172
   251    172    171
   255    258    259
   255    259    260
   255    260    257
   255    257    256
   257    260    261
   257    261    178
   257    178    177
   257    177    176
   257    176    175
   259    262    263
   259    263    264
   259    264    261
   259    261    260
   261    264    265
   261    265    266
   261    266    180
   261    180    179
   261    179    178
   266    267    183
   266    183    182
   266    182    181
   266    181    180
   265    268    269
   265    269    270
   265    270    267
   265    267    266
   270    271    186
   270    186    184
   270    184    183
   270    183    267
   269    272    273
   269    273    274
   269    274    275
   269    275    271
   269    271    270
   187    186    271
   187    271    275
   187    275    276
   187    276    188
   274    277    278
   274    278    276
   274    276    275
   188    276    278
   188    278    279
   188    279    280
   188    280    190
   188    190    189
   190    280    281
   190    281    282
   190    282    283
   190    283    191
   190    191    132
   190    132    131
   283    284    285
   283    285    193
   283    193    192
   283    192    191
   282    286    287
   282    287    288
   282    288    284
   282    284    283
   289    285    284
   289    284    288
   289    288    290
   289    290    291
   193    285    289
   193    289    195
   193    195    194
   197    196    195
   197    195    289
   197    289    291
   197    291    292
   197    292    293
   197    293    294
   199    140    139
   199    139    197
   199    197    294
   199    294    295
    51    141    198
    51    198    199
    51    199    295
    51    295    296
    51    296    200
    51    200    142
    51    142     93
    51     93     52
   296    297    201
   296    201    143
   296    143     97
   296     97     96
   296     96    200
   298    299    300
   298    300    203
   298    203    202
   298    202    201
   298    201    297
   204    203    300
   204    300    301
   204    301    207
   204    207    205
   207    301    302
   207    302    303
   207    303    208
   209    208    303
   209    303    304
   209    304    212
   212    304    305
   212    305    306
   212    306    307
   212    307    213
   213    307    308
   213    308    309
   213    309    310
   213    310    214
   215    214    310
   215    310    311
   215    311    312
   215    312    218
   312    311    313
   312    313    314
   312    314    315
   312    315    316
   219    218    312
   219    312    316
   219    316    317
   317    316    315
   317    315    318
   317    318    319
   317    319    320
   317    320    321
   317    321    322
   223    220    219
   223    219    317
   223    317    322
   223    322    323
   323    322    321
   323    321    324
   323    324    325
   323    325    326
   323    326    327
   226    224    222
   226    222    223
   226    223    323
   226    323    327
   226    327    328
   226    328    329
   226    329    227
   228    227    329
   228    329    330
   228    330    331
   228    331    332
   240    158    162
   240    162    228
   240    228    332
   240    332    333
   333    334    335
   333    335    336
   333    336    337
   333    337    338
   333    338    339
   333    339    229
   333    229    236
   333    236    240
   338    340    339
   339    340    341
   339    341    230
   339    230    229
   234    342    237
   234    237    235
   237    342    343
   237    343    241
   237    241    238
   245    344    345
   245    345    246
   246    345    346
   246    346    347
   246    347    348
   246    348    248
   246    248    247
   348    349    252
   348    252    250
   348    250    249
   348    249    248
   350    351    352
   350    352    253
   350    253    252
   350    252    349
   253    352    353
   253    353    354
   253    354    254
   254    354    355
   254    355    356
   254    356    258
   254    258    255
   355    357    358
   355    358    359
   355    359    356
   356    359    360
   356    360    361
   356    361    262
   356    262    259
   356    259    258
   362    363    361
   362    361    360
   362    360    364
   361    363    365
   361    365    366
   361    366    367
   361    367    368
   361    368    369
   361    369    370
   361    370    371
   361    371    263
   361    263    262
   263    371    372
   263    372    268
   263    268    265
   263    265    264
   370    373    374
   370    374    375
   370    375    376
   370    376    372
   370    372    371
   372    376    377
   372    377    272
   372    272    269
   372    269    268
   375    378    379
   375    379    380
   375    380    381
   375    381    377
   375    377    376
   377    381    382
   377    382    273
   377    273    272
   380    383    384
   380    384    385
   380    385    382
   380    382    381
   273    382    385
   273    385    386
   273    386    277
   273    277    274
   278    277    386
   278    386    387
   278    387    388
   278    388    279
   279    388    389
   279    389    390
   279    390    391
   279    391    281
   279    281    280
   281    391    392
   281    392    393
   281    393    394
   281    394    286
   281    286    282
   394    395    287
   394    287    286
   393    396    397
   393    397    398
   393    398    399
   393    399    395
   393    395    394
   400    399    398
   400    398    401
   400    401    402
   400    402    403
   400    403    404
   400    404    405
   287    395    399
   287    399    400
   287    400    406
   287    406    290
   287    290    288
   407    406    400
   407    400    405
   407    405    408
   407    408    409
   407    409    410
   407    410    411
   407    411    412
   407    412    413
   291    290    406
   291    406    407
   291    407    292
   293    292    407
   293    407    413
   293    413    414
   293    414    415
   293    415    416
   295    294    293
   295    293    416
   295    416    417
   295    417    418
   295    418    298
   295    298    297
   295    297    296
   418    419    420
   418    420    421
   418    421    422
   418    422    423
   418    423    299
   418    299    298
   300    299    423
   300    423    424
   300    424    302
   300    302    301
   424    423    422
   424    422    425
   424    425    426
   424    426    427
   424    427    428
   424    428    429
   303    302    424
   303    424    429
   303    429    430
   303    430    305
   303    305    304
   429    428    431
   429    431    432
   429    432    433
   429    433    430
   305    430    433
   305    433    434
   305    434    306
   306    434    435
   306    435    436
   306    436    437
   306    437    308
   306    308    307
   308    437    438
   308    438    439
   308    439    309
   310    309    439
   310    439    440
   310    440    313
   310    313    311
   313    440    441
   313    441    442
   313    442    443
   313    443    314
   315    314    443
   315    443    444
   315    444    318
   319    445    446
   319    446    447
   319    447    320
   321    320    447
   321    447    448
   321    448    324
   325    449    450
   325    450    451
   325    451    452
   325    452    326
   327    326    452
   327    452    453
   327    453    454
   327    454    455
   327    455    328
   329    328    455
   329    455    456
   329    456    457
   329    457    330
   331    330    457
   331    457    458
   331    458    459
   331    459    460
   331    460    461
   331    461    462
   331    462    463
   333    332    331
   333    331    463
   333    463    464
   333    464    465
   333    465    334
   334    465    466
   334    466    467
   334    467    468
   334    468    469
   334    469    335
   335    469    470
   335    470    471
   335    471    472
   335    472    473
   335    473    474
   335    474    336
   231    475    232
   232    475    476
   232    476    477
   232    477    233
   478    242    241
   478    241    343
   244    479    344
   244    344    245
   346    480    481
   346    481    347
   347    481    350
   347    350    349
   347    349    348
   482    353    352
   482    352    351
   482    351    483
   484    357    355
   484    355    354
   484    354    353
   484    353    482
   485    358    357
   485    357    484
   485    484    486
   487    488    364
   487    364    360
   487    360    359
   487    359    358
   487    358    485
   489    490    362
   489    362    364
   489    364    488
   489    488    491
   492    493    365
   492    365    363
   492    363    362
   492    362    490
   494    495    366
   494    366    365
   494    365    493
   494    493    496
   366    495    497
   366    497    498
   366    498    499
   366    499    367
   367    499    500
   367    500    501
   367    501    502
   367    502    368
   368    502    503
   368    503    504
   368    504    505
   368    505    506
   368    506    369
   369    506    507
   369    507    508
   369    508    509
   369    509    373
   369    373    370
   509    510    511
   509    511    374
   509    374    373
   374    511    512
   374    512    513
   374    513    378
   374    378    375
   513    514    515
   513    515    379
   513    379    378
   379    515    516
   379    516    383
   379    383    380
   516    517    518
   516    518    384
   516    384    383
   385    384    518
   385    518    519
   385    519    520
   385    520    387
   385    387    386
   387    520    521
   387    521    389
   387    389    388
   390    522    523
   390    523    524
   390    524    392
   390    392    391
   392    524    525
   392    525    526
   392    526    396
   392    396    393
   526    527    528
   526    528    397
   526    397    396
   397    528    529
   397    529    401
   397    401    398
   403    530    404
   405    404    530
   405    530    408
   411    531    532
   411    532    412
   413    412    532
   413    532    533
   413    533    534
   413    534    535
   413    535    536
   413    536    414
   414    536    537
   414    537    538
   414    538    539
   414    539    540
   414    540    541
   414    541    415
   416    415    541
   416    541    542
   416    542    543
   416    543    544
   416    544    545
   416    545    417
   417    545    546
   417    546    547
   417    547    548
   417    548    549
   417    549    419
   417    419    418
   549    550    551
   549    551    552
   549    552    553
   549    553    420
   549    420    419
   420    553    554
   420    554    555
   420    555    556
   420    556    421
   421    556    557
   421    557    558
   421    558    425
   421    425    422
   425    558    559
   425    559    426
   560    431    428
   560    428    427
   560    427    561
   562    432    431
   562    431    560
   562    560    563
   433    432    562
   433    562    564
   433    564    435
   433    435    434
   435    564    565
   435    565    566
   435    566    436
   436    566    567
   436    567    438
   436    438    437
   439    438    567
   439    567    568
   439    568    441
   439    441    440
   443    442    569
   443    569    570
   443    570    444
   318    444    570
   318    570    445
   318    445    319
   447    446    571
   447    571    572
   447    572    448
   324    448    572
   324    572    449
   324    449    325
   452    451    573
   452    573    574
   452    574    453
   453    574    575
   453    575    576
   453    576    454
   455    454    576
   455    576    577
   455    577    578
   455    578    579
   455    579    456
   457    456    579
   457    579    580
   457    580    581
   457    581    458
   458    581    582
   458    582    459
   463    462    583
   463    583    464
   464    583    584
   464    584    466
   464    466    465
   468    585    586
   468    586    470
   468    470    469
   470    586    587
   470    587    471
   472    588    473
   473    588    589
   473    589    474
   337    590    341
   337    341    340
   337    340    338
   591    476    475
   591    475    231
   591    231    230
   591    230    341
   591    341    590
   233    477    592
   233    592    478
   233    478    343
   233    343    342
   233    342    234
   593    594    479
   593    479    244
   593    244    243
   593    243    242
   593    242    478
   593    478    592
   595    596    480
   595    480    346
   595    346    345
   595    345    344
   595    344    479
   595    479    594
   597    483    351
   597    351    350
   597    350    481
   597    481    480
   597    480    596
   598    486    484
   598    484    482
   598    482    483
   598    483    597
   599    600    487
   599    487    485
   599    485    486
   599    486    598
   491    488    487
   491    487    600
   601    602    492
   601    492    490
   601    490    489
   603    496    493
   603    493    492
   603    492    602
   604    605    606
   604    606    494
   604    494    496
   604    496    603
   606    607    497
   606    497    495
   606    495    494
   608    609    498
   608    498    497
   608    497    607
   498    609    610
   498    610    611
   498    611    500
   498    500    499
   501    612    613
   501    613    503
   501    503    502
   503    613    614
   503    614    615
   503    615    504
   505    616    617
   505    617    507
   505    507    506
   507    617    618
   507    618    619
   507    619    508
   620    621    512
   620    512    511
   620    511    510
   512    621    622
   512    622    514
   512    514    513
   623    624    517
   623    517    516
   623    516    515
   623    515    514
   623    514    622
   518    517    624
   518    624    625
   518    625    626
   518    626    519
   519    626    521
   519    521    520
   627    628    523
   627    523    522
   523    628    629
   523    629    630
   523    630    525
   523    525    524
   631    529    528
   631    528    527
   631    527    632
   401    529    631
   401    631    402
   534    633    535
   535    633    537
   535    537    536
   541    540    634
   541    634    542
   544    635    546
   544    546    545
   548    636    550
   548    550    549
   637    638    551
   637    551    550
   637    550    636
   552    639    640
   552    640    554
   552    554    553
   641    555    554
   641    554    640
   641    640    642
   641    642    643
   557    556    555
   557    555    641
   557    641    644
   645    559    558
   645    558    557
   645    557    644
   645    644    646
   645    646    647
   561    427    426
   561    426    559
   561    559    645
   561    645    648
   649    563    560
   649    560    561
   649    561    648
   649    648    650
   651    565    564
   651    564    562
   651    562    563
   651    563    649
   652    568    567
   652    567    566
   652    566    565
   652    565    651
   441    568    652
   441    652    653
   441    653    569
   441    569    442
   570    569    653
   570    653    654
   570    654    571
   570    571    446
   570    446    445
   572    571    654
   572    654    655
   572    655    656
   572    656    450
   572    450    449
   450    656    657
   450    657    573
   450    573    451
   573    657    658
   573    658    659
   573    659    575
   573    575    574
   576    575    659
   576    659    660
   576    660    577
   577    660    661
   577    661    662
   577    662    578
   579    578    662
   579    662    663
   579    663    580
   580    663    664
   580    664    665
   580    665    666
   580    666    582
   580    582    581
   459    582    666
   459    666    667
   459    667    460
   461    668    669
   461    669    584
   461    584    583
   461    583    462
   466    584    669
   466    669    670
   466    670    671
   466    671    467
   467    671    672
   467    672    585
   467    585    468
   672    673    587
   672    587    586
   672    586    585
   471    587    673
   471    673    674
   471    674    675
   471    675    589
   471    589    588
   471    588    472
   675    674    676
   675    676    677
   675    677    678
   675    678    679
   675    679    680
   336    474    589
   336    589    675
   336    675    680
   336    680    681
   336    681    591
   336    591    590
   336    590    337
   680    679    682
   680    682    683
   680    683    681
   681    683    684
   681    684    593
   681    593    592
   681    592    477
   681    477    476
   681    476    591
   684    685    686
   684    686    687
   684    687    688
   684    688    595
   684    595    594
   684    594    593
   688    689    690
   688    690    599
   688    599    598
   688    598    597
   688    597    596
   688    596    595
   691    692    693
   691    693    694
   691    694    690
   691    690    689
   690    694    695
   690    695    601
   690    601    489
   690    489    491
   690    491    600
   690    600    599
   693    696    697
   693    697    698
   693    698    699
   693    699    695
   693    695    694
   695    699    604
   695    604    603
   695    603    602
   695    602    601
   698    700    605
   698    605    604
   698    604    699
   701    702    608
   701    608    607
   701    607    606
   701    606    605
   701    605    700
   703    610    609
   703    609    608
   703    608    702
   704    705    611
   704    611    610
   704    610    703
   704    703    706
   500    611    705
   500    705    707
   500    707    612
   500    612    501
   708    614    613
   708    613    612
   708    612    707
   504    615    709
   504    709    616
   504    616    505
   709    710    618
   709    618    617
   709    617    616
   508    619    711
   508    711    620
   508    620    510
   508    510    509
   711    712    713
   711    713    623
   711    623    622
   711    622    621
   711    621    620
   714    715    625
   714    625    624
   714    624    623
   714    623    713
   389    521    626
   389    626    625
   389    625    715
   389    715    716
   389    716    627
   389    627    522
   389    522    390
   716    717    718
   716    718    629
   716    629    628
   716    628    627
   525    630    719
   525    719    632
   525    632    527
   525    527    526
   408    530    403
   408    403    402
   408    402    631
   408    631    632
   408    632    719
   408    719    409
   410    720    531
   410    531    411
   532    531    720
   532    720    721
   532    721    533
   538    722    539
   539    722    723
   539    723    724
   539    724    634
   539    634    540
   546    635    725
   546    725    547
   547    725    726
   547    726    727
   547    727    637
   547    637    636
   547    636    548
   727    728    729
   727    729    730
   727    730    638
   727    638    637
   551    638    730
   551    730    731
   551    731    639
   551    639    552
   642    640    639
   642    639    731
   642    731    732
   733    643    642
   733    642    732
   733    732    734
   733    734    735
   646    644    641
   646    641    643
   646    643    733
   736    647    646
   736    646    733
   736    733    735
   736    735    737
   736    737    738
   650    648    645
   650    645    647
   650    647    736
   654    653    652
   654    652    651
   654    651    649
   654    649    650
   654    650    736
   654    736    738
   654    738    739
   654    739    740
   654    740    655
   739    741    742
   739    742    743
   739    743    744
   739    744    740
   655    740    744
   655    744    745
   655    745    658
   655    658    657
   655    657    656
   745    744    743
   745    743    746
   745    746    747
   745    747    748
   659    658    745
   659    745    748
   659    748    749
   659    749    661
   659    661    660
   749    748    747
   749    747    750
   749    750    751
   662    661    749
   662    749    751
   662    751    664
   662    664    663
   664    751    750
   664    750    752
   664    752    753
   664    753    665
   666    665    753
   666    753    754
   666    754    755
   666    755    667
   460    667    755
   460    755    756
   460    756    757
   460    757    668
   460    668    461
   669    668    757
   669    757    758
   669    758    759
   669    759    760
   669    760    670
   676    760    759
   676    759    677
   670    760    676
   670    676    674
   670    674    673
   670    673    672
   670    672    671
   678    761    762
   678    762    763
   678    763    682
   678    682    679
   762    764    765
   762    765    766
   762    766    763
   682    763    766
   682    766    767
   682    767    768
   682    768    769
   682    769    685
   682    685    684
   682    684    683
   768    770    771
   768    771    772
   768    772    769
   769    772    773
   769    773    774
   769    774    775
   769    775    776
   769    776    777
   769    777    778
   769    778    779
   769    779    686
   769    686    685
   686    779    780
   686    780    781
   686    781    782
   686    782    783
   686    783    687
   687    783    784
   687    784    785
   687    785    691
   687    691    689
   687    689    688
   785    786    787
   785    787    788
   785    788    692
   785    692    691
   788    789    696
   788    696    693
   788    693    692
   790    791    697
   790    697    696
   790    696    789
   697    791    792
   697    792    701
   697    701    700
   697    700    698
   793    706    703
   793    703    702
   793    702    701
   793    701    792
   794    795    796
   794    796    704
   794    704    706
   794    706    793
   796    797    708
   796    708    707
   796    707    705
   796    705    704
   798    799    797
   798    797    796
   798    796    795
   800    710    709
   800    709    615
   800    615    614
   800    614    708
   800    708    797
   800    797    799
   801    802    803
   801    803    800
   801    800    799
   801    799    798
   803    712    711
   803    711    619
   803    619    618
   803    618    710
   803    710    800
   804    805    714
   804    714    713
   804    713    712
   804    712    803
   804    803    802
   804    802    806
   804    806    807
   808    717    716
   808    716    715
   808    715    714
   808    714    805
   809    810    718
   809    718    717
   809    717    808
   809    808    811
   409    719    630
   409    630    629
   409    629    718
   409    718    810
   409    810    812
   409    812    721
   409    721    720
   409    720    410
   533    721    812
   533    812    723
   533    723    722
   533    722    538
   533    538    537
   533    537    633
   533    633    534
   724    723    812
   724    812    810
   724    810    809
   724    809    813
   724    813    814
   724    814    815
   542    634    724
   542    724    815
   542    815    543
   543    815    814
   543    814    816
   543    816    726
   543    726    725
   543    725    635
   543    635    544
   816    817    728
   816    728    727
   816    727    726
   729    728    817
   729    817    818
   729    818    819
   729    819    820
   732    731    730
   732    730    729
   732    729    820
   732    820    821
   732    821    734
   821    820    819
   821    819    822
   821    822    823
   821    823    824
   735    734    821
   735    821    824
   735    824    825
   735    825    737
   825    824    823
   825    823    826
   825    826    827
   825    827    828
   825    828    829
   738    737    825
   738    825    829
   738    829    741
   738    741    739
   742    741    829
   742    829    828
   742    828    830
   742    830    831
   832    831    830
   832    830    833
   832    833    834
   832    834    835
   832    835    836
   746    743    742
   746    742    831
   746    831    832
   746    832    837
   838    837    832
   838    832    836
   838    836    839
   838    839    840
   750    747    746
   750    746    837
   750    837    838
   750    838    841
   750    841    752
   842    841    838
   842    838    840
   842    840    843
   842    843    844
   753    752    841
   753    841    842
   753    842    754
   755    754    842
   755    842    844
   755    844    845
   755    845    846
   755    846    756
   756    846    847
   756    847    848
   756    848    849
   756    849    850
   756    850    758
   756    758    757
   850    849    851
   850    851    764
   850    764    762
   850    762    761
   677    759    758
   677    758    850
   677    850    761
   677    761    678
   766    765    852
   766    852    853
   766    853    854
   766    854    767
   767    854    855
   767    855    770
   767    770    768
   771    856    857
   771    857    773
   771    773    772
   773    857    858
   773    858    859
   773    859    774
   778    860    780
   778    780    779
   782    861    862
   782    862    784
   782    784    783
   784    862    863
   784    863    864
   784    864    786
   784    786    785
   864    865    866
   864    866    867
   864    867    787
   864    787    786
   787    867    868
   787    868    790
   787    790    789
   787    789    788
   868    869    794
   868    794    793
   868    793    792
   868    792    791
   868    791    790
   866    870    871
   866    871    869
   866    869    868
   866    868    867
   871    872    801
   871    801    798
   871    798    795
   871    795    794
   871    794    869
   873    874    875
   873    875    872
   873    872    871
   873    871    870
   873    870    876
   875    806    802
   875    802    801
   875    801    872
   877    807    806
   877    806    875
   877    875    874
   877    874    878
   877    878    879
   880    881    882
   880    882    804
   880    804    807
   880    807    877
   883    884    882
   883    882    881
   883    881    885
   883    885    886
   883    886    887
   888    811    808
   888    808    805
   888    805    804
   888    804    882
   888    882    884
   889    813    809
   889    809    811
   889    811    888
   890    891    889
   890    889    888
   890    888    884
   890    884    883
   890    883    892
   890    892    893
   890    893    894
   895    818    817
   895    817    816
   895    816    814
   895    814    813
   895    813    889
   895    889    891
   896    897    898
   896    898    899
   896    899    895
   896    895    891
   896    891    890
   899    900    822
   899    822    819
   899    819    818
   899    818    895
   901    900    899
   901    899    898
   901    898    902
   901    902    903
   823    822    900
   823    900    901
   823    901    826
   827    826    901
   827    901    903
   827    903    904
   827    904    905
   827    905    906
   830    828    827
   830    827    906
   830    906    907
   830    907    908
   830    908    909
   830    909    833
   833    909    910
   833    910    834
   834    910    911
   834    911    912
   834    912    835
   836    835    912
   836    912    913
   836    913    914
   836    914    915
   836    915    916
   836    916    839
   916    915    917
   916    917    918
   840    839    916
   840    916    918
   840    918    919
   840    919    843
   844    843    919
   844    919    920
   844    920    921
   844    921    845
   845    921    922
   845    922    923
   845    923    847
   845    847    846
   848    924    925
   848    925    851
   848    851    849
   851    925    852
   851    852    765
   851    765    764
   853    926    927
   853    927    855
   853    855    854
   855    927    928
   855    928    856
   855    856    771
   855    771    770
   774    859    929
   774    929    775
   777    930    860
   777    860    778
   781    931    861
   781    861    782
   932    933    863
   932    863    862
   932    862    861
   932    861    931
   863    933    934
   863    934    865
   863    865    864
   935    876    870
   935    870    866
   935    866    865
   935    865    934
   936    937    873
   936    873    876
   936    876    935
   936    935    938
   939    878    874
   939    874    873
   939    873    937
   940    941    879
   940    879    878
   940    878    939
   940    939    942
   943    944    880
   943    880    877
   943    877    879
   943    879    941
   943    941    945
   943    945    946
   885    881    880
   885    880    944
   885    944    947
   948    892    883
   948    883    887
   948    887    949
   950    951    893
   950    893    892
   950    892    948
   950    948    952
   894    893    951
   894    951    953
   894    953    954
   894    954    955
   956    957    896
   956    896    890
   956    890    894
   956    894    955
   956    955    958
   956    958    959
   960    897    896
   960    896    957
   960    957    961
   960    961    962
   963    964    902
   963    902    898
   963    898    897
   963    897    960
   965    904    903
   965    903    902
   965    902    964
   965    964    966
   905    904    965
   908    967    911
   908    911    910
   908    910    909
   912    911    967
   912    967    968
   912    968    913
   917    915    914
   917    914    969
   917    969    970
   919    918    917
   919    917    970
   919    970    971
   919    971    920
   920    971    972
   920    972    973
   920    973    922
   920    922    921
   847    923    974
   847    974    975
   847    975    924
   847    924    848
   852    925    924
   852    924    975
   852    975    926
   852    926    853
   926    976    977
   926    977    928
   926    928    927
   928    977    858
   928    858    857
   928    857    856
   776    978    930
   776    930    777
   780    860    930
   780    930    978
   780    978    979
   780    979    980
   780    980    932
   780    932    931
   780    931    781
   980    938    935
   980    935    934
   980    934    933
   980    933    932
   981    942    939
   981    939    937
   981    937    936
   982    983    940
   982    940    942
   982    942    981
   945    941    940
   945    940    983
   984    947    944
   984    944    943
   949    887    886
   949    886    985
   986    953    951
   986    951    950
   987    958    955
   987    955    954
   987    954    988
   989    961    957
   989    957    956
   990    991    963
   990    963    960
   990    960    962
   990    962    992
   966    964    963
   966    963    991
   907    993    968
   907    968    967
   907    967    908
   913    968    993
   913    993    994
   913    994    995
   913    995    969
   913    969    914
   970    969    995
   970    995    972
   970    972    971
   922    973    996
   922    996    997
   922    997    974
   922    974    923
   974    997    998
   974    998    976
   974    976    926
   974    926    975
   858    977    976
   858    976    998
   858    998    999
   858    999    929
   858    929    859
   775    929    999
   775    999   1000
   775   1000   1001
   775   1001    979
   775    979    978
   775    978    776
  1001   1002    982
  1001    982    981
  1001    981    936
  1001    936    938
  1001    938    980
  1001    980    979
  1003    946    945
  1003    945    983
  1003    983    982
  1003    982   1002
  1004   1005    984
  1004    984    943
  1004    943    946
  1004    946   1003
   985    886    885
   985    885    947
   985    947    984
   985    984   1005
   988    954    953
   988    953    986
   959    958    987
   959    987   1006
   992    962    961
   992    961    989
   992    989   1007
   994    993    907
   994    907    906
   994    906    905
   994    905    965
   994    965    966
   994    966    991
   994    991    990
   972    995    994
   972    994    990
   972    990    992
   972    992   1007
   972   1007   1008
   972   1008    996
   972    996    973
   999    998    997
   999    997    996
   999    996   1008
   999   1008   1009
   999   1009   1000
  1000   1009   1010
  1000   1010   1011
  1000   1011   1004
  1000   1004   1003
  1000   1003   1002
  1000   1002   1001
  1011    952    948
  1011    948    949
  1011    949    985
  1011    985   1005
  1011   1005   1004
  1010   1006    987
  1010    987    988
  1010    988    986
  1010    986    950
  1010    950    952
  1010    952   1011
  1008   1007    989
  1008    989    956
  1008    956    959
  1008    959   1006
  1008   1006   1010
  1008   1010   1009
