402 800
   -8.005460     5.312453    70.885724
    9.932240     5.312453    78.880224
   -8.005460    22.576953    70.143824
  -24.182360     5.312453    61.966124
   -8.005460   -13.535147    70.880624
   29.053540     5.312453    82.485224
   17.148540    30.844053    77.364824
   -8.005460    37.958453    68.082224
  -29.807460    26.241253    59.104824
  -39.243860     5.312453    54.926224
  -30.929860   -19.825747    58.917324
   -8.005460   -32.792847    70.376524
   17.491340   -21.150147    80.056724
   47.351740     5.312453    79.898924
   39.464140    31.895653    77.087324
   17.593940    50.126853    70.910924
   -8.005460    51.621253    64.160524
  -30.400460    40.768553    57.626724
  -47.050460    25.422253    52.740824
  -54.192760     5.312453    50.851124
  -49.050960   -19.279647    52.600124
  -32.303460   -41.849247    59.282024
   -8.005460   -50.614447    69.131924
   18.103840   -41.336247    76.112924
   38.878040   -20.791847    78.978024
   62.466740     5.312453    72.207324
   58.003140    30.924853    71.581824
   41.287740    53.231653    67.597924
   16.776640    65.417553    62.662624
   -8.005460    63.640353    58.232924
  -30.204360    53.098753    54.108824
  -49.519860    40.368453    50.877324
  -63.635860    25.256253    49.403624
  -69.570860     5.312453    49.294924
  -65.884760   -18.179747    50.171424
  -52.843260   -41.969247    53.250324
  -32.502560   -60.309147    59.486924
   -8.005460   -65.322147    66.484624
   17.381240   -56.684247    69.993824
   39.955740   -40.238847    70.123824
   55.821440   -19.176947    70.654724
   73.380640     5.312453    62.006124
   71.572740    29.504753    63.232724
   60.512240    52.158953    61.238424
   40.189640    69.417853    57.351924
   15.624440    76.942253    53.640424
   -8.005460    73.702353    50.649224
  -29.731260    64.202753    48.120124
  -50.161960    53.503653    46.394724
  -67.921360    41.877453    46.171624
  -80.158460    26.123353    47.299824
  -84.980760     5.312453    48.587424
  -81.918060   -17.468347    49.253224
  -71.246960   -39.906747    50.200924
  -54.023860   -60.531847    52.974424
  -32.173960   -74.356547    57.590524
   -8.005460   -76.244247    61.621924
   16.300340   -67.885347    62.298024
   38.563840   -54.338947    60.134724
   56.392740   -37.699147    58.433324
   68.098340   -17.688747    59.377424
   81.085740     5.312453    51.230624
   80.785740    28.301053    53.527024
   74.283040    50.097153    53.238824
   59.570440    68.271953    50.620024
   38.057740    80.354153    47.252924
   14.397340    84.521253    44.306924
   -8.005460    81.223153    42.002424
  -29.042360    73.686453    40.258324
  -49.672560    65.359453    39.330124
  -69.257960    56.779553    39.713524
  -85.339960    45.139753    41.541324
  -95.569660    27.513153    44.111824
  -99.089360     5.312453    46.120224
  -96.112960   -17.010147    46.781324
  -87.118360   -37.582147    46.710624
  -72.680060   -57.122147    47.295824
  -53.684560   -74.227947    49.328024
  -31.528060   -84.115947    52.170224
   -8.005460   -83.834047    53.950524
   15.159440   -75.951747    53.109024
   36.553440   -64.677047    50.148524
   54.764540   -51.547347    47.265224
   68.407840   -35.778947    46.413124
   76.986940   -16.625547    48.108024
   87.681240     5.312453    40.303324
   87.725740    27.417153    42.691824
   83.818540    48.384353    43.451624
   73.866840    66.092053    42.252924
   57.029740    79.010353    39.801224
   35.537940    86.420553    37.074924
   13.137340    88.348353    34.665624
   -8.005460    85.764353    32.744424
  -28.113360    80.631853    31.373724
  -48.193960    74.947053    30.738124
  -68.167860    69.178753    31.111824
  -86.273960    61.377253    32.636824
 -100.101760    48.194253    35.068224
 -108.115460    28.379453    37.660724
 -110.159560     5.312453    39.459524
 -106.890860   -16.256447    39.986324
  -99.068660   -34.997247    39.655224
  -87.190860   -52.511347    39.395624
  -71.497860   -69.524747    39.926424
  -52.335660   -83.524147    41.297224
  -30.647660   -90.457447    42.816424
   -8.005460   -89.076447    43.392824
   14.024340   -82.071547    42.308924
   34.428340   -72.741947    39.877824
   52.517840   -62.260247    37.257724
   67.402740   -49.877447    35.656924
   78.165540   -34.495947    35.756624
   84.667940   -15.844347    37.549724
   94.908240     5.312453    28.641124
   94.421740    26.631653    30.316624
   91.233040    47.050253    31.267724
   84.000340    64.390253    31.110924
   71.341440    77.125453    29.929524
   53.500140    84.998353    28.142824
   32.745440    88.698453    26.208224
   11.792240    89.185153    24.435124
   -8.005460    87.414053    22.986924
  -26.925460    84.396953    21.969524
  -45.846960    81.032553    21.492524
  -65.029260    77.496253    21.663024
  -83.477960    72.563753    22.526724
  -99.255160    63.646953    23.985624
 -110.492260    48.447153    25.732324
 -116.281960    27.655553    27.292024
 -116.841860     5.312453    28.235624
 -113.080760   -14.692047    28.449924
 -106.009360   -31.637247    28.208224
  -96.266360   -47.199947    27.966024
  -83.907460   -62.833047    28.085724
  -68.602460   -77.816247    28.672224
  -50.241060   -89.224747    29.540524
  -29.539560   -94.246147    30.286024
   -8.005460   -92.756447    30.464824
   12.841440   -87.083447    29.841124
   32.188240   -79.608947    28.547524
   49.833840   -71.161747    27.024724
   65.499640   -61.172647    25.799324
   78.395240   -48.698247    25.279924
   87.601940   -33.263947    25.662124
   92.886140   -15.043847    26.893324
  103.058740     5.312453    15.660024
  101.571540    25.622253    16.332224
   97.839540    45.490653    16.843424
   91.391940    62.783353    17.015424
   81.249740    75.671053    16.763924
   66.892940    83.621753    16.130024
   49.067940    87.454053    15.247424
   29.597240    88.552153    14.278424
   10.290840    88.097153    13.364124
   -8.005460    86.820953    12.607724
  -25.497460    85.135053    12.079224
  -42.850260    83.245253    11.824224
  -60.449160    81.011653    11.864624
  -77.896060    77.627053    12.191024
  -93.956360    71.475553    12.747124
 -106.997160    60.708053    13.418624
 -115.673960    44.679653    14.047624
 -119.455860    25.118553    14.486024
 -118.728460     5.312453    14.666724
 -114.502060   -12.264847    14.638224
 -107.919760   -27.350647    14.532724
  -99.772960   -41.247047    14.493424
  -90.202860   -55.289747    14.613324
  -78.717560   -69.591547    14.908124
  -64.588060   -82.594147    15.319024
  -47.518760   -91.873447    15.736324
  -28.169160   -95.889947    16.038124
   -8.005460   -95.071547    16.133924
   11.510440   -91.138147    15.995024
   29.663540   -85.606647    15.660024
   46.509240   -78.932947    15.219424
   62.262940   -70.662147    14.788724
   76.637640   -60.121247    14.483224
   88.673840   -47.017047    14.395424
   97.255440   -31.520447    14.577524
  101.901740   -13.962547    15.024624
  110.505840     5.312453     1.559724
  108.002240    24.160253     1.559724
  103.262740    43.049453     1.559724
   96.497140    60.159853     1.559724
   87.364640    73.544053     1.559724
   75.404840    82.169553     1.559724
   60.615340    86.398453     1.559724
   43.743840    87.552753     1.559724
   26.030940    87.089153     1.559724
    8.602140    86.038053     1.559724
   -8.005460    84.886953     1.559724
  -23.890260    83.723253     1.559724
  -39.486660    82.400753     1.559724
  -55.152560    80.586753     1.559724
  -70.827960    77.688053     1.559724
  -85.878860    72.790853     1.559724
  -99.192660    64.839853     1.559724
 -109.514760    53.186853     1.559724
 -115.894260    38.250953     1.559724
 -118.035760    21.631753     1.559724
 -116.389460     5.312453     1.559724
 -111.941660    -9.457947     1.559724
 -105.812260   -22.648347     1.559724
  -98.836860   -35.073347     1.559724
  -91.286860   -47.631947     1.559724
  -82.804160   -60.609747     1.559724
  -72.583860   -73.298247     1.559724
  -59.811060   -84.179947     1.559724
  -44.231860   -91.744047     1.559724
  -26.510060   -95.401747     1.559724
   -8.005460   -95.704147     1.559724
    9.950540   -93.724947     1.559724
   26.706340   -90.242647     1.559724
   42.383040   -85.341047     1.559724
   57.438540   -78.569247     1.559724
   72.064740   -69.438647     1.559724
   85.772840   -57.867447     1.559724
   97.419240   -44.231647     1.559724
  105.732440   -29.023747     1.559724
  110.021140   -12.498247     1.559724
  114.168640     5.312453   -12.655876
  110.038340    26.055153   -12.695576
  102.649640    46.887453   -12.866476
   92.812140    65.123753   -13.040676
   80.494240    77.997753   -13.050376
   65.439040    84.604153   -12.765676
   47.938840    86.311953   -12.167576
   29.061940    85.449253   -11.362876
   10.132740    83.863453   -10.533176
   -8.005460    82.383153    -9.856476
  -25.284360    80.992953    -9.453676
  -42.128160    79.196153    -9.369576
  -58.895860    76.259253    -9.571576
  -75.375060    71.296853    -9.951576
  -90.555460    63.391553   -10.340876
 -102.831460    51.990153   -10.561776
 -110.633660    37.477053   -10.511076
 -113.202760    21.317953   -10.221276
 -111.019160     5.312453    -9.843176
 -105.561160    -9.503347    -9.562276
  -98.538260   -23.283847    -9.516976
  -91.083960   -36.869147    -9.757276
  -83.297060   -50.860247   -10.236576
  -74.248060   -64.860347   -10.830076
  -62.483260   -77.389547   -11.382776
  -47.001860   -86.741647   -11.785076
  -28.225560   -92.172747   -12.028176
   -8.005460   -94.214647   -12.194276
   11.611340   -93.825747   -12.388176
   29.707140   -91.337847   -12.663476
   46.685240   -86.157347   -12.987276
   63.392240   -77.403047   -13.257176
   79.991440   -64.891447   -13.364376
   95.305240   -49.478047   -13.268876
  107.138240   -32.361247   -13.033076
  113.565040   -14.144447   -12.787176
  111.258440     5.312453   -25.906376
  105.806740    27.428653   -25.333176
   96.000640    49.409853   -25.277576
   83.393640    67.685153   -25.443176
   68.329640    79.008253   -25.371176
   50.804440    83.273553   -24.721576
   31.424840    83.133653   -23.512576
   11.448440    81.461953   -22.113776
   -8.005460    79.715953   -21.008176
  -26.596360    77.880353   -20.542376
  -44.622260    75.093853   -20.802976
  -62.312060    70.263153   -21.582876
  -79.094960    62.468253   -22.413076
  -93.334160    51.284653   -22.740976
 -102.877460    37.127153   -22.266576
 -106.302460    21.294753   -21.179376
 -103.969160     5.312453   -20.030376
  -97.870060   -10.023647   -19.374676
  -90.330760   -24.937147   -19.513376
  -82.630360   -39.997647   -20.419176
  -74.372660   -55.077547   -21.758776
  -63.775760   -68.872847   -23.025776
  -48.925260   -79.656947   -23.831476
  -29.604460   -86.670347   -24.177676
   -8.005460   -90.460347   -24.429176
   12.987840   -91.691447   -25.006476
   32.145740   -89.854647   -26.075576
   50.218640   -83.381947   -27.408076
   68.331640   -71.280147   -28.465076
   86.141940   -54.553347   -28.728376
  101.156640   -35.473547   -28.094676
  110.068340   -15.539447   -26.959476
  101.372340     5.312453   -37.731376
   95.259340    28.214853   -36.159676
   83.858440    50.300653   -35.596876
   69.349940    67.371753   -35.516176
   52.358140    76.510353   -35.104276
   33.132640    79.018453   -33.947476
   12.589240    78.369653   -32.401976
   -8.005460    76.878953   -31.281376
  -27.942260    74.709453   -31.231076
  -47.203560    70.686853   -32.307376
  -65.616160    63.508153   -33.842776
  -81.872260    52.594153   -34.688176
  -93.495360    38.391453   -34.011876
  -98.305660    22.168153   -32.095176
  -96.338560     5.312453   -30.125876
  -90.030360   -11.462747   -29.243876
  -82.237360   -28.166047   -29.895576
  -74.081360   -44.626947   -31.706976
  -64.265260   -59.652947   -33.669176
  -50.197360   -71.556047   -34.786876
  -30.698260   -79.690047   -34.939876
   -8.005460   -84.727147   -34.978576
   14.121940   -86.928847   -35.901376
   34.086940   -84.628147   -38.021476
   52.911740   -75.339647   -40.627676
   71.546040   -58.907647   -42.302276
   88.341440   -38.356447   -42.006876
   99.287440   -16.742447   -40.051476
   86.856540     5.312453   -48.293176
   80.698040    28.470753   -45.759376
   68.537940    49.684953   -44.541376
   52.837640    64.703453   -43.883976
   34.345240    71.884953   -42.809776
   13.646040    73.834153   -41.333376
   -8.005460    73.510153   -40.478176
  -29.435460    71.379853   -41.178976
  -49.996960    66.010353   -43.269776
  -68.622260    56.081853   -45.241376
  -82.817560    41.702553   -45.284376
  -89.679460    24.241753   -43.222176
  -88.668760     5.312453   -40.853076
  -82.492460   -14.008547   -40.103076
  -74.328160   -32.905347   -41.461776
  -64.693160   -49.905847   -43.738176
  -51.185760   -63.132547   -45.032176
  -31.645160   -72.015047   -44.709576
   -8.005460   -77.477647   -44.179076
   15.121040   -79.379047   -45.269976
   35.656440   -74.858847   -48.380676
   54.570140   -61.301547   -51.881476
   71.795540   -40.711747   -53.219976
   83.876840   -17.771047   -51.479976
   70.958540     5.312453   -57.856176
   64.980040    28.392753   -54.704476
   52.271740    48.168353   -52.715676
   35.215440    61.054453   -51.149076
   14.709240    67.113753   -49.536876
   -8.005460    68.971353   -48.897076
  -31.118760    67.224953   -50.351576
  -52.803860    60.108853   -53.200476
  -70.367560    46.469753   -54.900376
  -80.175760    27.419953   -53.914876
  -80.766660     5.312453   -51.985176
  -74.807660   -17.449747   -51.767776
  -65.454660   -38.168247   -53.489576
  -52.214060   -53.954247   -54.773676
  -32.596660   -63.806947   -53.912076
   -8.005460   -68.937647   -52.624176
   16.085140   -68.978747   -53.751776
   36.844940   -60.381847   -57.569976
   54.523440   -42.002847   -61.030976
   67.227140   -18.602747   -60.925876
   55.735340     5.312453   -66.322976
   49.651740    28.283053   -62.964376
   35.583040    46.556853   -60.115776
   15.790940    57.666153   -57.812776
   -8.005460    62.436653   -57.025276
  -32.881960    60.880753   -58.930476
  -54.813760    50.577653   -61.958776
  -68.800360    30.970353   -63.014076
  -71.715360     5.312453   -62.407576
  -65.604360   -20.982847   -62.844676
  -53.205060   -41.932747   -63.824876
  -33.611760   -54.225647   -62.692276
   -8.005460   -58.843547   -60.787176
   17.010640   -55.645247   -61.986376
   37.214540   -41.709847   -66.034976
   51.191040   -19.231547   -68.228376
   41.363740     5.312453   -73.203776
   34.290340    28.412653   -69.893376
   16.697140    45.076053   -66.480076
   -8.005460    53.043053   -65.064676
  -34.336260    50.271453   -67.017676
  -54.061260    33.418453   -69.738476
  -60.206760     5.312453   -70.822776
  -52.838160   -23.262847   -71.529276
  -34.499660   -41.391947   -70.680076
   -8.005460   -46.547547   -68.648676
   17.660840   -39.257747   -70.067676
   35.332740   -19.660647   -73.455676
   26.702840     5.312453   -77.990776
   16.613240    28.555253   -74.837476
   -8.005460    40.183653   -72.557476
  -34.388560    32.766253   -74.321376
  -45.297160     5.312453   -76.577176
  -34.333160   -22.613247   -76.914976
   -8.005460   -31.486247   -75.485776
   17.163840   -19.488947   -77.072276
   10.387140     5.312453   -80.547876
   -8.005460    23.925153   -78.355876
  -27.303660     5.312453   -79.844476
   -8.005460   -13.802347   -80.031976
   -8.005460     5.312453   -81.101976
     1      2      3
     1      3      4
     1      4      5
     1      5      2
     2      6      7
     7      3      2
     3      7      8
     3      8      9
     9      4      3
     4      9     10
     4     10     11
    11      5      4
     5     11     12
     5     12     13
    13      2      5
     2     13      6
     6     14     15
    15      7      6
     7     15     16
    16      8      7
     8     16     17
     8     17     18
    18      9      8
     9     18     19
    19     10      9
    10     19     20
    10     20     21
    21     11     10
    11     21     22
    22     12     11
    12     22     23
    12     23     24
    24     13     12
    13     24     25
    25      6     13
     6     25     14
    14     26     27
    27     15     14
    15     27     28
    28     16     15
    16     28     29
    29     17     16
    17     29     30
    17     30     31
    31     18     17
    18     31     32
    32     19     18
    19     32     33
    33     20     19
    20     33     34
    20     34     35
    35     21     20
    21     35     36
    36     22     21
    22     36     37
    37     23     22
    23     37     38
    23     38     39
    39     24     23
    24     39     40
    40     25     24
    25     40     41
    41     14     25
    14     41     26
    26     42     43
    43     27     26
    27     43     44
    44     28     27
    28     44     45
    45     29     28
    29     45     46
    46     30     29
    30     46     47
    30     47     48
    48     31     30
    31     48     49
    49     32     31
    32     49     50
    50     33     32
    33     50     51
    51     34     33
    34     51     52
    34     52     53
    53     35     34
    35     53     54
    54     36     35
    36     54     55
    55     37     36
    37     55     56
    56     38     37
    38     56     57
    38     57     58
    58     39     38
    39     58     59
    59     40     39
    40     59     60
    60     41     40
    41     60     61
    61     26     41
    26     61     42
    42     62     63
    63     43     42
    43     63     64
    64     44     43
    44     64     65
    65     45     44
    45     65     66
    66     46     45
    46     66     67
    67     47     46
    47     67     68
    47     68     69
    69     48     47
    48     69     70
    70     49     48
    49     70     71
    71     50     49
    50     71     72
    72     51     50
    51     72     73
    73     52     51
    52     73     74
    52     74     75
    75     53     52
    53     75     76
    76     54     53
    54     76     77
    77     55     54
    55     77     78
    78     56     55
    56     78     79
    79     57     56
    57     79     80
    57     80     81
    81     58     57
    58     81     82
    82     59     58
    59     82     83
    83     60     59
    60     83     84
    84     61     60
    61     84     85
    85     42     61
    42     85     62
    62     86     87
    87     63     62
    63     87     88
    88     64     63
    64     88     89
    89     65     64
    65     89     90
    90     66     65
    66     90     91
    91     67     66
    67     91     92
    92     68     67
    68     92     93
    68     93     94
    94     69     68
    69     94     95
    95     70     69
    70     95     96
    96     71     70
    71     96     97
    97     72     71
    72     97     98
    98     73     72
    73     98     99
    99     74     73
    74     99    100
    74    100    101
   101     75     74
    75    101    102
   102     76     75
    76    102    103
   103     77     76
    77    103    104
   104     78     77
    78    104    105
   105     79     78
    79    105    106
   106     80     79
    80    106    107
    80    107    108
   108     81     80
    81    108    109
   109     82     81
    82    109    110
   110     83     82
    83    110    111
   111     84     83
    84    111    112
   112     85     84
    85    112    113
   113     62     85
    62    113     86
    86    114    115
   115     87     86
    87    115    116
   116     88     87
    88    116    117
   117     89     88
    89    117    118
   118     90     89
    90    118    119
   119     91     90
    91    119    120
   120     92     91
    92    120    121
   121     93     92
    93    121    122
    93    122    123
   123     94     93
    94    123    124
   124     95     94
    95    124    125
   125     96     95
    96    125    126
   126     97     96
    97    126    127
   127     98     97
    98    127    128
   128     99     98
    99    128    129
   129    100     99
   100    129    130
   100    130    131
   131    101    100
   101    131    132
   132    102    101
   102    132    133
   133    103    102
   103    133    134
   134    104    103
   104    134    135
   135    105    104
   105    135    136
   136    106    105
   106    136    137
   137    107    106
   107    137    138
   107    138    139
   139    108    107
   108    139    140
   140    109    108
   109    140    141
   141    110    109
   110    141    142
   142    111    110
   111    142    143
   143    112    111
   112    143    144
   144    113    112
   113    144    145
   145     86    113
    86    145    114
   114    146    147
   147    115    114
   115    147    148
   148    116    115
   116    148    149
   149    117    116
   117    149    150
   150    118    117
   118    150    151
   151    119    118
   119    151    152
   152    120    119
   120    152    153
   153    121    120
   121    153    154
   154    122    121
   122    154    155
   122    155    156
   156    123    122
   123    156    157
   157    124    123
   124    157    158
   158    125    124
   125    158    159
   159    126    125
   126    159    160
   160    127    126
   127    160    161
   161    128    127
   128    161    162
   162    129    128
   129    162    163
   163    130    129
   130    163    164
   130    164    165
   165    131    130
   131    165    166
   166    132    131
   132    166    167
   167    133    132
   133    167    168
   168    134    133
   134    168    169
   169    135    134
   135    169    170
   170    136    135
   136    170    171
   171    137    136
   137    171    172
   172    138    137
   138    172    173
   138    173    174
   174    139    138
   139    174    175
   175    140    139
   140    175    176
   176    141    140
   141    176    177
   177    142    141
   142    177    178
   178    143    142
   143    178    179
   179    144    143
   144    179    180
   180    145    144
   145    180    181
   181    114    145
   114    181    146
   146    182    183
   183    147    146
   147    183    184
   184    148    147
   148    184    185
   185    149    148
   149    185    186
   186    150    149
   150    186    187
   187    151    150
   151    187    188
   188    152    151
   152    188    189
   189    153    152
   153    189    190
   190    154    153
   154    190    191
   191    155    154
   155    191    192
   155    192    193
   193    156    155
   156    193    194
   194    157    156
   157    194    195
   195    158    157
   158    195    196
   196    159    158
   159    196    197
   197    160    159
   160    197    198
   198    161    160
   161    198    199
   199    162    161
   162    199    200
   200    163    162
   163    200    201
   201    164    163
   164    201    202
   164    202    203
   203    165    164
   165    203    204
   204    166    165
   166    204    205
   205    167    166
   167    205    206
   206    168    167
   168    206    207
   207    169    168
   169    207    208
   208    170    169
   170    208    209
   209    171    170
   171    209    210
   210    172    171
   172    210    211
   211    173    172
   173    211    212
   173    212    213
   213    174    173
   174    213    214
   214    175    174
   175    214    215
   215    176    175
   176    215    216
   216    177    176
   177    216    217
   217    178    177
   178    217    218
   218    179    178
   179    218    219
   219    180    179
   180    219    220
   220    181    180
   181    220    221
   221    146    181
   146    221    182
   222    183    182
   223    183    222
   223    184    183
   224    184    223
   224    185    184
   225    185    224
   225    186    185
   226    186    225
   226    187    186
   227    187    226
   227    188    187
   228    188    227
   228    189    188
   229    189    228
   229    190    189
   230    190    229
   230    191    190
   231    191    230
   231    192    191
   231    193    192
   232    193    231
   232    194    193
   233    194    232
   233    195    194
   234    195    233
   234    196    195
   235    196    234
   235    197    196
   236    197    235
   236    198    197
   237    198    236
   237    199    198
   238    199    237
   238    200    199
   239    200    238
   239    201    200
   240    201    239
   240    202    201
   240    203    202
   241    203    240
   241    204    203
   242    204    241
   242    205    204
   243    205    242
   243    206    205
   244    206    243
   244    207    206
   245    207    244
   245    208    207
   246    208    245
   246    209    208
   247    209    246
   247    210    209
   248    210    247
   248    211    210
   249    211    248
   249    212    211
   249    213    212
   250    213    249
   250    214    213
   251    214    250
   251    215    214
   252    215    251
   252    216    215
   253    216    252
   253    217    216
   254    217    253
   254    218    217
   255    218    254
   255    219    218
   256    219    255
   256    220    219
   257    220    256
   257    221    220
   222    221    257
   222    182    221
   258    223    222
   259    223    258
   259    224    223
   260    224    259
   260    225    224
   261    225    260
   261    226    225
   262    226    261
   262    227    226
   263    227    262
   263    228    227
   264    228    263
   264    229    228
   265    229    264
   265    230    229
   266    230    265
   266    231    230
   266    232    231
   267    232    266
   267    233    232
   268    233    267
   268    234    233
   269    234    268
   269    235    234
   270    235    269
   270    236    235
   271    236    270
   271    237    236
   272    237    271
   272    238    237
   273    238    272
   273    239    238
   274    239    273
   274    240    239
   274    241    240
   275    241    274
   275    242    241
   276    242    275
   276    243    242
   277    243    276
   277    244    243
   278    244    277
   278    245    244
   279    245    278
   279    246    245
   280    246    279
   280    247    246
   281    247    280
   281    248    247
   282    248    281
   282    249    248
   282    250    249
   283    250    282
   283    251    250
   284    251    283
   284    252    251
   285    252    284
   285    253    252
   286    253    285
   286    254    253
   287    254    286
   287    255    254
   288    255    287
   288    256    255
   289    256    288
   289    257    256
   258    257    289
   258    222    257
   290    259    258
   291    259    290
   291    260    259
   292    260    291
   292    261    260
   293    261    292
   293    262    261
   294    262    293
   294    263    262
   295    263    294
   295    264    263
   296    264    295
   296    265    264
   297    265    296
   297    266    265
   297    267    266
   298    267    297
   298    268    267
   299    268    298
   299    269    268
   300    269    299
   300    270    269
   301    270    300
   301    271    270
   302    271    301
   302    272    271
   303    272    302
   303    273    272
   304    273    303
   304    274    273
   304    275    274
   305    275    304
   305    276    275
   306    276    305
   306    277    276
   307    277    306
   307    278    277
   308    278    307
   308    279    278
   309    279    308
   309    280    279
   310    280    309
   310    281    280
   311    281    310
   311    282    281
   311    283    282
   312    283    311
   312    284    283
   313    284    312
   313    285    284
   314    285    313
   314    286    285
   315    286    314
   315    287    286
   316    287    315
   316    288    287
   317    288    316
   317    289    288
   290    289    317
   290    258    289
   318    291    290
   319    291    318
   319    292    291
   320    292    319
   320    293    292
   321    293    320
   321    294    293
   322    294    321
   322    295    294
   323    295    322
   323    296    295
   324    296    323
   324    297    296
   324    298    297
   325    298    324
   325    299    298
   326    299    325
   326    300    299
   327    300    326
   327    301    300
   328    301    327
   328    302    301
   329    302    328
   329    303    302
   330    303    329
   330    304    303
   330    305    304
   331    305    330
   331    306    305
   332    306    331
   332    307    306
   333    307    332
   333    308    307
   334    308    333
   334    309    308
   335    309    334
   335    310    309
   336    310    335
   336    311    310
   336    312    311
   337    312    336
   337    313    312
   338    313    337
   338    314    313
   339    314    338
   339    315    314
   340    315    339
   340    316    315
   341    316    340
   341    317    316
   318    317    341
   318    290    317
   342    319    318
   343    319    342
   343    320    319
   344    320    343
   344    321    320
   345    321    344
   345    322    321
   346    322    345
   346    323    322
   347    323    346
   347    324    323
   347    325    324
   348    325    347
   348    326    325
   349    326    348
   349    327    326
   350    327    349
   350    328    327
   351    328    350
   351    329    328
   352    329    351
   352    330    329
   352    331    330
   353    331    352
   353    332    331
   354    332    353
   354    333    332
   355    333    354
   355    334    333
   356    334    355
   356    335    334
   357    335    356
   357    336    335
   357    337    336
   358    337    357
   358    338    337
   359    338    358
   359    339    338
   360    339    359
   360    340    339
   361    340    360
   361    341    340
   342    341    361
   342    318    341
   362    343    342
   363    343    362
   363    344    343
   364    344    363
   364    345    344
   365    345    364
   365    346    345
   366    346    365
   366    347    346
   366    348    347
   367    348    366
   367    349    348
   368    349    367
   368    350    349
   369    350    368
   369    351    350
   370    351    369
   370    352    351
   370    353    352
   371    353    370
   371    354    353
   372    354    371
   372    355    354
   373    355    372
   373    356    355
   374    356    373
   374    357    356
   374    358    357
   375    358    374
   375    359    358
   376    359    375
   376    360    359
   377    360    376
   377    361    360
   362    361    377
   362    342    361
   378    363    362
   379    363    378
   379    364    363
   380    364    379
   380    365    364
   381    365    380
   381    366    365
   381    367    366
   382    367    381
   382    368    367
   383    368    382
   383    369    368
   384    369    383
   384    370    369
   384    371    370
   385    371    384
   385    372    371
   386    372    385
   386    373    372
   387    373    386
   387    374    373
   387    375    374
   388    375    387
   388    376    375
   389    376    388
   389    377    376
   378    377    389
   378    362    377
   390    379    378
   391    379    390
   391    380    379
   392    380    391
   392    381    380
   392    382    381
   393    382    392
   393    383    382
   394    383    393
   394    384    383
   394    385    384
   395    385    394
   395    386    385
   396    386    395
   396    387    386
   396    388    387
   397    388    396
   397    389    388
   390    389    397
   390    378    389
   398    391    390
   399    391    398
   399    392    391
   399    393    392
   400    393    399
   400    394    393
   400    395    394
   401    395    400
   401    396    395
   401    397    396
   398    397    401
   398    390    397
   402    399    398
   402    400    399
   402    401    400
   402    398    401
