1022 2040
    0.178419     0.236949     0.446121
    0.010715     0.404654     0.446121
   -0.043249     0.411808     0.450731
   -0.088864     0.361899     0.460140
   -0.097148     0.328863     0.464209
   -0.097148     0.236264     0.473330
    0.177670     0.236264     0.446262
   -0.185737     0.240274     0.464209
   -0.199890     0.133523     0.473330
   -0.246011     0.050838     0.469728
   -0.274156     0.025115     0.464423
   -0.315417    -0.049315     0.453028
   -0.295631    -0.198554     0.440278
   -0.248977    -0.245208     0.440278
   -0.246011    -0.233377     0.441736
    0.170646     0.183279     0.441736
    0.451218     0.262076     0.366526
    0.406278     0.370569     0.366526
    0.275898     0.423407     0.399437
    0.230881     0.262076     0.433364
    0.268725     0.430580     0.399437
    0.130954     0.438206     0.420835
    0.096535     0.452462     0.420835
   -0.009311     0.460508     0.431694
   -0.043249     0.421034     0.447933
   -0.060233     0.419743     0.446190
   -0.144292     0.384925     0.446190
   -0.147044     0.378133     0.447905
   -0.193342     0.331836     0.447905
   -0.196312     0.278171     0.456240
   -0.268093     0.104876     0.456240
   -0.352895    -0.081537     0.437611
   -0.342156    -0.222815     0.423117
   -0.318403    -0.280160     0.423117
   -0.311261    -0.409196     0.403075
   -0.262300    -0.395534     0.413371
   -0.248977    -0.367717     0.420136
   -0.323542    -0.439597     0.392310
   -0.305419    -0.484316     0.381022
   -0.262300    -0.502176     0.381022
   -0.248842    -0.533877     0.369715
   -0.203758    -0.586315     0.348143
   -0.198461    -0.590300     0.346268
   -0.119220    -0.584276     0.338139
    0.140932    -0.476518     0.338139
    0.176668    -0.474540     0.332589
    0.315472    -0.335736     0.332589
    0.540643     0.204106     0.332115
    0.494677     0.243625     0.351024
    0.352700    -0.320649     0.323191
    0.534031     0.117124     0.323191
    0.554727     0.204106     0.324587
    0.533657     0.282739     0.324587
    0.530154     0.287633     0.325758
    0.528706     0.288814     0.326363
    0.513811     0.297610     0.333065
    0.450181     0.359850     0.349446
    0.406688     0.370583     0.366346
    0.352208     0.425063     0.366346
    0.269178     0.443855     0.393610
    0.249819     0.463647     0.388515
    0.144544     0.469478     0.404864
    0.067336     0.490166     0.404864
    0.010844     0.494118     0.410842
   -0.007297     0.474691     0.423825
   -0.009311     0.471209     0.425975
   -0.121002     0.441281     0.425975
   -0.143719     0.440023     0.422447
   -0.146090     0.437598     0.423071
   -0.158983     0.434680     0.418837
   -0.259567     0.334096     0.418837
   -0.278555     0.329411     0.411459
   -0.327422     0.281611     0.398879
   -0.327869     0.273532     0.400134
   -0.423009    -0.081537     0.400134
   -0.423564    -0.081858     0.399791
   -0.458818    -0.114777     0.376233
   -0.457231    -0.137467     0.373832
   -0.394665    -0.370966     0.373832
   -0.391426    -0.429435     0.364751
   -0.379099    -0.441493     0.367925
   -0.377165    -0.450036     0.365120
   -0.306656    -0.520546     0.365120
   -0.303645    -0.532747     0.360379
   -0.288716    -0.548009     0.356450
   -0.277813    -0.566472     0.348143
   -0.195106    -0.596099     0.342688
   -0.147150    -0.647457     0.308368
   -0.137567    -0.653418     0.303810
   -0.127335    -0.658447     0.299656
   -0.046073    -0.652761     0.291057
    0.022310    -0.634438     0.291057
    0.118371    -0.629118     0.276138
    0.179801    -0.566316     0.292306
    0.226201    -0.555815     0.277070
    0.452521    -0.329495     0.277070
    0.453742    -0.324098     0.278842
    0.570497    -0.209893     0.248784
    0.590407    -0.174726     0.246471
    0.596768    -0.059885     0.264306
    0.615861     0.112871     0.278843
    0.586445     0.172716     0.303138
    0.583480     0.177483     0.305405
    0.555363     0.203738     0.324194
    0.611518    -0.004837     0.264306
    0.619000     0.102103     0.275623
    0.570460     0.242937     0.305405
    0.569728     0.243519     0.305912
    0.471628     0.374238     0.326363
    0.452135     0.382864     0.336567
    0.413197     0.421801     0.336567
    0.387390     0.428050     0.346656
    0.271210     0.505679     0.346656
    0.247842     0.510990     0.354313
    0.220150     0.536458     0.341127
    0.199572     0.537915     0.344091
    0.020579     0.573519     0.344091
    0.010844     0.561116     0.355859
   -0.141531     0.530807     0.355859
   -0.141829     0.529425     0.356945
   -0.140267     0.522706     0.362714
   -0.269575     0.444068     0.356945
   -0.280044     0.441533     0.352851
   -0.287444     0.434133     0.352851
   -0.326178     0.416993     0.332576
   -0.419198     0.277780     0.332576
   -0.447551     0.265075     0.314348
   -0.520283     0.185993     0.276691
   -0.532107     0.176600     0.268521
   -0.576341    -0.045782     0.268521
   -0.581501    -0.114777     0.275550
   -0.589602    -0.123824     0.267425
   -0.584631    -0.190289     0.260654
   -0.550384    -0.362462     0.260654
   -0.541130    -0.369814     0.267048
   -0.500595    -0.413888     0.288035
   -0.473549    -0.426007     0.305423
   -0.415188    -0.513350     0.305423
   -0.383721    -0.527274     0.321894
   -0.375090    -0.535906     0.321894
   -0.366205    -0.538057     0.325367
   -0.281074    -0.594939     0.325367
   -0.276582    -0.595960     0.326839
   -0.253503    -0.617186     0.315850
   -0.244902    -0.628013     0.308368
   -0.090699    -0.691252     0.266753
   -0.087043    -0.692678     0.264986
   -0.018476    -0.687551     0.258001
    0.025852    -0.678733     0.258001
    0.096608    -0.673723     0.247810
    0.117303    -0.654689     0.257665
    0.163974    -0.644082     0.242372
    0.288199    -0.561077     0.242372
    0.320473    -0.553263     0.229755
    0.455985    -0.417751     0.229755
    0.458967    -0.405435     0.234570
    0.560637    -0.253274     0.234570
    0.614004    -0.149070     0.234254
    0.622135    -0.034239     0.250793
    0.625041    -0.019633     0.250793
    0.631707     0.069519     0.259876
    0.615728     0.114500     0.278691
    0.599943     0.214167     0.278691
    0.599734     0.216603     0.278380
    0.580611     0.241929     0.294218
    0.534491     0.336416     0.291868
    0.578662     0.249726     0.291868
    0.534250     0.337318     0.291537
    0.504841     0.370093     0.298427
    0.499995     0.372386     0.301469
    0.422116     0.450265     0.301469
    0.411016     0.455209     0.307248
    0.346222     0.512348     0.294544
    0.347812     0.511922     0.293960
    0.215951     0.578724     0.294544
    0.163519     0.620644     0.259137
    0.020579     0.574098     0.343439
    0.212304     0.583806     0.289645
    0.145551     0.637179     0.242456
    0.019058     0.657214     0.242456
    0.019058     0.580828     0.335533
    0.004840     0.667696     0.226940
   -0.109608     0.649569     0.226940
   -0.122742     0.637482     0.239134
   -0.127385     0.628515     0.249163
    0.014766     0.661012     0.237000
   -0.133364     0.620185     0.257193
   -0.142131     0.531937     0.354454
   -0.242285     0.564686     0.257193
   -0.258061     0.542244     0.273915
   -0.274427     0.527558     0.277356
   -0.275137     0.527242     0.276987
   -0.389521     0.412857     0.276987
   -0.391167     0.412079     0.275954
   -0.454359     0.341654     0.261148
   -0.461036     0.336960     0.256173
   -0.529120     0.203339     0.256173
   -0.535897     0.176223     0.264344
   -0.579036     0.119093     0.228617
   -0.591435     0.090071     0.221167
   -0.597498     0.019188     0.230203
   -0.605901    -0.033866     0.230203
   -0.613252    -0.123824     0.238607
   -0.614709    -0.125987     0.236414
   -0.608368    -0.203583     0.229165
   -0.602017    -0.243679     0.229165
   -0.597049    -0.301769     0.221760
   -0.587969    -0.323022     0.227216
   -0.558820    -0.361624     0.251356
   -0.558039    -0.364747     0.250415
   -0.516223    -0.446817     0.250415
   -0.504269    -0.455219     0.259322
   -0.461279    -0.503130     0.269395
   -0.443596    -0.511495     0.280492
   -0.392070    -0.563021     0.280492
   -0.372758    -0.571624     0.290547
   -0.343853    -0.597561     0.284470
   -0.335551    -0.599782     0.287521
   -0.258883    -0.638847     0.287521
   -0.243442    -0.642706     0.292174
   -0.207307    -0.669992     0.269577
   -0.199157    -0.673474     0.267485
   -0.192650    -0.676473     0.265086
   -0.108546    -0.689794     0.265086
   -0.069010    -0.704822     0.246709
   -0.049856    -0.710024     0.236673
    0.007064    -0.705373     0.231356
    0.026702    -0.702262     0.231356
    0.086010    -0.697190     0.223795
    0.094947    -0.690441     0.229384
    0.144376    -0.678087     0.214489
    0.204111    -0.647650     0.214489
    0.251185    -0.635052     0.197186
    0.319112    -0.574101     0.211468
    0.344557    -0.562766     0.198220
    0.476908    -0.430415     0.198220
    0.483345    -0.415965     0.205743
    0.550062    -0.341613     0.190111
    0.563895    -0.289922     0.209110
    0.619581    -0.148516     0.228107
    0.603824    -0.211557     0.209110
    0.633074    -0.044302     0.236244
    0.624745    -0.141677     0.223831
    0.636112    -0.025120     0.236244
    0.642532     0.053444     0.243583
    0.641442     0.082461     0.238475
    0.629901     0.170122     0.238475
    0.643989     0.053444     0.240858
    0.627884     0.191068     0.236200
    0.615010     0.213924     0.252393
    0.580925     0.299461     0.249924
    0.612475     0.223293     0.249924
    0.580151     0.302081     0.249072
    0.560351     0.328723     0.258532
    0.554978     0.332961     0.263414
    0.512504     0.388314     0.263414
    0.501776     0.396102     0.271102
    0.447014     0.447331     0.275310
    0.454344     0.443533     0.271102
    0.346065     0.520231     0.282687
    0.361706     0.512790     0.275310
    0.257742     0.585874     0.251326
    0.246657     0.596303     0.240616
    0.145362     0.638261     0.240616
    0.081998     0.678143     0.188390
    0.131543     0.650236     0.223491
    0.064022     0.689496     0.171577
    0.003842     0.697419     0.171577
    0.003842     0.672014     0.219107
   -0.025104     0.711865     0.137423
   -0.091412     0.703135     0.137423
   -0.096772     0.697652     0.146361
   -0.013753     0.706946     0.149420
   -0.101965     0.693152     0.152796
   -0.190449     0.656500     0.152796
   -0.206607     0.641298     0.168407
   -0.214207     0.635649     0.171106
   -0.232149     0.612906     0.191772
   -0.334932     0.534038     0.191772
   -0.345920     0.518900     0.202620
   -0.373738     0.491083     0.202620
   -0.384247     0.470795     0.214266
   -0.475869     0.351392     0.214266
   -0.485146     0.331892     0.223462
   -0.519620     0.285506     0.206992
   -0.531092     0.246686     0.219617
   -0.569797     0.153243     0.219617
   -0.600499     0.073980     0.209767
   -0.609517    -0.019673     0.219941
   -0.613221    -0.047807     0.219941
   -0.620049    -0.125609     0.226329
   -0.619886    -0.125987     0.226729
   -0.614094    -0.191980     0.221311
   -0.611136    -0.214447     0.221311
   -0.603898    -0.289609     0.213145
   -0.585767    -0.331160     0.225071
   -0.559407    -0.394799     0.225071
   -0.558325    -0.398462     0.223880
   -0.527066    -0.440521     0.238814
   -0.520125    -0.445997     0.245120
   -0.470418    -0.510776     0.245120
   -0.459439    -0.518746     0.252988
   -0.425003    -0.553182     0.252988
   -0.410113    -0.560895     0.261536
   -0.359579    -0.599671     0.261536
   -0.341612    -0.608219     0.270010
   -0.305957    -0.634718     0.257350
   -0.287569    -0.640152     0.263329
   -0.231014    -0.663578     0.263329
   -0.160464    -0.694602     0.242283
   -0.136480    -0.696912     0.244889
   -0.091175    -0.702876     0.244889
   -0.042798    -0.713082     0.229214
   -0.030558    -0.714924     0.222753
    0.018252    -0.710640     0.218745
    0.024506    -0.709817     0.218745
    0.084602    -0.704030     0.212217
    0.084833    -0.703899     0.212381
    0.137619    -0.689618     0.198469
    0.163371    -0.678951     0.198469
    0.222000    -0.661626     0.179403
    0.249968    -0.640840     0.189333
    0.295128    -0.619355     0.168034
    0.373288    -0.559380     0.168034
    0.472299    -0.469531     0.157123
    0.399751    -0.545672     0.152844
    0.468437    -0.476986     0.152844
    0.548692    -0.369974     0.157123
    0.563532    -0.338781     0.171835
    0.587276    -0.306833     0.160491
    0.605373    -0.245591     0.180407
    0.637794    -0.139389     0.201632
    0.622343    -0.204621     0.180407
    0.638925    -0.143332     0.196560
    0.645318    -0.061252     0.210121
    0.648778    -0.034969     0.210121
    0.654424     0.029359     0.215402
    0.658767     0.050563     0.193210
    0.649240     0.135123     0.193210
    0.660711     0.029359     0.194678
    0.640490     0.184509     0.200117
    0.639056     0.187413     0.203349
    0.645590     0.170689     0.190037
    0.610305     0.269579     0.203349
    0.605456     0.281911     0.202639
    0.594651     0.295765     0.216517
    0.607604     0.278163     0.201007
    0.553017     0.361670     0.217209
    0.553755     0.360851     0.216517
    0.549079     0.366380     0.217952
    0.531639     0.381273     0.231795
    0.445592     0.467321     0.231795
    0.405242     0.503099     0.220707
    0.439472     0.474487     0.226107
    0.403957     0.504257     0.219620
    0.242584     0.605655     0.219620
    0.182230     0.647860     0.172488
    0.205757     0.634375     0.182731
    0.155151     0.664421     0.148955
    0.061505     0.697190     0.148955
    0.028943     0.713268     0.112720
    0.002662     0.726582     0.078594
   -0.026682     0.729888     0.078594
   -0.026682     0.717341     0.119955
    0.006281     0.725192     0.081830
   -0.054475     0.736720     0.045748
   -0.084854     0.733297     0.045748
   -0.085077     0.725988     0.069761
   -0.092077     0.704592     0.132676
   -0.088913     0.733416     0.040638
   -0.160269     0.708447     0.040638
   -0.168447     0.701011     0.055830
   -0.172408     0.697922     0.059798
   -0.279282     0.630768     0.059798
   -0.293188     0.618226     0.071560
   -0.293312     0.618040     0.071891
   -0.312133     0.596000     0.089385
   -0.418855     0.489279     0.089385
   -0.434480     0.468733     0.102250
   -0.436162     0.466720     0.101933
   -0.459622     0.424379     0.122724
   -0.533128     0.307395     0.122724
   -0.545778     0.282047     0.132855
   -0.547184     0.273500     0.145107
   -0.567130     0.210108     0.162397
   -0.603127     0.107236     0.162397
   -0.609852     0.083514     0.167630
   -0.609488     0.071039     0.183333
   -0.618220    -0.014048     0.190924
   -0.628085    -0.101602     0.190924
   -0.629772    -0.120003     0.192197
   -0.628650    -0.125609     0.197976
   -0.628532    -0.126897     0.197886
   -0.618129    -0.219232     0.197886
   -0.611150    -0.287236     0.191820
   -0.611227    -0.289888     0.188483
   -0.584062    -0.367521     0.188483
   -0.579634    -0.381595     0.184644
   -0.570675    -0.393083     0.196151
   -0.540813    -0.440608     0.196151
   -0.537185    -0.444630     0.199553
   -0.522607    -0.460553     0.213690
   -0.484318    -0.505662     0.222153
   -0.478736    -0.512866     0.217912
   -0.417193    -0.574409     0.217912
   -0.413453    -0.578789     0.214436
   -0.386632    -0.593649     0.227606
   -0.309576    -0.642067     0.227606
   -0.300862    -0.646415     0.231089
   -0.294875    -0.649846     0.228482
   -0.254776    -0.662464     0.239419
   -0.172614    -0.691213     0.239419
   -0.160444    -0.694663     0.242104
   -0.109699    -0.705619     0.228967
   -0.138867    -0.702626     0.226365
   -0.046360    -0.712756     0.228967
    0.031128    -0.712546     0.207678
   -0.018095    -0.717417     0.209906
    0.014090    -0.714466     0.207678
    0.083576    -0.707164     0.202999
    0.092301    -0.707419     0.192016
    0.133779    -0.695660     0.182866
    0.153126    -0.688891     0.182866
    0.219177    -0.668107     0.164851
    0.220162    -0.667945     0.163439
    0.269543    -0.643302     0.143702
    0.314528    -0.615036     0.143702
    0.362959    -0.588202     0.119921
    0.393493    -0.562681     0.124738
    0.408197    -0.551499     0.115531
    0.487104    -0.472592     0.115531
    0.489716    -0.469157     0.117681
    0.543477    -0.393401     0.127741
    0.524680    -0.427326     0.111082
    0.574517    -0.344000     0.127741
    0.594673    -0.303612     0.143883
    0.600813    -0.292899     0.139219
    0.621250    -0.227949     0.156934
    0.646847    -0.140740     0.173265
    0.631905    -0.197498     0.156934
    0.646954    -0.144410     0.168645
    0.654049    -0.070564     0.179525
    0.658505    -0.031011     0.179525
    0.662994     0.017947     0.182914
    0.668955     0.027389     0.112948
    0.658767     0.130826     0.112948
    0.668955     0.017947     0.122390
    0.655564     0.161297     0.110901
    0.655257     0.162795     0.109273
    0.626186     0.258627     0.109273
    0.625921     0.258643     0.112164
    0.624347     0.263009     0.103607
    0.585947     0.334849     0.103607
    0.584419     0.334323     0.123999
    0.575997     0.349660     0.080680
    0.508722     0.431634     0.080680
    0.508479     0.431391     0.085280
    0.479005     0.461351     0.025243
    0.348222     0.568682     0.025243
    0.323519     0.587109     0.006038
    0.289423     0.610017    -0.046745
    0.112658     0.704500    -0.046745
    0.112671     0.704285    -0.044392
    0.079944     0.718233    -0.089044
   -0.013135     0.746468    -0.089044
   -0.010951     0.741038    -0.036096
   -0.054475     0.741038     0.007428
   -0.022508     0.748394    -0.099229
   -0.055746     0.751668    -0.099229
   -0.055746     0.743027    -0.011499
   -0.058168     0.751668    -0.101651
   -0.084077     0.749116    -0.101651
   -0.085376     0.748849    -0.100239
   -0.087717     0.743027    -0.043470
   -0.092175     0.738293    -0.005913
   -0.131331     0.734909    -0.100239
   -0.139361     0.731538    -0.089856
   -0.139518     0.728989    -0.062082
   -0.160750     0.709066     0.034552
   -0.206866     0.695456    -0.089856
   -0.230305     0.682114    -0.080693
   -0.233875     0.679716    -0.075166
   -0.242507     0.673276    -0.068455
   -0.324744     0.605787    -0.068455
   -0.352949     0.580903    -0.050398
   -0.366884     0.566969    -0.050398
   -0.378702     0.553573    -0.041823
   -0.458505     0.456333    -0.041823
   -0.477312     0.431120    -0.022221
   -0.489408     0.411869    -0.022221
   -0.495468     0.401223    -0.018059
   -0.557625     0.284935    -0.018059
   -0.571587     0.254543     0.007672
   -0.573210     0.249904     0.007672
   -0.578022     0.234981     0.010841
   -0.621064     0.093090     0.010841
   -0.624801     0.075999     0.026916
   -0.626474     0.067862     0.035758
   -0.628085     0.052534     0.036788
   -0.644092    -0.109990     0.036788
   -0.644092    -0.120003     0.046801
   -0.628630    -0.276987     0.046801
   -0.628532    -0.277027     0.047756
   -0.613360    -0.291314     0.168128
   -0.626143    -0.289092     0.033649
   -0.601282    -0.371046     0.033649
   -0.597647    -0.371270     0.073268
   -0.584449    -0.385334     0.137280
   -0.592398    -0.392212     0.006281
   -0.580474    -0.414520     0.006281
   -0.573675    -0.412178     0.097002
   -0.571604    -0.427721    -0.014155
   -0.446321    -0.562793     0.122729
   -0.416096    -0.581670     0.184411
   -0.392713    -0.608698     0.102864
   -0.450669    -0.567834     0.033168
   -0.428867    -0.585726     0.033168
   -0.393083    -0.609769     0.088564
   -0.274244    -0.669206     0.134581
   -0.309833    -0.654267     0.088564
   -0.258089    -0.674416     0.138011
   -0.131580    -0.710365     0.164967
   -0.156388    -0.705266     0.138011
   -0.108833    -0.712756     0.166494
   -0.018095    -0.721692     0.166494
    0.055885    -0.714466     0.165883
   -0.017484    -0.721692     0.165883
    0.088936    -0.710992     0.163663
    0.112950    -0.706057     0.137570
    0.171959    -0.688157     0.137570
    0.212584    -0.675057     0.128945
    0.227956    -0.668604     0.109067
    0.247670    -0.659548     0.092376
    0.303751    -0.629572     0.092376
    0.349889    -0.603310     0.074339
    0.350097    -0.603171     0.074018
    0.362618    -0.593830     0.064283
    0.433309    -0.535816     0.064283
    0.445446    -0.525108     0.056513
    0.458141    -0.512414     0.056513
    0.472156    -0.496528     0.066683
    0.524448    -0.432810     0.066683
    0.535558    -0.417915     0.078262
    0.565180    -0.367265     0.092834
    0.543964    -0.404537     0.078262
    0.597893    -0.306063     0.092834
    0.606939    -0.286371     0.109506
    0.612290    -0.271078     0.109506
    0.625488    -0.230149     0.118196
    0.653177    -0.138551     0.119279
    0.652925    -0.139702     0.118196
    0.658505    -0.088146     0.122390
    0.653637    -0.134465     0.119279
    0.653637     0.027389    -0.042576
    0.653259     0.027631    -0.046169
    0.652541     0.031221    -0.049869
    0.652541     0.163887     0.082797
    0.643964     0.066110    -0.091102
    0.631451     0.177173    -0.091102
    0.635533     0.179902    -0.052138
    0.619138     0.263330     0.046840
    0.622534     0.194120    -0.114202
    0.619055     0.201166    -0.122043
    0.590046     0.284069    -0.122043
    0.595618     0.288395    -0.067241
    0.571631     0.348156     0.022427
    0.571282     0.304702    -0.160376
    0.565467     0.312159    -0.167845
    0.515986     0.390908    -0.167845
    0.519008     0.393681    -0.136343
    0.477616     0.459961    -0.001082
    0.486415     0.410751    -0.220710
    0.450462     0.441453    -0.249248
    0.356011     0.535905    -0.249248
    0.345788     0.543679    -0.255649
    0.289131     0.609170    -0.058055
    0.328963     0.550161    -0.282692
    0.286225     0.573840    -0.303678
    0.146121     0.661873    -0.303678
    0.133713     0.671550    -0.291248
    0.124816     0.676649    -0.287375
    0.113935     0.683304    -0.277919
    0.080142     0.715015    -0.124110
    0.037846     0.709929    -0.277919
    0.006508     0.725403    -0.243045
   -0.005877     0.731920    -0.226164
   -0.011047     0.733904    -0.221542
   -0.020881     0.744347    -0.138690
   -0.031047     0.736158    -0.221542
   -0.057154     0.742576    -0.190687
   -0.057154     0.744347    -0.174963
   -0.058168     0.745933    -0.159875
   -0.085357     0.745933    -0.132686
   -0.073468     0.740738    -0.190687
   -0.088193     0.741167    -0.172152
   -0.088879     0.742193    -0.162358
   -0.131397     0.733838    -0.111914
   -0.118384     0.730602    -0.172152
   -0.139129     0.724075    -0.166495
   -0.142369     0.723542    -0.161850
   -0.164880     0.712308    -0.152853
   -0.205343     0.686883    -0.152853
   -0.245361     0.664711    -0.133203
   -0.271948     0.642488    -0.137397
   -0.299377     0.621629    -0.120222
   -0.372978     0.548028    -0.120222
   -0.385266     0.537534    -0.110468
   -0.439122     0.473101    -0.100303
   -0.511873     0.355899    -0.106201
   -0.445777     0.461090    -0.106201
   -0.540835     0.302828    -0.099499
   -0.521676     0.336255    -0.114052
   -0.594149     0.143358    -0.118735
   -0.563026     0.232302    -0.118735
   -0.603787     0.109359    -0.126235
   -0.624801    -0.102584    -0.151668
   -0.603337     0.093949    -0.145633
   -0.610279     0.026303    -0.151668
   -0.625465    -0.109827    -0.152169
   -0.625721    -0.109990    -0.149741
   -0.625721    -0.289261     0.029531
   -0.603960    -0.305119    -0.147738
   -0.606837    -0.307042    -0.120280
   -0.623553    -0.117605    -0.161361
   -0.607994    -0.255694    -0.161361
   -0.603731    -0.297240    -0.157655
   -0.590072    -0.392355    -0.019065
   -0.570006    -0.413738    -0.116391
   -0.571308    -0.398434    -0.147738
   -0.567182    -0.411546    -0.144162
   -0.554632    -0.452041    -0.058920
   -0.555035    -0.452179    -0.053547
   -0.526734    -0.476176    -0.143092
   -0.566945    -0.411850    -0.144467
   -0.526603    -0.476055    -0.144467
   -0.500416    -0.518318    -0.057090
   -0.465194    -0.540344    -0.128812
   -0.500358    -0.518383    -0.057051
   -0.525738    -0.476635    -0.146013
   -0.520515    -0.481095    -0.150158
   -0.463315    -0.538296    -0.150158
   -0.428032    -0.583300     0.000793
   -0.351590    -0.613982    -0.113902
   -0.462844    -0.538477    -0.150914
   -0.457857    -0.541240    -0.153363
   -0.360504    -0.602411    -0.153363
   -0.355802    -0.606078    -0.148653
   -0.349736    -0.611594    -0.137384
   -0.309905    -0.653098     0.075824
   -0.180448    -0.678539    -0.077765
   -0.224525    -0.655407    -0.137384
   -0.206079    -0.664516    -0.116857
   -0.180182    -0.678141    -0.081559
   -0.157213    -0.703214     0.117997
   -0.019129    -0.703214    -0.020087
   -0.063736    -0.691262    -0.081559
   -0.019129    -0.702228    -0.028841
   -0.017484    -0.705789     0.004412
    0.113058    -0.705789     0.134954
    0.128621    -0.685904    -0.025965
    0.129933    -0.687868    -0.007227
    0.126336    -0.685838    -0.028841
    0.273671    -0.635149    -0.025965
    0.279870    -0.631358    -0.031352
    0.285781    -0.625982    -0.042334
    0.393189    -0.558493    -0.042334
    0.394732    -0.557102    -0.043639
    0.397095    -0.555304    -0.042159
    0.485601    -0.468443    -0.033221
    0.480602    -0.471798    -0.042159
    0.493922    -0.459218    -0.025418
    0.567858    -0.341550    -0.025418
    0.570717    -0.337884    -0.021746
    0.575146    -0.330303    -0.017493
    0.573803    -0.332498    -0.019401
    0.633327    -0.164032    -0.017493
    0.635599    -0.156017    -0.019262
    0.634988    -0.135076    -0.045621
    0.635619    -0.128936    -0.046169
    0.609610     0.066110    -0.204354
    0.605115     0.076483    -0.215318
    0.598320     0.089034    -0.231123
    0.585447     0.186808    -0.231123
    0.582926     0.212986    -0.228279
    0.574916     0.227208    -0.238355
    0.560617     0.243707    -0.258802
    0.524955     0.329805    -0.258802
    0.515786     0.339549    -0.268217
    0.496483     0.365521    -0.277439
    0.471597     0.385154    -0.300053
    0.462396     0.394091    -0.305448
    0.416451     0.453968    -0.305448
    0.377261     0.482416    -0.333532
    0.340283     0.519393    -0.333532
    0.310334     0.534907    -0.350724
    0.248715     0.582189    -0.350724
    0.224548     0.593687    -0.362122
    0.214004     0.600135    -0.362670
    0.162699     0.638265    -0.344453
    0.152032     0.648302    -0.334147
    0.109418     0.665953    -0.334147
    0.094761     0.675028    -0.325918
    0.091065     0.678232    -0.321337
    0.060585     0.695400    -0.299743
    0.037915     0.709717    -0.278540
    0.017715     0.712377    -0.278540
    0.007461     0.715681    -0.272535
   -0.006843     0.723426    -0.254521
   -0.031047     0.733914    -0.228939
   -0.031886     0.733840    -0.228870
   -0.073491     0.740001    -0.193109
   -0.053166     0.731039    -0.228870
   -0.053551     0.731002    -0.228828
   -0.074471     0.737004    -0.201921
   -0.093885     0.731751    -0.196805
   -0.112405     0.724080    -0.196805
   -0.143074     0.715017    -0.186831
   -0.151463     0.708783    -0.189810
   -0.190591     0.690167    -0.171355
   -0.235857     0.655433    -0.171355
   -0.274562     0.635383    -0.149138
   -0.358526     0.553345    -0.144103
   -0.351500     0.558446    -0.149138
   -0.452504     0.430871    -0.144103
   -0.512800     0.340121    -0.133981
   -0.465223     0.404137    -0.156711
   -0.565213     0.185663    -0.165665
   -0.541590     0.242693    -0.165665
   -0.588733     0.098727    -0.188577
   -0.598446    -0.053613    -0.220360
   -0.583876     0.081799    -0.210349
   -0.592749    -0.010341    -0.220360
   -0.604063    -0.117605    -0.225614
   -0.594758    -0.166304    -0.238197
   -0.597755    -0.132163    -0.241000
   -0.581762    -0.304428    -0.222255
   -0.586117    -0.231940    -0.238197
   -0.579796    -0.297577    -0.231066
   -0.574449    -0.331460    -0.215130
   -0.541195    -0.423066    -0.202280
   -0.552872    -0.383550    -0.215130
   -0.537240    -0.428388    -0.204169
   -0.535807    -0.431400    -0.202749
   -0.488689    -0.492805    -0.202749
   -0.486303    -0.494537    -0.204458
   -0.474767    -0.506073    -0.204458
   -0.447373    -0.520264    -0.220183
   -0.404581    -0.553099    -0.220183
   -0.379310    -0.565122    -0.232102
   -0.375518    -0.567940    -0.230756
   -0.328155    -0.581936    -0.246158
   -0.258902    -0.610622    -0.246158
   -0.245435    -0.614265    -0.249707
   -0.236302    -0.619410    -0.243237
   -0.199374    -0.622966    -0.247249
   -0.085741    -0.637926    -0.247249
   -0.073020    -0.644814    -0.231228
   -0.064774    -0.648387    -0.222513
   -0.063736    -0.651990    -0.211022
    0.126509    -0.680159    -0.047496
    0.082390    -0.629012    -0.222513
    0.127681    -0.624651    -0.217593
    0.141200    -0.628529    -0.200206
    0.142482    -0.631338    -0.191056
    0.285385    -0.624637    -0.047261
    0.284208    -0.569293    -0.200206
    0.298092    -0.565190    -0.195691
    0.306489    -0.565988    -0.183978
    0.309214    -0.569929    -0.170090
    0.390927    -0.551740    -0.067603
    0.403245    -0.491745    -0.183978
    0.403345    -0.491693    -0.183920
    0.406932    -0.491189    -0.178743
    0.411519    -0.495776    -0.160078
    0.479265    -0.470849    -0.048135
    0.495891    -0.375255    -0.178743
    0.501535    -0.370803    -0.173615
    0.501936    -0.370263    -0.173423
    0.514034    -0.329323    -0.186737
    0.581601    -0.166201    -0.186737
    0.585655    -0.151217    -0.190686
    0.584927    -0.148680    -0.193949
    0.593264    -0.062108    -0.203354
    0.608541     0.053934    -0.203354
    0.582918     0.089034    -0.259937
    0.576821     0.098088    -0.269114
    0.573426     0.139631    -0.265233
    0.563878     0.199912    -0.265233
    0.560125     0.243794    -0.259639
    0.522530     0.293582    -0.290775
    0.514417     0.309458    -0.293594
    0.500487     0.328455    -0.300053
    0.439037     0.410511    -0.322853
    0.377676     0.478895    -0.337231
    0.359463     0.487511    -0.348661
    0.349587     0.493880    -0.352838
    0.308322     0.535144    -0.352838
    0.275437     0.549794    -0.369959
    0.268032     0.554669    -0.371264
    0.209619     0.601309    -0.364282
    0.149484     0.631949    -0.364282
    0.145513     0.637483    -0.358947
    0.116771     0.659186    -0.340974
    0.061079     0.680363    -0.325918
    0.047774     0.692135    -0.309005
    0.007191     0.715659    -0.272509
   -0.019645     0.711409    -0.272509
   -0.053791     0.729636    -0.231152
   -0.081622     0.722679    -0.222765
   -0.125496     0.700325    -0.222765
   -0.154895     0.692457    -0.211959
   -0.208564     0.658649    -0.200031
   -0.176805     0.672797    -0.216566
   -0.356811     0.513372    -0.196493
   -0.351174     0.516039    -0.200031
   -0.452412     0.406830    -0.174093
   -0.539488     0.196489    -0.204630
   -0.474646     0.323748    -0.204630
   -0.568443     0.084505    -0.236605
   -0.567000     0.086417    -0.237801
   -0.582463    -0.050711    -0.249547
   -0.577126    -0.017015    -0.249547
   -0.589119    -0.132163    -0.257156
   -0.577481    -0.198047    -0.262702
   -0.582001    -0.142733    -0.267869
   -0.566281    -0.299947    -0.254060
   -0.572079    -0.232154    -0.262702
   -0.551199    -0.346782    -0.246138
   -0.561235    -0.306629    -0.258238
   -0.514626    -0.433141    -0.234850
   -0.522844    -0.402431    -0.246138
   -0.490350    -0.460195    -0.240538
   -0.425073    -0.522892    -0.243612
   -0.485454    -0.462512    -0.243612
   -0.382249    -0.551141    -0.251070
   -0.402549    -0.532925    -0.255338
   -0.301086    -0.580705    -0.268987
   -0.333505    -0.564186    -0.268987
   -0.248814    -0.594998    -0.282485
   -0.251246    -0.593162    -0.284006
   -0.178261    -0.601033    -0.291479
   -0.138200    -0.607378    -0.291479
   -0.085741    -0.611665    -0.296379
   -0.071681    -0.602197    -0.310630
   -0.034706    -0.599175    -0.307176
    0.072779    -0.582151    -0.307176
    0.136084    -0.576737    -0.299106
    0.142322    -0.572026    -0.303007
    0.173425    -0.564252    -0.293634
    0.310611    -0.505635    -0.276490
    0.266069    -0.517047    -0.293634
    0.309689    -0.505374    -0.277601
    0.319690    -0.501591    -0.271763
    0.399107    -0.422173    -0.271763
    0.412271    -0.415946    -0.263502
    0.437833    -0.387459    -0.257512
    0.441111    -0.375210    -0.262014
    0.509972    -0.240062    -0.262014
    0.518001    -0.207941    -0.271694
    0.520774    -0.202514    -0.270730
    0.557837    -0.153431    -0.240036
    0.565944    -0.058646    -0.252119
    0.576078     0.005338    -0.252119
    0.557654     0.098088    -0.292468
    0.553650     0.102560    -0.296485
    0.549640     0.156186    -0.291022
    0.522651     0.291868    -0.291022
    0.437801     0.396614    -0.332508
    0.412676     0.407871    -0.348661
    0.316877     0.508354    -0.369959
    0.242470     0.560858    -0.381258
    0.185183     0.599136    -0.381258
    0.173103     0.601882    -0.385216
    0.157968     0.615801    -0.378010
    0.150105     0.625698    -0.371171
    0.099776     0.635709    -0.371171
    0.088559     0.649999    -0.357612
    0.062233     0.673573    -0.333968
    0.061079     0.678682    -0.327966
   -0.018668     0.704650    -0.280933
    0.018471     0.664868    -0.333968
   -0.019892     0.692335    -0.294507
   -0.024314     0.691330    -0.293058
   -0.181766     0.596816    -0.283246
   -0.156669     0.602892    -0.293058
   -0.258818     0.522069    -0.281081
   -0.254684     0.523899    -0.283246
   -0.464863     0.213701    -0.281081
   -0.542697     0.088831    -0.264586
   -0.477011     0.160252    -0.298595
   -0.563501    -0.058857    -0.274224
   -0.547436     0.021909    -0.274224
   -0.569941    -0.142733    -0.282565
   -0.569758    -0.142529    -0.282748
   -0.564902    -0.210115    -0.275701
   -0.553238    -0.307424    -0.267052
   -0.557490    -0.247379    -0.275701
   -0.519350    -0.363125    -0.273445
   -0.525042    -0.338081    -0.281651
   -0.451459    -0.464731    -0.273445
   -0.403912    -0.512061    -0.273649
   -0.451070    -0.464903    -0.273649
   -0.307231    -0.561851    -0.287239
   -0.369150    -0.520478    -0.287239
   -0.252695    -0.578578    -0.300079
   -0.258952    -0.572823    -0.303059
   -0.172820    -0.584235    -0.311583
   -0.144173    -0.589933    -0.311583
   -0.071681    -0.595354    -0.318968
   -0.048332    -0.574446    -0.339938
   -0.031434    -0.566139    -0.346799
    0.013328    -0.562792    -0.342238
    0.092652    -0.547014    -0.342238
    0.145176    -0.543294    -0.334673
    0.168269    -0.522056    -0.345670
    0.211608    -0.512206    -0.331469
    0.274983    -0.469860    -0.331469
    0.312603    -0.460751    -0.316762
    0.342096    -0.431258    -0.316762
    0.356311    -0.424968    -0.309320
    0.435057    -0.307116    -0.309320
    0.437771    -0.295175    -0.313233
    0.526114    -0.127100    -0.281592
    0.549671    -0.008672    -0.281592
    0.471321     0.118843    -0.361393
    0.469511     0.144706    -0.358656
    0.488758     0.102560    -0.349740
    0.398842     0.408449    -0.358656
    0.383720     0.417378    -0.365459
    0.314872     0.484724    -0.383184
    0.278865     0.493609    -0.397174
    0.214030     0.558444    -0.397174
    0.187461     0.564458    -0.405899
    0.175072     0.577124    -0.402638
    0.174065     0.578828    -0.401871
    0.121623     0.592880    -0.401871
    0.116935     0.600985    -0.396868
    0.101533     0.617478    -0.385846
    0.099776     0.624483    -0.380384
    0.021270     0.652831    -0.344304
    0.033400     0.599222    -0.385846
    0.018998     0.598424    -0.383609
   -0.006905     0.590180    -0.376873
    0.016006     0.595366    -0.384397
   -0.240483     0.356602    -0.376873
   -0.446856     0.161511    -0.320380
   -0.240679     0.355738    -0.377157
   -0.427641     0.172858    -0.329025
   -0.511172    -0.078519    -0.320380
   -0.547658    -0.142529    -0.300885
   -0.513413    -0.110552    -0.323770
   -0.543109    -0.207553    -0.294004
   -0.514207    -0.338534    -0.289478
   -0.515821    -0.309390    -0.294004
   -0.446006    -0.405246    -0.307036
   -0.321522    -0.516435    -0.313894
   -0.428355    -0.409601    -0.313894
   -0.259831    -0.551766    -0.318271
   -0.286677    -0.524321    -0.325336
   -0.175897    -0.556415    -0.331306
   -0.129906    -0.568739    -0.331306
   -0.003661    -0.536397    -0.366674
    0.052390    -0.532476    -0.360742
    0.126589    -0.512594    -0.360742
    0.168762    -0.510258    -0.354193
    0.205678    -0.472518    -0.363909
    0.233122    -0.466306    -0.354897
    0.324106    -0.375323    -0.354897
    0.337076    -0.372122    -0.349857
    0.414759    -0.296136    -0.329858
    0.417859    -0.240158    -0.338552
    0.481362    -0.003164    -0.338552
    0.351846     0.118843    -0.425253
    0.316092     0.149583    -0.439962
    0.311273     0.212972    -0.433458
    0.218552     0.436820    -0.433458
    0.215529     0.491447    -0.424974
    0.194122     0.512855    -0.424974
    0.186354     0.532022    -0.420135
    0.127559     0.556376    -0.420135
    0.126117     0.559773    -0.418924
    0.123094     0.563288    -0.417478
    0.121623     0.567953    -0.415195
    0.018579     0.519996    -0.417478
   -0.169517     0.353308    -0.408392
    0.010658     0.500450    -0.422412
   -0.113975     0.375817    -0.422412
   -0.357344    -0.025481    -0.395006
   -0.319817    -0.009549    -0.408392
   -0.456292    -0.110552    -0.354301
   -0.454359    -0.135978    -0.351693
   -0.342238    -0.406662    -0.351693
   -0.284177    -0.451100    -0.357475
   -0.319333    -0.415944    -0.357475
   -0.258965    -0.452495    -0.361391
   -0.085462    -0.524363    -0.361391
   -0.003661    -0.530581    -0.369783
    0.032131    -0.488950    -0.386909
    0.054979    -0.487213    -0.384565
    0.204072    -0.425457    -0.384565
    0.215078    -0.398299    -0.391420
    0.240894    -0.372482    -0.391420
    0.247750    -0.248606    -0.410660
    0.341034    -0.023400    -0.410660
    0.219648     0.149583    -0.469217
    0.206307     0.161776    -0.471732
    0.185532     0.318484    -0.458344
    0.116383     0.387632    -0.458344
    0.116383     0.470948    -0.444645
    0.127559     0.494281    -0.438972
    0.113281     0.375259    -0.459868
   -0.064274     0.197704    -0.459868
   -0.208563    -0.009549    -0.442140
   -0.075646     0.111932    -0.467196
   -0.207716    -0.015941    -0.441594
    0.042279    -0.350081    -0.427759
    0.032131    -0.371268    -0.422607
    0.042279    -0.265935    -0.441594
    0.063437    -0.181556    -0.451989
    0.192912    -0.052081    -0.451989
    0.113281     0.161776    -0.480895
    0.063437     0.111932    -0.480895
     1      2      3
     1      3      4
     1      4      5
     1      5      6
     1      6      7
     5      8      9
     5      9      6
    10     11     12
    10     12     13
    10     13     14
    10     14     15
     7      6      9
     7      9     10
     7     10     15
     7     15     16
    17     18     19
    17     19     20
    20     19     21
    20     21     22
    20     22      2
    20      2      1
    22     23     24
    22     24     25
    22     25      3
    22      3      2
     3     25     26
     3     26     27
     3     27     28
     3     28      4
     4     28     29
     4     29     30
     4     30      8
     4      8      5
     9      8     30
     9     30     31
     9     31     11
     9     11     10
    12     32     33
    12     33     34
    12     34     13
    14     13     34
    14     34     35
    14     35     36
    14     36     37
    35     38     39
    35     39     40
    35     40     36
    37     36     40
    37     40     41
    37     41     42
    37     42     43
    37     43     44
    37     44     45
    16     15     14
    16     14     37
    16     37     45
    16     45     46
    16     46     47
    48     49     17
    48     17     20
    48     20      1
    48      1      7
    48      7     16
    48     16     47
    48     47     50
    48     50     51
    52     53     54
    52     54     55
    52     55     56
    52     56     49
    52     49     48
    56     57     58
    56     58     18
    56     18     17
    56     17     49
    58     59     60
    58     60     21
    58     21     19
    58     19     18
    21     60     61
    21     61     62
    21     62     23
    21     23     22
    62     63     64
    62     64     65
    62     65     66
    62     66     24
    62     24     23
    24     66     67
    24     67     26
    24     26     25
    26     67     68
    26     68     69
    26     69     27
    27     69     70
    27     70     71
    27     71     29
    27     29     28
    29     71     72
    29     72     73
    29     73     74
    29     74     31
    29     31     30
    31     74     75
    31     75     32
    31     32     12
    31     12     11
    75     76     77
    75     77     78
    75     78     79
    75     79     33
    75     33     32
    34     33     79
    34     79     80
    34     80     81
    34     81     38
    34     38     35
    81     82     83
    81     83     39
    81     39     38
    40     39     83
    40     83     84
    40     84     85
    40     85     41
    41     85     86
    41     86     42
    43     87     88
    43     88     89
    43     89     90
    43     90     91
    43     91     92
    43     92     44
    45     44     92
    45     92     93
    45     93     94
    45     94     46
    47     46     94
    47     94     95
    47     95     96
    47     96     97
    47     97     50
    51     50     97
    51     97     98
    51     98     99
    51     99    100
   101    102    103
   101    103    104
   101    104     52
   101     52     48
   101     48     51
   101     51    100
   101    100    105
   101    105    106
   103    107    108
   103    108    104
   104    108     53
   104     53     52
    55    109    110
    55    110     57
    55     57     56
   110    111    112
   110    112     59
   110     59     58
   110     58     57
   112    113    114
   112    114     61
   112     61     60
   112     60     59
    61    114    115
    61    115    116
    61    116     63
    61     63     62
   117    118     64
   117     64     63
   117     63    116
    64    118    119
    64    119    120
    64    120    121
    64    121     65
    65    121     68
    65     68     67
    65     67     66
    68    121    120
    68    120    122
    68    122     70
    68     70     69
    70    122    123
    70    123    124
    70    124     72
    70     72     71
    72    124    125
    72    125    126
    72    126     73
    73    126    127
    73    127    128
    73    128     76
    73     76     75
    73     75     74
   128    129    130
   128    130    131
   128    131     77
   128     77     76
    77    131    132
    77    132    133
    77    133    134
    77    134    135
    77    135     78
    79     78    135
    79    135    136
    79    136    137
    79    137     80
    80    137    138
    80    138    139
    80    139     82
    80     82     81
    83     82    139
    83    139    140
    83    140    141
    83    141     84
    84    141    142
    84    142    143
    84    143     86
    84     86     85
    42     86    143
    42    143    144
    42    144     87
    42     87     43
   144    145     88
   144     88     87
    90    146    147
    90    147    148
    90    148    149
    90    149     91
    92     91    149
    92    149    150
    92    150    151
    92    151     93
    94     93    151
    94    151    152
    94    152    153
    94    153     95
    96     95    153
    96    153    154
    96    154    155
    96    155    156
    98     97     96
    98     96    156
    98    156    157
   100     99    158
   100    158    159
   100    159    105
   106    105    159
   106    159    160
   106    160    161
   162    163    102
   162    102    101
   164    165    107
   164    107    103
   164    103    102
   164    102    163
   166     54     53
   166     53    108
   166    108    107
   166    107    165
   166    165    167
   168    169    170
   168    170    109
   168    109     55
   168     55     54
   168     54    166
   170    171    172
   170    172    111
   170    111    110
   170    110    109
   173    113    112
   173    112    111
   173    111    172
   173    172    174
   175    115    114
   175    114    113
   175    113    173
   176    177    117
   176    117    116
   176    116    115
   176    115    175
   176    175    178
   179    180    181
   179    181    177
   179    177    176
   182    183    184
   182    184    185
   182    185    181
   182    181    180
   182    180    186
   181    185    187
   181    187    188
   181    188    119
   181    119    118
   181    118    117
   181    117    177
   187    189    190
   187    190    188
   188    190    191
   188    191    123
   188    123    122
   188    122    120
   188    120    119
   123    191    192
   123    192    193
   123    193    125
   123    125    124
   125    193    194
   125    194    195
   125    195    127
   125    127    126
   127    195    196
   127    196    197
   127    197    198
   127    198    129
   127    129    128
   198    199    200
   198    200    201
   198    201    130
   198    130    129
   130    201    202
   130    202    203
   130    203    132
   130    132    131
   132    203    204
   132    204    205
   132    205    206
   132    206    133
   133    206    207
   133    207    208
   133    208    209
   133    209    134
   135    134    209
   135    209    210
   135    210    211
   135    211    212
   135    212    136
   136    212    213
   136    213    214
   136    214    138
   136    138    137
   138    214    215
   138    215    216
   138    216    140
   138    140    139
   140    216    217
   140    217    218
   140    218    142
   140    142    141
   143    142    218
   143    218    219
   143    219    220
   143    220    145
   143    145    144
    88    145    220
    88    220    221
    88    221    222
    88    222     89
    89    222    223
    89    223    224
    89    224    146
    89    146     90
   147    225    226
   147    226    227
   147    227    228
   147    228    148
   149    148    228
   149    228    229
   149    229    230
   149    230    150
   151    150    230
   151    230    231
   151    231    232
   151    232    152
   153    152    232
   153    232    233
   153    233    234
   153    234    154
   155    154    234
   155    234    235
   155    235    236
   155    236    237
   157    156    155
   157    155    237
   157    237    238
   157    238    239
   240    158     99
   240     99     98
   240     98    157
   240    157    239
   240    239    241
   242    160    159
   242    159    158
   242    158    240
   242    240    243
   161    160    242
   161    242    244
   161    244    245
   246    247    162
   246    162    101
   246    101    106
   246    106    161
   246    161    245
   246    245    248
   249    250    164
   249    164    163
   249    163    162
   249    162    247
   251    167    165
   251    165    164
   251    164    250
   251    250    252
   253    254    255
   253    255    168
   253    168    166
   253    166    167
   253    167    251
   256    257    169
   256    169    168
   256    168    255
   258    171    170
   258    170    169
   258    169    257
   258    257    259
   260    174    172
   260    172    171
   260    171    258
   260    258    261
   262    178    175
   262    175    173
   262    173    174
   262    174    260
   263    264    179
   263    179    176
   263    176    178
   263    178    262
   265    186    180
   265    180    179
   265    179    264
   265    264    266
   267    268    269
   267    269    182
   267    182    186
   267    186    265
   270    271    272
   270    272    269
   270    269    268
   270    268    273
   269    272    274
   269    274    183
   269    183    182
   274    275    276
   274    276    184
   274    184    183
   184    276    277
   184    277    278
   184    278    189
   184    189    187
   184    187    185
   278    279    280
   278    280    192
   278    192    191
   278    191    190
   278    190    189
   192    280    281
   192    281    282
   192    282    194
   192    194    193
   194    282    283
   194    283    284
   194    284    196
   194    196    195
   196    284    285
   196    285    286
   196    286    197
   197    286    287
   197    287    199
   197    199    198
   200    288    289
   200    289    202
   200    202    201
   202    289    290
   202    290    291
   202    291    292
   202    292    204
   202    204    203
   204    292    293
   204    293    294
   204    294    205
   205    294    295
   205    295    207
   205    207    206
   209    208    296
   209    296    297
   209    297    210
   210    297    298
   210    298    299
   210    299    300
   210    300    211
   211    300    301
   211    301    302
   211    302    213
   211    213    212
   213    302    303
   213    303    304
   213    304    215
   213    215    214
   215    304    305
   215    305    306
   215    306    217
   215    217    216
   218    217    306
   218    306    307
   218    307    308
   218    308    219
   219    308    309
   219    309    221
   219    221    220
   223    310    311
   223    311    224
   224    311    312
   224    312    225
   224    225    147
   224    147    146
   227    226    313
   227    313    314
   227    314    315
   227    315    316
   229    228    227
   229    227    316
   229    316    317
   229    317    318
   231    230    229
   231    229    318
   231    318    319
   231    319    320
   233    232    231
   233    231    320
   233    320    321
   233    321    322
   235    234    233
   235    233    322
   235    322    323
   235    323    324
   325    236    235
   325    235    324
   325    324    326
   325    326    327
   238    237    236
   238    236    325
   238    325    328
   238    328    329
   241    239    238
   241    238    329
   241    329    330
   241    330    331
   332    243    240
   332    240    241
   332    241    331
   332    331    333
   332    333    334
   335    244    242
   335    242    243
   335    243    332
   248    245    244
   248    244    335
   248    335    336
   248    336    337
   338    339    246
   338    246    248
   338    248    337
   338    337    340
   341    342    249
   341    249    247
   341    247    246
   341    246    339
   341    339    343
   344    252    250
   344    250    249
   344    249    342
   345    346    253
   345    253    251
   345    251    252
   345    252    344
   345    344    347
   348    254    253
   348    253    346
   348    346    349
   350    351    256
   350    256    255
   350    255    254
   350    254    348
   352    259    257
   352    257    256
   352    256    351
   353    261    258
   353    258    259
   353    259    352
   353    352    354
   355    356    263
   355    263    262
   355    262    260
   355    260    261
   355    261    353
   357    266    264
   357    264    263
   357    263    356
   357    356    358
   359    360    267
   359    267    265
   359    265    266
   359    266    357
   361    273    268
   361    268    267
   361    267    360
   362    363    364
   362    364    270
   362    270    273
   362    273    361
   362    361    365
   366    367    368
   366    368    364
   366    364    363
   364    368    369
   364    369    271
   364    271    270
   370    371    372
   370    372    369
   370    369    368
   370    368    367
   369    372    373
   369    373    275
   369    275    274
   369    274    272
   369    272    271
   373    374    375
   373    375    376
   373    376    277
   373    277    276
   373    276    275
   277    376    377
   277    377    279
   277    279    278
   377    378    379
   377    379    281
   377    281    280
   377    280    279
   281    379    380
   281    380    381
   281    381    283
   281    283    282
   283    381    382
   283    382    383
   283    383    384
   283    384    285
   283    285    284
   285    384    385
   285    385    287
   285    287    286
   287    385    386
   287    386    387
   287    387    388
   287    388    288
   287    288    200
   287    200    199
   388    389    290
   388    290    289
   388    289    288
   290    389    390
   290    390    391
   290    391    392
   290    392    291
   291    392    393
   291    393    394
   291    394    293
   291    293    292
   293    394    395
   293    395    295
   293    295    294
   207    295    395
   207    395    396
   207    396    397
   207    397    296
   207    296    208
   296    397    398
   296    398    399
   296    399    298
   296    298    297
   298    399    400
   298    400    401
   298    401    402
   298    402    299
   299    402    403
   299    403    301
   299    301    300
   301    403    404
   301    404    405
   301    405    303
   301    303    302
   303    405    406
   303    406    407
   303    407    305
   303    305    304
   306    305    407
   306    407    408
   306    408    409
   306    409    307
   307    409    410
   307    410    411
   307    411    309
   307    309    308
   221    309    411
   221    411    412
   221    412    413
   221    413    310
   221    310    223
   221    223    222
   414    312    311
   414    311    310
   414    310    413
   414    413    415
   313    226    225
   313    225    312
   313    312    414
   313    414    416
   417    315    314
   417    314    418
   417    418    419
   316    315    417
   316    417    420
   316    420    317
   318    317    420
   318    420    421
   318    421    422
   318    422    423
   318    423    319
   320    319    423
   320    423    424
   320    424    321
   322    321    424
   322    424    425
   322    425    426
   322    426    427
   322    427    323
   324    323    427
   324    427    428
   324    428    429
   324    429    326
   327    326    429
   327    429    430
   327    430    431
   327    431    432
   433    328    325
   433    325    327
   433    327    432
   433    432    434
   330    329    328
   330    328    433
   330    433    435
   330    435    436
   333    331    330
   333    330    436
   333    436    437
   333    437    438
   439    334    333
   439    333    438
   439    438    440
   439    440    441
   442    336    335
   442    335    332
   442    332    334
   442    334    439
   340    337    336
   340    336    442
   340    442    443
   340    443    444
   445    446    338
   445    338    340
   445    340    444
   445    444    447
   448    343    339
   448    339    338
   448    338    446
   449    450    451
   449    451    341
   449    341    343
   449    343    448
   451    347    344
   451    344    342
   451    342    341
   452    453    454
   452    454    345
   452    345    347
   452    347    451
   452    451    450
   454    349    346
   454    346    345
   455    456    457
   455    457    350
   455    350    348
   455    348    349
   455    349    454
   455    454    453
   457    354    352
   457    352    351
   457    351    350
   458    459    355
   458    355    353
   458    353    354
   458    354    457
   458    457    456
   460    358    356
   460    356    355
   460    355    459
   461    462    463
   461    463    359
   461    359    357
   461    357    358
   461    358    460
   463    365    361
   463    361    360
   463    360    359
   464    465    466
   464    466    362
   464    362    365
   464    365    463
   464    463    462
   466    467    366
   466    366    363
   466    363    362
   468    469    470
   468    470    467
   468    467    466
   468    466    465
   471    472    473
   471    473    474
   471    474    470
   471    470    469
   470    474    475
   470    475    370
   470    370    367
   470    367    366
   470    366    467
   473    476    477
   473    477    478
   473    478    475
   473    475    474
   475    478    479
   475    479    371
   475    371    370
   477    480    481
   477    481    482
   477    482    479
   477    479    478
   479    482    483
   479    483    374
   479    374    373
   479    373    372
   479    372    371
   483    484    485
   483    485    375
   483    375    374
   375    485    486
   375    486    487
   375    487    378
   375    378    377
   375    377    376
   487    488    489
   487    489    380
   487    380    379
   487    379    378
   380    489    490
   380    490    491
   380    491    382
   380    382    381
   382    491    492
   382    492    493
   382    493    383
   383    493    494
   383    494    495
   383    495    386
   383    386    385
   383    385    384
   386    495    496
   386    496    497
   386    497    498
   386    498    387
   387    498    499
   387    499    390
   387    390    389
   387    389    388
   499    500    501
   499    501    391
   499    391    390
   391    501    502
   391    502    503
   391    503    393
   391    393    392
   395    394    393
   395    393    503
   395    503    504
   395    504    396
   503    502    505
   503    505    506
   503    506    507
   503    507    504
   396    504    507
   396    507    508
   396    508    398
   396    398    397
   507    506    509
   507    509    510
   507    510    511
   507    511    508
   398    508    511
   398    511    400
   398    400    399
   400    511    510
   400    510    512
   400    512    401
   406    405    404
   406    404    513
   406    513    514
   515    514    513
   515    513    516
   515    516    517
   515    517    518
   408    407    406
   408    406    514
   408    514    515
   519    410    409
   519    409    408
   519    408    515
   519    515    518
   519    518    520
   412    411    410
   412    410    519
   412    519    521
   522    415    413
   522    413    412
   522    412    521
   522    521    523
   524    416    414
   524    414    415
   524    415    522
   525    418    314
   525    314    313
   525    313    416
   525    416    524
   526    419    418
   526    418    525
   526    525    527
   528    421    420
   528    420    417
   528    417    419
   528    419    526
   422    421    528
   422    528    529
   422    529    530
   424    423    422
   424    422    530
   424    530    531
   424    531    425
   425    531    532
   425    532    533
   425    533    534
   425    534    426
   427    426    534
   427    534    535
   427    535    428
   429    428    535
   429    535    536
   429    536    537
   429    537    538
   429    538    430
   431    430    538
   431    538    539
   431    539    540
   431    540    541
   434    432    431
   434    431    541
   434    541    542
   434    542    543
   544    435    433
   544    433    434
   544    434    543
   544    543    545
   437    436    435
   437    435    544
   437    544    546
   437    546    547
   440    438    437
   440    437    547
   440    547    548
   440    548    549
   550    441    440
   550    440    549
   550    549    551
   552    443    442
   552    442    439
   552    439    441
   552    441    550
   552    550    553
   447    444    443
   447    443    552
   554    555    556
   554    556    557
   554    557    449
   554    449    448
   554    448    446
   554    446    445
   556    558    559
   556    559    560
   556    560    557
   557    560    561
   557    561    452
   557    452    450
   557    450    449
   559    562    563
   559    563    564
   559    564    565
   559    565    561
   559    561    560
   561    565    566
   561    566    455
   561    455    453
   561    453    452
   564    567    568
   564    568    569
   564    569    570
   564    570    566
   564    566    565
   566    570    571
   566    571    458
   566    458    456
   566    456    455
   569    572    573
   569    573    574
   569    574    571
   569    571    570
   571    574    575
   571    575    576
   571    576    461
   571    461    460
   571    460    459
   571    459    458
   575    577    578
   575    578    579
   575    579    580
   575    580    576
   576    580    581
   576    581    582
   576    582    583
   576    583    464
   576    464    462
   576    462    461
   582    584    585
   582    585    586
   582    586    583
   583    586    587
   583    587    588
   583    588    468
   583    468    465
   583    465    464
   587    589    590
   587    590    591
   587    591    588
   588    591    592
   588    592    471
   588    471    469
   588    469    468
   592    593    472
   592    472    471
   590    594    595
   590    595    596
   590    596    593
   590    593    592
   590    592    591
   596    597    476
   596    476    473
   596    473    472
   596    472    593
   595    598    599
   595    599    600
   595    600    597
   595    597    596
   600    601    480
   600    480    477
   600    477    476
   600    476    597
   602    603    481
   602    481    480
   602    480    601
   481    603    604
   481    604    605
   481    605    484
   481    484    483
   481    483    482
   605    606    607
   605    607    486
   605    486    485
   605    485    484
   486    607    608
   486    608    488
   486    488    487
   609    490    489
   609    489    488
   609    488    608
   609    608    610
   611    492    491
   611    491    490
   611    490    609
   611    609    612
   613    494    493
   613    493    492
   613    492    611
   613    611    614
   615    496    495
   615    495    494
   615    494    613
   616    497    496
   616    496    615
   616    615    617
   616    617    618
   619    620    500
   619    500    499
   619    499    498
   619    498    497
   619    497    616
   621    505    502
   621    502    501
   621    501    500
   621    500    620
   622    623    621
   622    621    620
   622    620    619
   622    619    624
   622    624    625
   622    625    626
   509    506    505
   509    505    621
   509    621    623
   509    623    627
   628    627    623
   628    623    622
   628    622    629
   628    629    630
   512    510    509
   512    509    627
   512    627    628
   512    628    631
   512    631    632
   633    631    628
   633    628    630
   633    630    634
   633    634    635
   636    632    631
   636    631    633
   637    638    636
   637    636    633
   637    633    635
   637    635    639
   637    639    640
   637    640    641
   517    516    638
   517    638    637
   517    637    642
   643    642    637
   643    637    641
   643    641    644
   643    644    645
   643    645    646
   643    646    647
   643    647    648
   520    518    517
   520    517    642
   520    642    643
   520    643    649
   650    649    643
   650    643    648
   650    648    651
   650    651    652
   650    652    653
   523    521    519
   523    519    520
   523    520    649
   523    649    650
   523    650    654
   655    654    650
   655    650    653
   655    653    656
   655    656    657
   658    527    525
   658    525    524
   658    524    522
   658    522    523
   658    523    654
   658    654    655
   659    529    528
   659    528    526
   659    526    527
   659    527    658
   660    661    659
   660    659    658
   660    658    655
   660    655    657
   660    657    662
   532    531    530
   532    530    529
   532    529    659
   532    659    661
   663    533    532
   663    532    661
   663    661    660
   535    534    533
   535    533    663
   535    663    664
   535    664    536
   537    536    664
   537    664    665
   537    665    666
   539    538    537
   539    537    666
   539    666    667
   539    667    668
   669    540    539
   669    539    668
   669    668    670
   542    541    540
   542    540    669
   542    669    671
   545    543    542
   545    542    671
   545    671    672
   545    672    673
   674    546    544
   674    544    545
   674    545    673
   674    673    675
   548    547    546
   548    546    674
   548    674    676
   551    549    548
   551    548    676
   551    676    677
   553    550    551
   553    551    677
   553    677    678
   553    678    679
   553    679    555
   553    555    554
   554    445    447
   554    447    552
   554    552    553
   680    681    562
   680    562    559
   680    559    558
   682    683    684
   682    684    563
   682    563    562
   682    562    681
   563    684    685
   563    685    567
   563    567    564
   685    686    687
   685    687    568
   685    568    567
   568    687    688
   568    688    689
   568    689    572
   568    572    569
   689    690    691
   689    691    692
   689    692    573
   689    573    572
   573    692    693
   573    693    694
   573    694    577
   573    577    575
   573    575    574
   694    695    696
   694    696    578
   694    578    577
   578    696    697
   578    697    698
   578    698    699
   578    699    700
   578    700    579
   579    700    701
   579    701    702
   579    702    703
   579    703    581
   579    581    580
   581    703    704
   581    704    705
   581    705    584
   581    584    582
   705    706    707
   705    707    708
   705    708    585
   705    585    584
   585    708    709
   585    709    589
   585    589    587
   585    587    586
   709    710    711
   709    711    594
   709    594    590
   709    590    589
   712    713    714
   712    714    711
   712    711    710
   711    714    715
   711    715    598
   711    598    595
   711    595    594
   715    716    717
   715    717    599
   715    599    598
   599    717    718
   599    718    719
   599    719    602
   599    602    601
   599    601    600
   719    720    721
   719    721    604
   719    604    603
   719    603    602
   722    606    605
   722    605    604
   722    604    721
   722    721    723
   724    610    608
   724    608    607
   724    607    606
   724    606    722
   725    612    609
   725    609    610
   725    610    724
   725    724    726
   727    614    611
   727    611    612
   727    612    725
   727    725    728
   729    617    615
   729    615    613
   729    613    614
   729    614    727
   730    618    617
   730    617    729
   730    729    731
   730    731    732
   733    624    619
   733    619    616
   733    616    618
   733    618    730
   734    625    624
   734    624    733
   734    733    735
   736    626    625
   736    625    734
   736    734    737
   736    737    738
   739    629    622
   739    622    626
   739    626    736
   740    634    630
   740    630    629
   740    629    739
   740    739    741
   635    634    740
   635    740    742
   635    742    743
   635    743    639
   639    743    744
   639    744    640
   641    640    744
   641    744    745
   641    745    746
   641    746    644
   644    746    747
   644    747    748
   644    748    645
   645    748    749
   645    749    750
   645    750    646
   646    750    751
   646    751    752
   646    752    647
   648    647    752
   648    752    753
   648    753    754
   648    754    651
   652    651    754
   652    754    755
   652    755    756
   652    756    757
   656    653    652
   656    652    757
   656    757    758
   656    758    759
   662    657    656
   662    656    759
   662    759    760
   760    759    758
   760    758    761
   760    761    762
   760    762    763
   760    763    764
   665    664    663
   665    663    660
   665    660    662
   665    662    760
   665    760    764
   665    764    765
   765    764    763
   765    763    766
   765    766    767
   765    767    768
   765    768    769
   667    666    665
   667    665    765
   667    765    769
   667    769    770
   770    769    768
   770    768    771
   770    771    772
   770    772    773
   770    773    774
   670    668    667
   670    667    770
   670    770    774
   670    774    775
   775    774    773
   775    773    776
   775    776    777
   672    671    669
   672    669    670
   672    670    775
   672    775    777
   672    777    778
   675    673    672
   675    672    778
   675    778    779
   675    779    780
   677    676    674
   677    674    675
   677    675    780
   677    780    781
   677    781    678
   678    781    782
   678    782    783
   678    783    784
   678    784    679
   679    784    680
   679    680    558
   679    558    556
   679    556    555
   785    786    787
   785    787    683
   785    683    682
   787    788    789
   787    789    686
   787    686    685
   787    685    684
   787    684    683
   789    790    791
   789    791    688
   789    688    687
   789    687    686
   688    791    792
   688    792    690
   688    690    689
   691    793    794
   691    794    693
   691    693    692
   693    794    795
   693    795    796
   693    796    797
   693    797    695
   693    695    694
   797    798    799
   797    799    697
   797    697    696
   797    696    695
   698    800    801
   698    801    802
   698    802    699
   699    802    803
   699    803    701
   699    701    700
   702    804    805
   702    805    704
   702    704    703
   704    805    706
   704    706    705
   707    806    712
   707    712    710
   707    710    709
   707    709    708
   807    808    713
   807    713    712
   807    712    806
   809    716    715
   809    715    714
   809    714    713
   809    713    808
   810    811    718
   810    718    717
   810    717    716
   810    716    809
   812    720    719
   812    719    718
   812    718    811
   812    811    813
   814    723    721
   814    721    720
   814    720    812
   814    812    815
   816    726    724
   816    724    722
   816    722    723
   816    723    814
   817    728    725
   817    725    726
   817    726    816
   817    816    818
   819    731    729
   819    729    727
   819    727    728
   819    728    817
   819    817    820
   821    732    731
   821    731    819
   821    819    822
   823    735    733
   823    733    730
   823    730    732
   823    732    821
   824    737    734
   824    734    735
   824    735    823
   824    823    825
   826    738    737
   826    737    824
   826    824    827
   828    741    739
   828    739    736
   828    736    738
   828    738    826
   828    826    829
   830    742    740
   830    740    741
   830    741    828
   830    828    831
   745    744    743
   745    743    742
   745    742    830
   745    830    832
   833    747    746
   833    746    745
   833    745    832
   833    832    834
   835    749    748
   835    748    747
   835    747    833
   835    833    836
   837    751    750
   837    750    749
   837    749    835
   837    835    838
   839    753    752
   839    752    751
   839    751    837
   839    837    840
   754    753    839
   754    839    841
   754    841    842
   754    842    755
   756    755    842
   756    842    843
   758    757    756
   758    756    843
   758    843    844
   758    844    845
   758    845    761
   761    845    846
   761    846    847
   761    847    762
   763    762    847
   763    847    848
   763    848    849
   763    849    766
   850    767    766
   850    766    849
   850    849    851
   850    851    852
   768    767    850
   768    850    853
   768    853    771
   772    771    853
   772    853    854
   772    854    855
   776    773    772
   776    772    855
   776    855    856
   778    777    776
   778    776    856
   778    856    857
   778    857    858
   778    858    779
   780    779    858
   780    858    859
   780    859    860
   780    860    861
   780    861    782
   780    782    781
   782    861    862
   782    862    863
   782    863    783
   783    863    785
   783    785    682
   783    682    681
   783    681    680
   783    680    784
   864    865    866
   864    866    788
   864    788    787
   864    787    786
   866    867    790
   866    790    789
   866    789    788
   792    868    793
   792    793    691
   792    691    690
   795    794    793
   795    793    868
   795    868    869
   870    798    797
   870    797    796
   697    799    871
   697    871    872
   697    872    800
   697    800    698
   872    873    874
   872    874    875
   872    875    801
   872    801    800
   801    875    876
   801    876    877
   801    877    803
   801    803    802
   701    803    877
   701    877    878
   701    878    879
   701    879    804
   701    804    702
   879    880    807
   879    807    806
   879    806    707
   879    707    706
   879    706    805
   879    805    804
   878    881    882
   878    882    880
   878    880    879
   882    883    810
   882    810    809
   882    809    808
   882    808    807
   882    807    880
   884    813    811
   884    811    810
   884    810    883
   884    883    885
   886    815    812
   886    812    813
   886    813    884
   886    884    887
   888    818    816
   888    816    814
   888    814    815
   888    815    886
   889    820    817
   889    817    818
   889    818    888
   889    888    890
   891    822    819
   891    819    820
   891    820    889
   891    889    892
   893    825    823
   893    823    821
   893    821    822
   893    822    891
   893    891    894
   895    827    824
   895    824    825
   895    825    893
   896    829    826
   896    826    827
   896    827    895
   896    895    897
   898    831    828
   898    828    829
   898    829    896
   898    896    899
   834    832    830
   834    830    831
   834    831    898
   834    898    900
   901    836    833
   901    833    834
   901    834    900
   901    900    902
   903    838    835
   903    835    836
   903    836    901
   903    901    904
   905    840    837
   905    837    838
   905    838    903
   905    903    906
   907    908    841
   907    841    839
   907    839    840
   907    840    905
   843    842    841
   843    841    908
   843    908    909
   843    909    844
   844    909    910
   844    910    911
   844    911    912
   844    912    846
   844    846    845
   847    846    912
   847    912    913
   847    913    914
   847    914    848
   849    848    914
   849    914    915
   849    915    916
   849    916    851
   852    851    916
   852    916    917
   852    917    918
   854    853    850
   854    850    852
   854    852    918
   854    918    919
   854    919    920
   856    855    854
   856    854    920
   856    920    921
   856    921    857
   858    857    921
   858    921    922
   858    922    859
   860    923    924
   860    924    862
   860    862    861
   862    924    864
   862    864    786
   862    786    785
   862    785    863
   925    926    867
   925    867    866
   925    866    865
   925    865    927
   928    869    868
   928    868    792
   928    792    791
   928    791    790
   928    790    867
   928    867    926
   929    930    870
   929    870    796
   929    796    795
   929    795    869
   929    869    928
   931    932    871
   931    871    799
   931    799    798
   931    798    870
   931    870    930
   933    934    935
   933    935    873
   933    873    872
   933    872    871
   933    871    932
   935    936    937
   935    937    874
   935    874    873
   874    937    938
   874    938    939
   874    939    876
   874    876    875
   877    876    939
   877    939    940
   877    940    881
   877    881    878
   939    938    941
   939    941    942
   939    942    940
   943    885    883
   943    883    882
   943    882    881
   943    881    940
   943    940    942
   943    942    944
   945    887    884
   945    884    885
   945    885    943
   946    890    888
   946    888    886
   946    886    887
   946    887    945
   946    945    947
   946    947    948
   949    892    889
   949    889    890
   949    890    946
   950    894    891
   950    891    892
   950    892    949
   950    949    951
   952    897    895
   952    895    893
   952    893    894
   952    894    950
   953    899    896
   953    896    897
   953    897    952
   953    952    954
   902    900    898
   902    898    899
   902    899    953
   902    953    955
   956    904    901
   956    901    902
   956    902    955
   956    955    957
   958    906    903
   958    903    904
   958    904    956
   958    956    959
   960    961    907
   960    907    905
   960    905    906
   960    906    958
   910    909    908
   910    908    907
   910    907    961
   913    912    911
   913    911    962
   913    962    963
   915    914    913
   915    913    963
   915    963    964
   915    964    965
   917    916    915
   917    915    965
   917    965    966
   917    966    967
   919    918    917
   919    917    967
   919    967    968
   919    968    969
   921    920    919
   921    919    969
   921    969    970
   921    970    922
   859    922    970
   859    970    971
   859    971    972
   859    972    923
   859    923    860
   972    927    865
   972    865    864
   972    864    924
   972    924    923
   973    974    975
   973    975    929
   973    929    928
   973    928    926
   973    926    925
   975    976    977
   975    977    931
   975    931    930
   975    930    929
   977    978    979
   977    979    933
   977    933    932
   977    932    931
   979    980    981
   979    981    934
   979    934    933
   982    983    936
   982    936    935
   982    935    934
   982    934    981
   941    938    937
   941    937    936
   941    936    983
   944    942    941
   944    941    983
   944    983    982
   944    982    984
   985    947    945
   985    945    943
   985    943    944
   985    944    984
   985    984    986
   985    986    987
   988    948    947
   988    947    985
   988    985    989
   990    951    949
   990    949    946
   990    946    948
   990    948    988
   991    954    952
   991    952    950
   991    950    951
   991    951    990
   957    955    953
   957    953    954
   957    954    991
   957    991    992
   993    959    956
   993    956    957
   993    957    992
   993    992    994
   995    996    960
   995    960    958
   995    958    959
   995    959    993
   962    911    910
   962    910    961
   962    961    960
   962    960    996
   962    996    997
   964    963    962
   964    962    997
   964    997    998
   964    998    999
   966    965    964
   966    964    999
   966    999   1000
   968    967    966
   968    966   1000
   968   1000   1001
   968   1001   1002
   970    969    968
   970    968   1002
   970   1002   1003
   970   1003   1004
   970   1004    971
   971   1004    973
   971    973    925
   971    925    927
   971    927    972
  1005   1006   1007
  1005   1007    976
  1005    976    975
  1005    975    974
  1007   1008   1009
  1007   1009   1010
  1007   1010    978
  1007    978    977
  1007    977    976
  1010    980    979
  1010    979    978
  1009    986    984
  1009    984    982
  1009    982    981
  1009    981    980
  1009    980   1010
   987    986   1009
   987   1009   1008
   987   1008   1011
   987   1011   1012
  1013    989    985
  1013    985    987
  1013    987   1012
  1013   1012   1014
   994    992    991
   994    991    990
   994    990    988
   994    988    989
   994    989   1013
   994   1013   1015
  1016   1017    995
  1016    995    993
  1016    993    994
  1016    994   1015
  1016   1015   1018
   998    997    996
   998    996    995
   998    995   1017
  1000    999    998
  1000    998   1017
  1000   1017   1016
  1000   1016   1001
  1002   1001   1016
  1002   1016   1018
  1002   1018   1019
  1002   1019   1020
  1002   1020   1003
  1003   1020   1005
  1003   1005    974
  1003    974    973
  1003    973   1004
  1021   1011   1008
  1021   1008   1007
  1021   1007   1006
  1014   1012   1011
  1014   1011   1021
  1014   1021   1022
  1018   1015   1013
  1018   1013   1014
  1018   1014   1022
  1018   1022   1019
  1019   1022   1021
  1019   1021   1006
  1019   1006   1005
  1019   1005   1020
   513    404    403
   513    403    402
   513    402    401
   513    401    512
   513    512    632
   513    632    636
   513    636    638
   513    638    516
