1022 2040
   16.739489    20.274099    50.812326
   24.121853    20.274099    50.085224
   22.715426    21.680527    50.085224
   14.204676    22.808825    50.812326
   10.642210    24.018708    50.580595
    5.293249    25.957333    49.862893
    3.468032    26.432351    49.636336
   -4.107600    25.427982    48.989093
   -5.516873    24.018708    48.989093
   13.787440     2.883659    48.808762
   16.328375     2.546800    49.025832
   16.739489     4.186080    49.227810
   13.978120    22.935255    50.802495
   12.602049    23.460639    50.718668
   -6.980565    23.651664    48.808762
   30.424905    17.871495    49.227810
   29.185441    19.004365    49.461438
   30.499590    17.835791    49.209613
   34.005482    17.835791    48.146168
   33.036213    20.175784    48.146168
   29.900125    21.446726    48.937780
   29.862782    21.431634    48.950975
   23.154137    21.802904    49.992945
   21.916915    22.315437    49.992945
   21.731323    22.345881    50.007003
    3.133674    26.548691    49.558978
   -5.713935    25.876179    48.651285
   -5.888402    25.886183    48.620928
  -16.169173    25.317161    47.024165
  -15.704504    23.651664    47.374392
  -16.659543    25.515258    46.850561
  -18.205595    25.790196    46.346997
  -23.223216    23.756793    45.080453
  -24.636370    20.344904    45.080453
  -22.608572    20.344904    45.695614
  -28.962420    18.508303    43.537419
  -35.060648    13.265420    41.028738
  -38.637776     8.510232    39.346079
  -40.061796     5.960241    38.593793
  -40.050671     5.814148    38.578787
  -32.873820   -11.512387    38.578787
  -30.965553    -9.604206    39.397392
  -32.883738   -11.537052    38.569991
   10.384520   -29.459344    38.570077
   13.222385   -29.675120    38.861228
   14.355599   -28.357004    39.403429
   17.040213   -22.033600    41.658905
   17.040213     1.060685    48.664480
   29.968169   -16.678688    41.658905
   34.740605    -4.902575    44.631479
   34.274297    -3.748317    45.040264
   34.646343     2.974817    46.084477
   37.521810     9.916832    46.084477
   37.958192    15.657071    46.673335
   36.807902    16.646003    47.146542
   40.930421    15.657071    45.084593
   39.850504    19.687570    45.084593
   39.822821    19.703956    45.097098
   37.856772    19.605555    46.162008
   35.240893    20.251073    47.178452
   34.169255    21.322711    47.178452
   30.339267    22.189525    48.436112
   29.914699    21.872414    48.750894
   19.326649    22.990191    50.007089
    2.802679    26.711429    49.424613
   -6.400159    26.067549    48.450687
   -6.564708    26.074362    48.418260
  -18.531761    26.033743    46.105175
  -18.847578    26.124296    45.932692
  -22.240235    25.356488    44.818624
  -23.819577    23.777146    44.818624
  -26.477800    23.121106    43.785795
  -29.536789    20.128955    42.998236
  -32.133005    18.595838    41.830181
  -32.484698    18.309085    41.683225
  -34.441951    15.574193    41.028738
  -41.354385     4.753204    37.729998
  -43.375370     1.503967    36.184376
  -45.783235    -3.394554    34.195818
  -46.617190    -5.805610    33.404724
  -47.312384    -8.190793    32.691507
  -47.211826    -9.628268    32.539376
  -46.485155   -12.340306    32.539376
  -46.468165   -12.646378    32.491857
  -33.552196   -12.205511    38.160947
  -47.801977   -14.432354    31.167704
  -47.508928   -15.727271    30.742533
  -34.582007   -28.654193    30.742533
  -34.117251   -28.759407    30.895095
  -24.193175   -38.905038    28.283182
  -23.395354   -39.356685    28.230748
  -18.331767   -39.637143    29.017098
   -2.443051   -43.894544    29.017098
    7.219196   -44.570506    30.039578
    9.382652   -43.507061    30.917862
    9.386015   -43.504991    30.919501
   12.466995   -40.205475    33.124353
   13.222385   -38.899691    33.930539
   21.055534   -36.800830    33.930539
   21.871121   -35.800428    34.348466
   24.205076   -31.847977    36.126767
   28.079220   -27.887419    37.146401
   30.074764   -19.800806    40.288526
   34.659711   -15.215859    40.288526
   36.976677    -4.978985    43.650050
   39.493292    -2.517305    43.002117
   39.822390     3.425774    43.925075
   41.879165    11.101705    43.925075
   42.148584    14.952391    44.332566
   47.028821    15.073905    40.347343
   46.201506    19.233509    40.347343
   44.574731    19.584081    41.625098
   44.233042    19.504566    41.918492
   42.633175    15.073905    43.954742
   42.997977    21.943909    41.625098
   42.986507    21.948911    41.631135
   39.933296    21.006032    44.368356
   37.468771    21.602823    45.331933
   34.492057    23.591726    45.331933
   31.916280    24.177134    46.175893
   30.304511    23.023136    47.833888
   21.202749    23.667619    49.144846
   12.341772    25.430224    49.144846
    1.431265    27.939509    48.192911
   -4.783389    27.474753    47.559812
   -8.432701    26.748858    47.559812
  -21.481654    28.010227    43.223155
  -25.091122    25.598481    43.223155
  -26.655976    25.219622    42.611357
  -27.527360    25.488696    41.830181
  -39.286485    10.306730    38.520488
  -39.558146    10.090867    38.332740
  -40.667643     8.205627    37.729998
  -48.697165   -11.741703    30.975386
  -48.629810   -12.642497    30.883625
  -48.512780   -13.231009    30.883625
  -48.429557   -14.406137    30.714332
  -49.206076   -15.490711    29.598711
  -49.357516   -16.185387    29.141200
  -49.008152   -17.722384    28.637549
  -47.828195   -19.488439    28.637549
  -47.271074   -21.789191    27.738049
  -39.950372   -29.109893    27.738049
  -39.861026   -29.311871    27.632317
  -26.179577   -38.453564    27.632317
  -18.123493   -44.205273    25.720342
  -15.746331   -45.420071    25.298189
   -8.156210   -45.957529    26.391387
   -5.088598   -46.567688    26.391387
    1.761484   -47.079963    27.089254
    6.284596   -45.316064    29.275219
    6.501321   -45.213350    29.394923
   15.060883   -42.376175    30.919501
   15.912260   -41.875198    31.191679
   16.175038   -41.544375    31.420220
   20.861232   -37.234453    33.651720
   26.925049   -32.423553    34.348466
   28.901361   -27.957188    36.686302
   33.301837   -23.556712    36.686302
   34.831504   -17.238914    39.156347
   40.507838    -8.743602    39.156347
   41.946175    -2.414850    41.230026
   44.699523     0.578767    39.804539
   44.860105     2.846489    40.131136
   47.256672    14.895126    40.131136
   52.658412    15.210426    33.610152
   52.122766    18.592734    33.610152
   50.462616    19.452303    35.467105
   50.014591    19.387536    36.025519
   48.654389    15.210426    38.489096
   47.258742    14.895126    40.128807
   47.047105    19.682396    39.296058
   49.426682    21.485448    35.467105
   49.145103    21.683459    35.676931
   47.385948    21.771684    37.666955
   47.223641    21.667936    37.916711
   44.787231    24.370401    37.666955
   44.466326    24.513390    37.834005
   42.849038    24.054585    39.783237
   42.063291    24.264842    40.072060
   33.268548    28.745954    40.072060
   32.061338    29.047713    40.435827
   31.464116    28.728878    41.159221
   24.342287    29.338002    42.067086
    1.431265    32.966789    42.067173
    1.186080    33.183772    41.755409
   -0.569539    34.365972    39.976073
  -17.641920    31.661954    39.976073
  -21.432410    31.337772    39.492862
  -21.718646    28.456699    42.668190
  -24.960639    33.221115    35.219506
  -29.014682    31.155457    35.219506
  -29.015717    31.135363    35.242187
  -27.640251    28.983118    38.554381
  -27.847489    25.808825    41.340070
  -33.103740    27.047340    35.242187
  -32.663218    25.494388    37.113802
  -33.008788    24.203438    37.588303
  -38.940742    12.561257    37.588303
  -44.084276     3.680963    34.900412
  -44.782746     2.921951    34.195818
  -49.490673   -12.920022    29.781112
  -49.426337   -13.707321    29.707548
  -49.279123   -14.636574    29.707548
  -49.872465   -17.150171    27.972713
  -49.741723   -17.673399    27.815063
  -49.113453   -18.906394    27.815063
  -48.766675   -20.202088    27.338751
  -47.346967   -21.784275    27.671471
  -46.555700   -23.560593    26.746616
  -40.257996   -29.858297    26.746616
  -39.812386   -30.056739    26.978606
  -30.318655   -38.575509    24.982545
  -29.628550   -38.760152    25.236268
  -19.730001   -43.803732    25.236268
  -14.131371   -46.639527    24.288214
   -7.144424   -47.237095    25.178917
   -5.641923   -47.475122    25.178917
   -0.102196   -47.927804    25.696453
    1.057235   -47.554205    26.375433
   11.965069   -44.348002    29.394923
   12.511496   -44.301259    29.325239
   15.967540   -41.861399    31.175035
   24.426286   -37.551390    31.175035
   24.559874   -37.515686    31.125877
   26.258574   -35.991453    31.483003
   26.761449   -34.928353    32.150168
   38.258485   -23.431403    32.150168
   38.349470   -23.227097    32.256504
   40.388738   -20.954373    31.778726
   41.292981   -17.575601    33.020604
   50.251755     0.006899    33.020604
   50.539716     1.159000    33.367813
   51.372551     2.261944    32.678053
   51.501482     2.402000    32.548001
   53.397761    14.374917    32.548001
   57.176263    14.296869    25.565711
   57.031809    15.393861    25.565711
   56.431136    16.344933    26.455206
   54.850932    17.889865    29.031069
   53.955313    14.374917    31.572522
   54.292949    14.296869    30.960035
   54.620063    18.156265    29.361202
   52.125095    18.593769    33.605753
   54.191098    19.191854    29.361202
   53.293064    20.146203    30.283383
   52.218408    20.645714    31.875316
   51.781336    20.990508    32.272459
   48.885344    23.887449    33.361345
   50.281853    22.944828    32.272459
   48.926481    23.928586    33.243711
   48.810572    24.088305    33.129269
   43.737412    27.981077    33.129269
   43.365883    28.452042    32.701338
   42.410585    29.161983    32.362150
   40.107073    31.329406    30.136341
   30.999705    35.101785    30.136341
   28.341050    37.405728    26.841655
   25.043948    39.262941    24.505715
   21.423958    41.549205    21.120130
   -0.954780    44.495389    21.120130
   -0.954780    36.032159    36.953824
   -3.498907    45.873012    17.916256
   -6.715114    47.266503    14.516872
  -26.265819    44.692624    14.516872
  -26.106272    42.440942    18.768754
  -26.964807    37.545267    27.097447
  -27.267514    44.979981    13.228595
  -32.362666    42.869477    13.228595
  -33.066829    41.354385    15.472946
  -31.442728    37.749056    23.321015
  -32.025721    34.975700    27.083648
  -34.115526    40.549751    15.472946
  -34.721546    36.236983    21.697173
  -33.308995    34.824432    25.735434
  -34.130101    27.856286    33.056395
  -38.527128    31.277403    21.697173
  -38.122482    27.017069    27.639907
  -39.401531    22.688518    29.047541
  -45.908975     6.978150    29.047541
  -47.117133     2.512648    30.224480
  -47.726430     1.430920    29.458138
  -47.927890    -0.661559    29.685470
  -49.541815   -12.920022    29.685470
  -50.289788   -14.301526    27.945719
  -50.537301   -14.872704    27.342028
  -50.260034   -16.979068    27.342028
  -50.249858   -17.083937    27.330644
  -50.572143   -18.207234    25.885926
  -49.845816   -19.960870    25.885926
  -49.841245   -19.976221    25.880924
  -49.885573   -20.443219    25.229455
  -46.385546   -25.004536    25.229455
  -45.613942   -26.494014    24.374456
  -42.515800   -29.592242    24.374456
  -41.326356   -31.230832    23.200191
  -30.042509   -39.889227    23.200191
  -28.897653   -41.340500    21.881471
  -25.980704   -43.508354    20.845709
  -24.280451   -44.010798    21.398690
  -14.733682   -47.965146    21.398690
  -14.614151   -47.997487    21.430169
  -13.927755   -47.800597    22.313024
   -8.841399   -48.290363    22.865660
   -3.493301   -48.994439    22.865660
   -2.641666   -49.069211    22.935515
   -0.482004   -48.133490    25.218157
   10.295346   -46.338027    26.375433
   12.186279   -46.155884    26.170005
   12.428790   -46.225481    25.858156
   22.272058   -42.148239    25.858156
   23.673138   -41.734193    25.402455
   26.979899   -42.048285    20.789911
   36.436459   -34.792091    20.789911
   36.951149   -34.525433    20.494448
   38.611041   -34.292235    18.098829
   50.278404   -19.086984    18.098829
   50.258741   -18.879746    18.387911
   50.997400   -16.379861    19.200910
   57.657836    -0.300293    19.200910
   58.232981     1.825475    19.761136
   57.801946     3.327803    21.693464
   57.074843     3.379376    23.066430
   58.826841    11.113175    21.693464
   58.533619    11.789999    22.408752
   59.254858    10.989849    20.328519
   60.448613    10.989849    16.393144
   60.217658    11.591557    16.931032
   58.880569    14.132923    20.394925
   58.723610    14.450724    20.748688
   58.379247    14.953081    21.603600
   57.773314    15.943738    22.464636
   56.378011    17.478061    25.315006
   55.479029    18.630853    26.469695
   54.974947    19.433072    26.469695
   53.379909    21.201455    27.965641
   53.001740    21.455178    28.641689
   51.995991    22.314057    29.440027
   48.260782    26.049266    29.440027
   48.022324    26.230632    29.589311
   46.090168    27.845592    29.284447
   44.026494    29.707030    27.538831
   39.603164    32.486337    27.538831
   36.042939    35.262884    23.972656
   32.657268    37.203406    22.498615
   26.623290    40.893855    17.254697
   20.993872    42.863699    17.254697
   13.342606    46.641856     8.740153
   10.007041    47.872781     6.307106
    2.884867    50.606553    -0.059419
    2.808543    50.626389    -0.096417
   -6.961592    51.727176    -0.096417
   -6.961592    48.121416    11.790086
  -10.464811    52.588384    -4.236616
  -15.081494    53.511773    -8.995512
  -16.084139    53.419925    -9.064937
  -26.366721    52.261356    -9.064937
  -27.150743    51.848863    -7.996317
  -27.173166    51.114171    -5.582761
  -28.381842    47.419841     5.280314
  -31.185124    50.437088    -7.996317
  -33.169198    48.632828    -4.310353
  -32.752220    47.214931     0.882683
  -33.762712    44.894860     6.091761
  -33.581605    48.373759    -4.310353
  -35.242445    45.898798     0.114185
  -34.425392    44.747301     5.260651
  -35.471071    41.905296     9.956849
  -36.131940    45.009389     0.114185
  -37.344066    41.862693     5.171822
  -36.744083    41.436918     7.853331
  -38.941777    31.564069    20.236068
  -42.929932    32.972739     5.171822
  -43.372955    32.084969     5.526620
  -43.807440    29.444769     9.311762
  -45.039056    25.530609    10.379346
  -52.167180     5.159402    10.379346
  -52.766301     3.046138    10.845568
  -52.674367    -0.104525    14.811559
  -52.393220    -0.095901    15.735293
  -54.203861   -13.678775    14.811559
  -53.832246   -15.190331    16.597881
  -51.639037   -15.190331    23.828029
  -53.482796   -18.292441    16.597881
  -53.429757   -18.393171    16.735264
  -52.119230   -18.433187    21.040529
  -51.506139   -18.633785    22.843237
  -52.635990   -20.661669    16.735264
  -51.427745   -20.306267    21.160319
  -50.360247   -20.771282    23.557144
  -52.567428   -21.078388    16.137782
  -49.913343   -25.302328    16.137782
  -49.792260   -25.383567    16.354249
  -49.396066   -25.102420    18.124874
  -44.935652   -30.240175    16.354249
  -40.293527   -34.037823    18.561860
  -34.020833   -40.200042    15.455870
  -31.845476   -42.799707    11.645114
  -24.300287   -47.540665    11.645114
  -24.242419   -47.550152    11.728078
  -24.233536   -47.519709    11.839589
  -15.854046   -50.485384    11.728078
  -13.819608   -50.426049    14.289022
  -13.431003   -50.465979    14.323691
   -3.076064   -51.632655    14.323691
   -2.641666   -51.525888    14.837173
   11.425111   -49.940941    14.837173
   11.426491   -49.896699    14.982231
   12.544612   -46.479204    25.031617
   16.223937   -50.080824     8.796469
   26.441234   -46.505680     8.796469
   26.244431   -45.836791    11.246333
   27.541073   -42.859990    17.929623
   32.307127   -45.540378     0.386708
   38.563694   -41.609143     0.386708
   37.826674   -40.570363     5.029178
   39.726317   -35.407511    13.560367
   40.123976   -41.008125    -2.121024
   46.676697   -34.455404    -2.121024
   47.397159   -32.585083     0.885098
   47.474345   -32.445717     0.953574
   50.425359   -19.188577    17.580949
   53.302551   -23.170178     0.953574
   55.593213   -18.580056     2.788105
   55.884365   -16.810810     5.324556
   57.058544   -13.079051     6.342379
   59.838799    -5.133616     6.342379
   61.123799    -0.600759     7.342350
   61.030916     2.583970    11.351203
   60.501824     2.567843    13.089315
   61.503003     6.773844    11.351203
   61.356133     7.508450    12.108404
   60.554691    10.768381    15.961159
   61.599938     6.711923    10.429280
   61.940506     6.711923     6.971425
   61.452810     9.085032     9.550047
   61.356133     9.379978    10.236875
   61.027122    10.323461    12.212928
   59.973681    12.833177    15.457940
   59.752040    13.315698    15.866466
   59.680460    13.431003    16.107425
   57.448442    16.753115    21.250182
   56.312554    18.275882    22.434020
   54.204551    20.844415    22.434020
   52.144585    23.179492    23.928846
   50.961265    24.362726    23.928846
   50.662006    24.626798    23.737217
   42.936400    30.967019    23.737217
   38.499013    34.277057    20.287382
   38.439679    34.316987    20.195448
   29.467968    39.423695    16.688003
   26.498843    41.010712    16.688003
   14.912116    46.333456     6.878111
   10.579426    48.152204     1.275859
   10.325876    48.247070     1.076641
    4.975104    49.972505    -0.059419
   -6.164720    52.588384    -8.536707
   -7.716982    52.907392   -10.223333
  -12.193696    53.625698   -13.039811
  -13.332429    53.745401   -13.116221
  -15.081494    53.917712   -13.116221
  -20.612425    53.917712   -18.647151
  -24.772287    53.507978   -18.647151
  -24.780221    53.507116   -18.646634
  -25.204616    53.419925   -18.185500
  -25.628493    53.327216   -17.786805
  -26.476938    52.426164   -10.638242
  -27.898717    52.638577   -17.786805
  -29.996370    51.757964   -15.074508
  -29.997836    51.734248   -14.815524
  -31.267398    50.542993    -9.037512
  -30.848006    51.302867   -15.074508
  -32.602245    50.124204   -12.358761
  -32.566886    50.021404   -10.987347
  -33.792983    48.604110    -6.711318
  -33.960291    49.009704   -12.358761
  -34.760182    48.209814   -10.866523
  -34.631078    48.080710    -8.421661
  -36.397220    45.252763    -2.650461
  -38.562487    43.576571   -10.866523
  -38.888997    43.138982   -10.526300
  -38.854328    43.126994   -10.063959
  -40.130186    40.958364   -11.378798
  -46.858408    28.370717   -11.378798
  -47.470982    27.037336   -12.507700
  -48.376087    24.450520   -12.507700
  -49.305513    21.568240   -13.119670
  -54.997887     2.803023   -13.119670
  -55.148724     2.113436   -12.471047
  -55.410295     0.840252   -11.087646
  -54.884221     1.051888    -5.957222
  -54.884221   -13.678775     8.773442
  -56.478224   -10.002383   -11.087646
  -56.478224   -13.756738    -7.333206
  -55.006253   -13.756738     7.612544
  -56.258912   -15.983581    -7.333206
  -55.824254   -18.098483    -5.035299
  -55.006253   -18.427495     2.941787
  -54.457498   -18.944168     7.295175
  -55.199865   -20.156983    -5.035299
  -54.834632   -21.027075    -3.910192
  -54.038536   -21.076060     4.765796
  -53.417252   -21.738136     7.779249
  -52.226773   -24.704156     3.329012
  -52.769319   -24.891042    -3.910192
  -50.700470   -26.024601     7.933967
  -47.622853   -30.952617    -2.123094
  -52.511543   -25.274644    -4.504051
  -47.234939   -31.704126    -4.504051
  -41.541788   -36.840070    -4.623151
  -35.224679   -42.024396    -4.623151
  -30.976506   -45.193342    -1.320444
  -30.673022   -45.397217    -0.850686
  -30.660430   -45.360565    -0.361092
  -32.270474   -43.499385     5.254182
  -24.520893   -47.824745     8.850801
  -24.545213   -48.672586    -0.850686
  -22.948537   -49.406070     0.501151
  -22.955522   -49.293698     1.725954
  -15.974612   -50.665628    10.008163
  -21.839901   -49.763628     0.265711
  -14.883829   -51.873700     0.265711
  -14.918670   -51.786941     1.112000
   -3.112544   -51.786941    12.918126
   -3.076064   -51.729849    13.461361
  -14.457623   -51.961322    -0.197320
  -10.604522   -52.366226    -0.456044
   -3.112544   -53.104195    -0.456044
    2.246852   -53.104195    -5.815527
   15.079425   -51.840239    -5.815527
   15.123839   -51.729849    -4.738542
   16.411857   -50.361886     6.113925
   16.653851   -51.516747    -7.526301
   23.142235   -50.097986   -13.629185
   31.020834   -47.708060   -13.629185
   31.034288   -47.488317   -11.234171
   32.645539   -45.976329    -3.900619
   32.450115   -47.108077   -15.477342
   33.566771   -46.595113   -16.422809
   38.054869   -44.196131   -16.422809
   38.693833   -43.766820   -15.433618
   38.627858   -43.575192   -12.876642
   40.496971   -41.414668    -6.357986
   41.042535   -41.839321   -15.433618
   42.123142   -40.886007   -14.741788
   43.419871   -39.589279   -12.322798
   43.689375   -39.283811   -12.127202
   46.694549   -34.471790    -2.307047
   45.633519   -36.914841   -12.127202
   48.469314   -33.113227    -9.171704
   48.753049   -32.690902    -8.517906
   51.222663   -28.352261    -6.821707
   54.004385   -23.147927    -6.821707
   56.591459   -17.516266    -2.053669
   57.315371   -15.447417    -2.053669
   58.586744   -11.504884    -1.216609
   60.729588    -4.440751    -1.216609
   61.328881    -1.699908     1.361410
   61.651166    -0.131777     3.065285
   61.599938    -0.152389     3.564969
   61.997340     3.383257     3.065285
   61.997340     6.201459     5.883487
   61.777941     3.383257     0.837579
   61.777941     6.118149     3.572472
   61.872289     6.251824     4.663428
   61.499294     3.205168    -1.813918
   61.469714     3.467601    -1.813918
   61.523528     5.313861     0.510120
   61.639523     6.025612     2.250992
   61.313789     9.093656     8.034956
   61.280758     9.128843     7.874632
   61.146049     9.024318     6.550134
   59.618711    13.269732    14.087734
   58.362775    14.356203    10.298538
   59.261153    12.024058     6.550134
   57.768570    15.137638    10.787786
   44.316524    28.589598    10.787786
   43.719905    29.043401    10.414188
   41.126966    31.210652    10.823232
   31.243855    36.686560     5.970246
   22.324838    42.290710     5.970246
    4.440578    49.215476    -7.360889
   -1.955873    51.228096    -9.105470
   -2.649600    51.470866    -9.105470
  -17.683834    53.465634   -19.950692
  -18.169633    53.515481   -19.994072
  -20.210194    53.745401   -19.994072
  -20.612425    53.782313   -20.021928
  -21.983838    53.507978   -21.435600
  -22.715339    53.328164   -22.300085
  -24.705967    53.103850   -22.300085
  -25.085775    53.114889   -21.822048
  -25.112251    53.154474   -21.444310
  -27.900700    52.606495   -18.135997
  -27.026297    52.435909   -21.822048
  -28.252566    52.234104   -20.064014
  -28.271539    52.258597   -19.823659
  -30.824289    51.233960   -15.993498
  -31.325870    50.473310   -18.938648
  -31.406420    50.561104   -18.023625
  -30.625675    50.742987   -20.064014
  -33.933470    48.982883   -12.866551
  -35.791631    46.007463   -18.938648
  -35.866661    45.908888   -19.000397
  -35.946004    45.702857   -19.331478
  -38.252966    41.539114   -21.376007
  -42.804451    34.295426   -21.376007
  -45.240344    29.414412   -23.326877
  -45.332967    28.851686   -24.133667
  -47.713925    21.284592   -26.197514
  -51.471815    10.545188   -26.197514
  -52.600199     6.564708   -27.075540
  -53.251237     4.800551   -25.788729
  -53.463219     4.248087   -25.294996
  -54.456980    -4.571234   -25.294996
  -54.468192    -4.634191   -25.258516
  -55.148724    -7.402373   -21.986856
  -55.629866    -9.808081   -19.507066
  -55.933867   -10.002383   -16.614437
  -55.933867   -16.114324   -10.502497
  -55.391925   -11.920051   -19.507066
  -55.318792   -12.632751   -19.443506
  -55.316464   -12.701055   -19.395900
  -55.418574   -16.205222   -14.984903
  -55.663500   -16.368909   -12.647843
  -54.915613   -20.174490    -8.132924
  -54.723381   -18.192142   -14.984903
  -54.542963   -18.765562   -14.828547
  -54.194116   -20.885121   -11.789739
  -54.225680   -20.909700   -11.479183
  -52.478340   -25.263174    -4.947074
  -52.355963   -23.810607   -11.789739
  -50.697538   -26.803794   -10.320010
  -50.061161   -27.565134   -10.440058
  -48.557195   -29.542826    -9.201802
  -47.148956   -31.797698    -4.600124
  -44.322389   -33.777546    -9.201802
  -43.018157   -35.304884    -7.989504
  -44.274611   -34.520258    -5.425456
  -37.392447   -40.007119    -7.101992
  -35.468829   -41.742127    -5.474873
  -28.870745   -45.888018    -5.474873
  -28.473172   -46.198056    -5.076609
  -25.156407   -48.099079    -3.632494
  -21.656034   -49.200470    -4.587188
  -17.749377   -50.567486    -4.587274
  -15.049326   -51.332880    -5.182859
  -13.378223   -51.284153    -7.286463
   -5.918069   -52.049719    -7.951903
   -3.108664   -52.366226    -7.951903
    2.246852   -52.857199    -8.322655
    6.273988   -52.051703   -12.473807
    9.829555   -51.516747   -14.350596
   14.677711   -50.654072   -17.158535
   23.561111   -49.653152   -17.158535
   24.540642   -49.277139   -18.034146
   28.104144   -47.962128   -20.633467
   29.123002   -47.458994   -21.767285
   33.826790   -45.813074   -21.767285
   34.408661   -45.630069   -21.608514
   34.634873   -45.592813   -21.284160
   35.301089   -45.260352   -21.017932
   38.042450   -44.160082   -16.904726
   36.671468   -44.399316   -21.017932
   37.669283   -43.846421   -20.527994
   38.635878   -43.474116   -18.974352
   39.604802   -42.737182   -18.367642
   40.264205   -42.077865   -18.367642
   42.589450   -40.092153   -16.521986
   42.640161   -40.058174   -16.431260
   44.913661   -37.537592   -14.299196
   47.488920   -33.439047   -14.299196
   49.239452   -31.194352   -12.050792
   53.183020   -24.313827    -9.055191
   53.693484   -23.479267    -8.329900
   58.206419   -10.581841    -8.329900
   58.314652   -10.362787    -8.086095
   59.931509    -5.981284    -4.890155
   60.405838    -4.745615    -3.785573
   61.101376     1.428074    -3.785573
   61.328881     2.353446    -2.691943
   60.268800     1.428074    -6.530383
   60.561762     3.406801    -4.829527
   60.678188     3.491749    -4.414274
   59.336270     1.159259    -9.504769
   59.196558     2.220289    -9.504769
   59.382409     2.868136    -8.671589
   60.605401     5.043838    -2.852525
   58.871945     4.100442    -8.671589
   60.379103     5.142412    -3.360660
   58.903682    11.770422     4.952337
   58.677729     4.190737    -8.959291
   50.484694    14.868133    -8.959291
   49.056102    15.905101    -9.982978
   48.261817    16.699473    -9.982978
   42.759260    19.549843   -13.141576
   16.005832    40.078527   -13.141576
    7.611163    44.072374   -17.100840
    6.235352    45.094941   -16.612281
   -1.258437    47.309365   -19.049296
  -11.838035    51.691558   -19.049296
  -17.614754    53.254428   -20.571718
  -20.692975    52.371228   -24.530896
  -22.772259    52.645045   -24.530896
  -22.715339    52.842366   -23.901333
  -22.855741    52.608824   -24.619121
  -24.712694    52.883848   -23.022962
  -23.661668    52.172441   -25.634184
  -24.776772    52.025658   -25.634184
  -24.903029    52.302149   -24.733391
  -26.958597    52.205730   -22.665060
  -24.868188    51.932086   -25.786573
  -26.996371    51.050611   -25.786573
  -27.051048    51.055785   -25.710249
  -27.301580    51.418172   -24.433184
  -30.586004    50.687103   -20.313769
  -31.787694    47.421221   -25.710249
  -31.974234    47.164307   -25.894461
  -32.055733    46.584246   -26.731608
  -33.579449    43.642719   -28.420046
  -39.503210    35.922805   -28.420046
  -42.006026    30.662155   -30.901216
  -42.403169    30.127716   -30.711484
  -44.234767    23.929448   -32.727122
  -48.018185    14.795431   -32.727122
  -49.219185    10.356405   -33.897075
  -50.446144     8.178116   -32.353783
  -51.169538     7.032828   -31.282576
  -51.826354     2.043322   -31.282576
  -52.503523    -0.058127   -30.051909
  -52.525514    -0.100730   -30.001630
  -52.691788    -0.497441   -29.600693
  -54.410410    -5.291696   -25.204529
  -54.270440    -6.355314   -25.204529
  -54.659562   -10.335362   -22.398487
  -54.910525   -14.201485   -19.000483
  -54.605833   -14.936954   -19.000483
  -54.152979   -16.469553   -18.502093
  -54.100803   -16.949056   -18.100811
  -54.284066   -18.878280   -15.409729
  -52.723956   -22.157529   -13.863073
  -51.766761   -23.404927   -13.863073
  -49.505852   -27.769527   -11.357755
  -46.427459   -30.847833   -11.357755
  -44.344639   -33.717263    -9.301411
  -37.369421   -39.069501    -9.301411
  -36.467248   -40.213064    -8.262373
  -28.889546   -45.844897    -5.571722
  -24.334008   -47.191042    -7.053180
  -19.205394   -49.315344    -7.053180
  -13.519056   -50.853808    -8.551799
  -11.767835   -50.351364   -10.804257
   -2.191398   -51.273545   -11.844675
   -1.389265   -51.379191   -11.844675
   14.978263   -50.523847   -17.476249
   21.322538   -48.800655   -20.800344
   23.273322   -48.172040   -21.942787
   29.142492   -47.399315   -21.942787
   29.389747   -47.243218   -22.174000
   31.576575   -46.011430   -23.723330
   31.991483   -45.899143   -23.613976
   33.848522   -45.129955   -23.613976
   34.246786   -45.012321   -23.484441
   34.660573   -45.051561   -22.907226
   35.469088   -44.666924   -22.525866
   36.297697   -44.031151   -22.525866
   37.096035   -43.617622   -22.067664
   37.789331   -43.520169   -21.067090
   39.274756   -42.441891   -20.002524
   40.649274   -40.650567   -20.002524
   42.851970   -38.912886   -18.001029
   46.251612   -34.338633   -16.376842
   46.826585   -33.727525   -15.786346
   53.496680   -17.624413   -15.786346
   53.500303   -17.611132   -15.789882
   56.616728   -12.078477   -11.870030
   57.394023   -10.847723   -10.718964
   58.830980     0.067355   -10.718964
   58.991907     0.364543   -10.344762
   56.581973     0.067355   -14.926604
   57.092609     2.071264   -13.477745
   54.040606    -0.520295   -19.536388
   53.808530     0.945294   -19.536388
   56.472446     2.180014   -14.532738
   56.519706     3.218622   -13.656783
   51.835754     1.966825   -21.743051
   50.559551     4.471453   -21.743051
   50.389397     4.591070   -21.869826
   44.959283     4.863421   -28.012641
   40.814168     6.824295   -30.614031
   26.128867    21.509596   -30.614031
   18.334613    24.981682   -34.672042
   10.064132    32.402855   -32.933153
    8.320328    32.869508   -33.574101
  -18.360916    46.464284   -33.574101
  -18.394723    46.529569   -33.501054
  -20.248227    48.235341   -31.780276
  -20.773697    51.231804   -26.682623
  -23.339556    48.724934   -31.780276
  -23.650629    49.000218   -31.384859
  -23.650629    50.498665   -28.762770
  -23.661668    50.546443   -28.676097
  -24.790398    50.834058   -27.860079
  -24.379543    48.884740   -31.384859
  -24.925625    50.062886   -29.171986
  -26.585430    50.138434   -27.772199
  -24.774443    48.122106   -32.237960
  -27.057861    46.958621   -32.237960
  -27.212579    47.154907   -31.819947
  -27.198780    44.148957   -35.416393
  -27.447156    43.624004   -35.745836
  -34.401158    36.670002   -35.745836
  -36.121591    32.807845   -37.756644
  -37.126651    31.687740   -37.521119
  -37.882472    28.863587   -38.559208
  -43.920072    17.014082   -38.559208
  -44.446231    14.909270   -39.193515
  -46.292836    12.463718   -37.664107
  -48.042160    10.562867   -35.899432
  -48.687419     6.488988   -35.899432
  -49.695066     5.230465   -34.484984
  -49.908772     4.891018   -34.168823
  -54.089850    -5.983871   -25.633839
  -52.358809    -0.971684   -30.051909
  -53.010709    -3.962196   -28.082496
  -54.436972   -11.226065   -22.130103
  -53.745574   -12.582990   -22.130103
  -53.408110   -13.843928   -21.666641
  -51.961667   -21.751159   -15.600581
  -47.657609   -26.055131   -15.600581
  -45.329173   -30.977282   -12.511581
  -37.615468   -37.898771   -10.889808
  -36.259837   -38.261590   -11.388112
  -19.193924   -46.957155   -11.388112
  -12.049931   -48.742700   -13.540960
  -10.746131   -48.046817   -15.120043
   -0.157046   -48.952526   -16.469897
    4.205829   -49.643493   -16.469983
   25.885235   -46.413229   -24.589971
   26.072551   -46.397878   -24.572464
   31.664110   -45.512263   -24.572464
   31.849357   -45.341764   -24.744516
   32.180610   -45.091663   -24.951669
   32.307817   -45.059840   -24.913291
   33.920448   -44.238217   -24.913291
   34.381927   -44.369131   -24.357033
   34.724651   -44.216484   -24.178599
   37.018590   -41.922544   -24.178599
   37.312070   -41.783695   -23.994387
   37.789503   -41.251757   -23.882532
   37.887043   -40.887214   -24.016465
   45.839378   -25.279819   -24.016465
   46.251612   -23.630449   -24.513561
   49.190898   -19.737849   -22.079307
   50.695468   -18.102968   -20.561455
   53.339807    -1.407290   -20.561455
   53.772826    -0.917869   -19.939395
   47.928580    -1.407290   -27.155141
   48.888621     1.540878   -25.416338
   43.544403    -2.397947   -32.306005
   43.167614    -2.397947   -32.729710
   42.530547     0.804979   -32.729710
   44.700817     1.956907   -30.031815
   34.760010     2.479359   -38.833457
   34.207546     2.726958   -39.188599
   31.043515     7.462224   -39.188599
   22.062060    11.436495   -43.889886
   19.020492    14.478062   -43.889886
   13.652903    15.777636   -45.988402
   -9.549357    31.280852   -45.988402
  -11.020379    31.615211   -46.470406
  -13.993643    34.349758   -45.054665
  -17.789825    39.128231   -41.752734
  -18.454402    45.817559   -34.380114
  -21.523481    39.870944   -41.752734
  -23.032795    41.793699   -39.928293
  -23.032795    44.326701   -37.080338
  -23.339556    45.684574   -35.485041
  -24.475616    46.054464   -34.815031
  -23.505657    41.699696   -39.928293
  -24.687167    43.925677   -37.161233
  -24.161524    38.655972   -42.319168
  -27.936145    36.133838   -42.319168
  -29.208209    33.259234   -43.823825
  -28.953796    32.435541   -44.562312
  -29.175437    31.520086   -44.920214
  -37.033424    19.759841   -44.920214
  -37.071629    19.742679   -44.895635
  -38.868127    17.789307   -43.965434
  -42.214386    15.130911   -41.653211
  -42.806348    12.154887   -41.653211
  -43.514736    11.489878   -41.005537
  -45.474748     9.951415   -39.145824
  -48.546759     6.520725   -36.064671
  -51.255090     0.756597   -31.730428
  -48.238273     4.970102   -36.064671
  -52.988028    -4.061805   -28.049897
  -47.806807   -11.815957   -28.049897
  -48.531408   -14.162332   -25.946379
  -48.417311   -14.420194   -25.811411
  -15.498472   -36.415848   -25.811411
  -12.262603   -37.151316   -26.871665
  -11.784910   -37.590630   -26.644246
  -10.649540   -37.671008   -26.807760
   17.371208   -43.244714   -26.807760
   25.885235   -43.881349   -27.675091
   26.279704   -43.528104   -28.029372
   26.366463   -43.417628   -28.134241
   31.639790   -42.368672   -28.134241
   32.323168   -43.656259   -26.533684
   33.622311   -43.771736   -25.631166
   33.728992   -42.137372   -27.065536
   31.647551   -42.332709   -28.162528
   33.012324   -41.420705   -28.162528
   31.573125   -36.760210   -32.340760
   36.821787   -28.904983   -32.340760
   37.824000   -24.495365   -33.785651
   37.863757   -24.463801   -33.758140
   42.083730    -3.248720   -33.758140
   32.691592    -3.248720   -41.465981
   29.853640    -3.960730   -43.678853
   28.099918    -3.960730   -44.960144
   26.123951    -2.817685   -46.180031
   24.530035     3.131000   -46.180031
   21.508475     4.915252   -47.539543
   18.803077     4.779853   -49.004960
   12.889665     6.239146   -51.302694
    4.157189    14.971623   -51.302694
   -3.266054    16.651695   -53.740226
   -8.917378    22.429276   -52.252904
  -10.767691    25.562605   -50.843113
  -18.323315    27.587126   -50.843113
  -20.520319    31.384946   -48.498463
  -20.520319    31.993035   -48.054147
  -21.523481    35.991884   -44.936169
  -23.727039    36.787549   -43.923434
  -23.052803    30.706311   -48.498463
  -23.926516    32.008817   -47.375857
  -22.942845    28.510169   -49.688079
  -28.452301    23.000799   -49.688079
  -28.634788    22.194354   -49.952841
  -32.432091    19.951901   -48.244309
  -33.203004    17.074968   -48.244309
  -37.675923    14.487463   -45.482940
  -39.206884    13.057922   -44.459857
  -45.611441     5.683406   -38.336964
  -45.773575     5.543177   -38.180953
  -38.507809    10.449029   -44.459857
  -47.195181   -11.204332   -28.808133
  -36.750293    10.536995   -45.411877
  -17.527219    -8.686078   -45.411877
  -14.987577    -9.260878   -46.245833
  -14.249091   -10.015751   -46.051531
  -13.330532   -11.571290   -45.351594
   17.881931   -19.934566   -45.351594
   21.439223   -26.083935   -41.555241
   24.570137   -29.437007   -39.314598
   26.366463   -36.596869   -33.731837
   30.675609   -38.152839   -31.751471
   26.027274   -29.046592   -39.314598
   30.761160   -36.102877   -33.232412
   30.930108   -36.117193   -33.137891
   25.952331   -27.548834   -40.125873
   29.290828   -24.210337   -40.125873
   29.957389   -24.657500   -39.551331
   37.217636   -24.354361   -34.306205
   24.421198   -17.689871   -44.960144
   18.708039    -2.817685   -50.143952
   16.812708    -2.219858   -51.071394
   16.436781    -1.896625   -51.226025
   10.216263     0.744265   -53.444848
    8.009168     6.072614   -53.444848
    1.805553     8.586642   -55.010823
   -3.223106    13.615302   -55.010823
   -3.358247    13.948884   -54.926565
  -14.482116    18.556512   -54.926565
  -14.571376    18.670869   -54.893103
  -15.218791    20.195878   -54.349177
  -17.433906    22.772345   -53.289269
  -18.323315    25.592186   -51.909403
  -22.360800    27.023192   -50.566277
  -20.899782    21.336768   -53.289269
  -22.016093    21.787725   -52.893937
  -22.187886    21.959518   -52.788809
  -28.593565    22.178141   -49.977247
  -23.510659    18.179464   -52.893937
  -27.176357    18.179464   -51.307437
  -30.678369    17.074968   -49.593731
  -32.390781    12.243543   -47.986533
  -22.222124    17.632434   -53.353605
  -20.162848    12.660952   -53.353605
  -16.451269    11.156813   -54.290447
  -14.361895     9.067439   -54.290447
  -14.178114     9.057262   -54.318993
    5.213130     1.025154   -54.318993
    7.674810    -2.127235   -53.395949
    7.718362    -2.229862   -53.359383
   15.555909   -11.345855   -49.609254
   17.881931   -18.720802   -46.000390
   23.239861   -20.619842   -44.217949
   16.587962   -10.918355   -49.609254
   23.132145   -17.462538   -45.603765
   23.907974   -17.489014   -45.263283
   14.920050    -6.789368   -51.071394
   10.177454     0.744265   -53.456577
    5.771545     2.854510   -54.527956
    1.336917     6.907432   -55.363896
   -0.124102     7.273873   -55.543882
   -1.373311     8.048494   -55.621930
   -6.129188    12.804372   -55.621930
   -8.254008    13.086037   -55.803469
  -11.499537    14.896420   -55.662119
  -14.082817    17.722815   -55.129319
  -19.651435    20.088421   -53.824742
  -15.725288    16.080258   -55.129319
  -18.966160    17.632434   -54.341243
  -15.209046    15.608430   -55.226599
  -12.369542    14.896420   -55.576395
   -8.198814    10.725692   -55.576395
   -5.541366    10.373395   -55.803469
    4.801499     1.884465   -54.527956
   11.257716    -3.127033   -52.642457
     1      2      3
     1      3      4
     5      6      7
     5      7      8
     5      8      9
    10     11     12
    10     12      1
    10      1      4
    10      4     13
    10     13     14
    10     14      5
    10      5      9
    10      9     15
    12     16     17
    12     17      2
    12      2      1
    18     19     20
    18     20     21
    18     21     22
    18     22     17
    18     17     16
    17     22     23
    17     23      3
    17      3      2
     4      3     23
     4     23     24
     4     24     25
     4     25     13
     8      7     26
     8     26     27
    15      9      8
    15      8     27
    15     27     28
    15     28     29
    15     29     30
    30     29     31
    30     31     32
    30     32     33
    30     33     34
    30     34     35
    35     34     36
    35     36     37
    35     37     38
    35     38     39
    35     39     40
    35     40     41
    35     41     42
    10     15     30
    10     30     35
    10     35     42
    42     41     43
    42     43     44
    42     44     45
    42     45     46
    42     46     47
    42     47     48
    42     48     11
    42     11     10
    47     49     50
    47     50     51
    47     51     48
    48     51     52
    48     52     18
    48     18     16
    48     16     12
    48     12     11
    52     53     54
    52     54     55
    52     55     19
    52     19     18
    54     56     57
    54     57     58
    54     58     59
    54     59     55
    55     59     60
    55     60     20
    55     20     19
    20     60     61
    20     61     62
    20     62     63
    20     63     21
    23     22     21
    23     21     63
    23     63     24
    13     25     64
    13     64     14
    27     26     65
    27     65     66
    27     66     28
    28     66     67
    28     67     31
    28     31     29
    32     68     69
    32     69     70
    32     70     71
    32     71     33
    33     71     72
    33     72     73
    33     73     36
    33     36     34
    36     73     74
    36     74     75
    36     75     76
    36     76     37
    39     77     78
    39     78     79
    39     79     80
    39     80     81
    39     81     82
    39     82     83
    39     83     40
    41     40     83
    41     83     84
    41     84     85
    41     85     43
    84     86     87
    84     87     88
    84     88     89
    84     89     85
    43     85     89
    43     89     90
    43     90     91
    43     91     92
    43     92     44
    44     92     93
    44     93     94
    44     94     95
    44     95     96
    44     96     97
    44     97     98
    44     98     45
    45     98     99
    45     99    100
    45    100    101
    45    101     46
    46    101    102
    46    102    103
    46    103     49
    46     49     47
   103    104    105
   103    105     50
   103     50     49
    50    105    106
    50    106    107
    50    107     53
    50     53     52
    50     52     51
   107    108    109
   107    109     56
   107     56     54
   107     54     53
   110    111    112
   110    112    113
   110    113    114
   109    114    113
   109    113     57
   109     57     56
    57    113    112
    57    112    115
    57    115    116
    57    116    117
    57    117     58
    58    117    118
    58    118     61
    58     61     60
    58     60     59
    62     61    118
    62    118    119
    62    119    120
    62    120    121
    24     63     62
    24     62    121
    24    121    122
    24    122     64
    24     64     25
    14     64    122
    14    122    123
    14    123      6
    14      6      5
    65    124    125
    65    125    126
    65    126     67
    65     67     66
    31     67    126
    31    126     68
    31     68     32
    69    127    128
    69    128     70
    70    128    129
    70    129     72
    70     72     71
    72    129    130
    72    130     74
    72     74     73
    37     76    131
    37    131     38
    38    131    132
    38    132    133
    38    133     77
    38     77     39
    81    134    135
    81    135    136
    81    136     82
    83     82    136
    83    136    137
    83    137     86
    83     86     84
   137    138    139
   137    139    140
   137    140    141
   137    141     87
   137     87     86
    87    141    142
    87    142    143
    87    143     88
    89     88    143
    89    143    144
    89    144    145
    89    145     90
    91    146    147
    91    147    148
    91    148     93
    91     93     92
    93    148    149
    93    149    150
    93    150    151
    93    151    152
    93    152     94
    96    153    154
    96    154    155
    96    155     97
    97    155    156
    97    156     99
    97     99     98
   100    157    158
   100    158    102
   100    102    101
   102    158    159
   102    159    160
   102    160    104
   102    104    103
   160    161    162
   160    162    106
   160    106    105
   160    105    104
   106    162    163
   106    163    164
   106    164    108
   106    108    107
   164    165    110
   164    110    114
   164    114    109
   164    109    108
   166    167    168
   166    168    169
   166    169    170
   171    170    169
   171    169    172
   171    172    111
   171    111    110
   171    110    165
   169    168    173
   169    173    174
   169    174    175
   169    175    176
   169    176    172
   112    111    172
   112    172    176
   112    176    115
   115    176    175
   115    175    177
   115    177    178
   115    178    179
   115    179    116
   118    117    116
   118    116    179
   118    179    180
   118    180    119
   120    119    180
   120    180    181
   120    181    182
   120    182    183
   122    121    120
   122    120    183
   122    183    184
   122    184    123
   123    184    185
   123    185    124
   123    124     65
   123     65     26
   123     26      7
   123      7      6
   185    186    187
   185    187    188
   185    188    125
   185    125    124
   126    125    188
   126    188    189
   126    189    190
   126    190    127
   126    127     69
   126     69     68
   189    191    192
   189    192    193
   189    193    194
   189    194    190
   190    194    195
   190    195    130
   190    130    129
   190    129    128
   190    128    127
   195    194    193
   195    193    196
   195    196    197
    74    130    195
    74    195    197
    74    197    198
    74    198     75
    75    198    199
    75    199    132
    75    132    131
    75    131     76
   133    200     78
   133     78     77
    78    200    201
    78    201     79
   202    203    204
   202    204    135
   202    135    134
   136    135    204
   136    204    138
   136    138    137
   139    205    206
   139    206    207
   139    207    140
   140    207    208
   140    208    209
   140    209    142
   140    142    141
   143    142    209
   143    209    210
   143    210    211
   143    211    212
   143    212    144
   144    212    213
   144    213    214
   144    214    145
    90    145    214
    90    214    215
    90    215    146
    90    146     91
   147    216    217
   147    217    149
   147    149    148
   149    217    218
   149    218    219
   149    219    220
   149    220    150
    94    152    221
    94    221     95
    95    221    222
    95    222    153
    95    153     96
   154    223    224
   154    224    156
   154    156    155
    99    156    224
    99    224    225
    99    225    226
    99    226    227
    99    227    157
    99    157    100
   227    228    229
   227    229    159
   227    159    158
   227    158    157
   159    229    230
   159    230    231
   159    231    161
   159    161    160
   231    232    233
   231    233    163
   231    163    162
   231    162    161
   163    233    234
   163    234    171
   163    171    165
   163    165    164
   234    235    236
   234    236    166
   234    166    170
   234    170    171
   237    238    239
   237    239    240
   237    240    241
   237    241    242
   236    241    240
   236    240    243
   236    243    244
   236    244    167
   236    167    166
   243    245    246
   243    246    247
   243    247    244
   244    247    248
   244    248    173
   244    173    168
   244    168    167
   249    174    173
   249    173    248
   249    248    250
   249    250    251
   175    174    249
   175    249    177
   178    177    249
   178    249    251
   178    251    252
   178    252    253
   180    179    178
   180    178    253
   180    253    254
   180    254    255
   180    255    181
   181    255    256
   181    256    257
   181    257    182
   183    182    257
   183    257    258
   183    258    259
   183    259    186
   183    186    185
   183    185    184
   259    260    261
   259    261    262
   259    262    187
   259    187    186
   262    261    263
   262    263    264
   262    264    265
   262    265    266
   188    187    262
   188    262    266
   188    266    267
   188    267    191
   188    191    189
   266    265    268
   266    268    269
   266    269    270
   266    270    271
   266    271    267
   267    271    272
   267    272    192
   267    192    191
   270    273    274
   270    274    275
   270    275    272
   270    272    271
   192    272    275
   192    275    276
   192    276    196
   192    196    193
   276    275    274
   276    274    277
   276    277    278
   197    196    276
   197    276    278
   197    278    279
   197    279    199
   197    199    198
   132    199    279
   132    279    280
   132    280    281
   132    281    201
   132    201    200
   132    200    133
    79    201    281
    79    281    282
    79    282    283
    79    283     80
    80    283    284
    80    284    202
    80    202    134
    80    134     81
   284    285    286
   284    286    287
   284    287    203
   284    203    202
   204    203    287
   204    287    288
   204    288    205
   204    205    139
   204    139    138
   288    289    290
   288    290    206
   288    206    205
   206    290    291
   206    291    208
   206    208    207
   209    208    291
   209    291    292
   209    292    293
   209    293    210
   210    293    294
   210    294    295
   210    295    211
   211    295    296
   211    296    297
   211    297    213
   211    213    212
   214    213    297
   214    297    298
   214    298    299
   214    299    300
   214    300    215
   215    300    301
   215    301    302
   215    302    303
   215    303    216
   215    216    147
   215    147    146
   303    304    218
   303    218    217
   303    217    216
   218    304    305
   218    305    306
   218    306    307
   218    307    219
   150    220    308
   150    308    151
   151    308    309
   151    309    222
   151    222    221
   151    221    152
   222    309    310
   222    310    311
   222    311    223
   222    223    154
   222    154    153
   224    223    311
   224    311    312
   224    312    225
   225    312    313
   225    313    314
   225    314    226
   226    314    315
   226    315    228
   226    228    227
   315    316    317
   315    317    318
   315    318    230
   315    230    229
   315    229    228
   230    318    319
   230    319    232
   230    232    231
   319    320    321
   319    321    322
   319    322    323
   319    323    235
   319    235    234
   319    234    233
   319    233    232
   323    242    241
   323    241    236
   323    236    235
   322    324    325
   322    325    237
   322    237    242
   322    242    323
   326    327    328
   326    328    329
   326    329    325
   326    325    324
   325    329    330
   325    330    331
   325    331    238
   325    238    237
   331    332    333
   331    333    239
   331    239    238
   240    239    333
   240    333    334
   240    334    245
   240    245    243
   334    335    336
   334    336    337
   334    337    246
   334    246    245
   248    247    246
   248    246    337
   248    337    338
   248    338    250
   251    250    338
   251    338    339
   251    339    340
   251    340    252
   253    252    340
   253    340    341
   253    341    254
   254    341    342
   254    342    343
   254    343    256
   254    256    255
   257    256    343
   257    343    344
   257    344    345
   257    345    258
   258    345    346
   258    346    347
   258    347    260
   258    260    259
   347    348    349
   347    349    263
   347    263    261
   347    261    260
   263    349    350
   263    350    351
   263    351    352
   263    352    353
   263    353    264
   352    354    355
   352    355    356
   352    356    357
   352    357    358
   352    358    359
   352    359    353
   264    353    359
   264    359    360
   264    360    268
   264    268    265
   359    358    361
   359    361    362
   359    362    363
   359    363    360
   268    360    363
   268    363    364
   268    364    269
   363    362    365
   363    365    366
   363    366    367
   363    367    364
   269    364    367
   269    367    368
   269    368    273
   269    273    270
   368    367    366
   368    366    369
   368    369    370
   368    370    371
   277    274    273
   277    273    368
   277    368    371
   277    371    372
   372    371    370
   372    370    373
   372    373    374
   372    374    375
   279    278    277
   279    277    372
   279    372    375
   279    375    376
   279    376    280
   280    376    377
   280    377    378
   280    378    379
   280    379    380
   280    380    282
   280    282    281
   282    380    285
   282    285    284
   282    284    283
   379    381    382
   379    382    383
   379    383    286
   379    286    285
   379    285    380
   382    384    385
   382    385    386
   382    386    383
   286    383    386
   286    386    387
   286    387    289
   286    289    288
   286    288    287
   386    385    388
   386    388    389
   386    389    387
   291    290    289
   291    289    387
   291    387    389
   291    389    390
   291    390    292
   389    388    391
   389    391    392
   389    392    393
   389    393    394
   389    394    390
   292    390    394
   292    394    294
   292    294    293
   294    394    393
   294    393    395
   294    395    396
   294    396    296
   294    296    295
   297    296    396
   297    396    397
   297    397    298
   298    397    398
   298    398    399
   298    399    400
   298    400    401
   298    401    299
   299    401    301
   299    301    300
   301    401    400
   301    400    402
   301    402    403
   301    403    302
   302    403    404
   302    404    305
   302    305    304
   302    304    303
   404    405    406
   404    406    306
   404    306    305
   306    406    407
   306    407    408
   306    408    307
   219    307    408
   219    408    409
   219    409    310
   219    310    309
   219    309    308
   219    308    220
   408    407    410
   408    410    411
   408    411    412
   408    412    409
   310    409    412
   310    412    413
   310    413    313
   310    313    312
   310    312    311
   412    411    414
   412    414    415
   412    415    416
   412    416    413
   313    413    416
   313    416    417
   313    417    316
   313    316    315
   313    315    314
   416    415    418
   416    418    419
   416    419    420
   416    420    417
   417    420    421
   417    421    422
   417    422    317
   417    317    316
   421    423    424
   421    424    425
   421    425    422
   317    422    425
   317    425    426
   317    426    320
   317    320    319
   317    319    318
   426    427    428
   426    428    429
   426    429    430
   426    430    321
   426    321    320
   321    430    326
   321    326    324
   321    324    322
   429    431    432
   429    432    433
   429    433    327
   429    327    326
   429    326    430
   434    435    436
   434    436    437
   434    437    432
   434    432    431
   432    437    438
   432    438    433
   433    438    439
   433    439    328
   433    328    327
   328    439    440
   328    440    441
   328    441    330
   328    330    329
   330    441    442
   330    442    332
   330    332    331
   333    332    442
   333    442    443
   333    443    335
   333    335    334
   336    335    443
   336    443    444
   336    444    445
   338    337    336
   338    336    445
   338    445    446
   338    446    339
   340    339    446
   340    446    447
   340    447    448
   340    448    342
   340    342    341
   343    342    448
   343    448    449
   343    449    344
   344    449    450
   344    450    451
   344    451    452
   344    452    346
   344    346    345
   346    452    453
   346    453    348
   346    348    347
   453    454    455
   453    455    456
   453    456    350
   453    350    349
   453    349    348
   351    457    354
   351    354    352
   458    459    460
   458    460    461
   458    461    355
   458    355    354
   458    354    457
   355    461    462
   355    462    463
   355    463    464
   355    464    465
   355    465    356
   356    465    466
   356    466    467
   356    467    357
   466    468    469
   466    469    470
   466    470    467
   357    467    470
   357    470    471
   357    471    361
   357    361    358
   470    469    472
   470    472    473
   470    473    474
   470    474    471
   361    471    474
   361    474    475
   361    475    365
   361    365    362
   475    474    473
   475    473    476
   475    476    477
   475    477    478
   366    365    475
   366    475    478
   366    478    479
   366    479    369
   479    478    477
   479    477    480
   479    480    481
   479    481    482
   370    369    479
   370    479    482
   370    482    373
   373    482    481
   373    481    483
   373    483    484
   373    484    374
   375    374    484
   375    484    485
   375    485    486
   375    486    377
   375    377    376
   377    486    487
   377    487    488
   377    488    489
   377    489    490
   377    490    491
   377    491    378
   378    491    492
   378    492    381
   378    381    379
   490    493    494
   490    494    495
   490    495    492
   490    492    491
   494    496    497
   494    497    498
   494    498    495
   492    495    498
   492    498    499
   492    499    384
   492    384    382
   492    382    381
   498    497    500
   498    500    501
   498    501    502
   498    502    499
   499    502    503
   499    503    391
   499    391    388
   499    388    385
   499    385    384
   504    503    502
   504    502    501
   504    501    505
   391    503    504
   391    504    506
   391    506    392
   507    506    504
   507    504    505
   507    505    508
   507    508    509
   393    392    506
   393    506    507
   393    507    395
   510    511    512
   510    512    513
   510    513    514
   510    514    515
   398    515    514
   398    514    516
   398    516    399
   514    513    517
   514    517    518
   514    518    519
   514    519    516
   399    516    519
   399    519    520
   399    520    402
   399    402    400
   519    518    521
   519    521    522
   519    522    523
   519    523    520
   402    520    523
   402    523    524
   402    524    525
   402    525    405
   402    405    404
   402    404    403
   523    522    526
   523    526    527
   523    527    528
   523    528    524
   524    528    529
   524    529    530
   524    530    531
   524    531    525
   525    531    532
   525    532    410
   525    410    407
   525    407    406
   525    406    405
   530    533    534
   530    534    535
   530    535    536
   530    536    532
   530    532    531
   410    532    536
   410    536    537
   410    537    414
   410    414    411
   536    535    538
   536    538    539
   536    539    540
   536    540    541
   536    541    542
   536    542    537
   414    537    542
   414    542    543
   414    543    418
   414    418    415
   542    541    544
   542    544    545
   542    545    546
   542    546    543
   418    543    546
   418    546    547
   418    547    548
   418    548    419
   547    549    550
   547    550    551
   547    551    548
   419    548    551
   419    551    552
   419    552    423
   419    423    421
   419    421    420
   552    553    554
   552    554    424
   552    424    423
   425    424    554
   425    554    555
   425    555    556
   425    556    427
   425    427    426
   556    557    558
   556    558    559
   556    559    560
   556    560    428
   556    428    427
   428    560    434
   428    434    431
   428    431    429
   559    561    562
   559    562    435
   559    435    434
   559    434    560
   563    564    565
   563    565    562
   563    562    561
   566    567    568
   566    568    569
   566    569    564
   566    564    563
   562    565    570
   562    570    436
   562    436    435
   571    570    565
   571    565    564
   571    564    569
   571    569    572
   436    570    571
   436    571    573
   436    573    440
   436    440    439
   436    439    438
   436    438    437
   574    573    571
   574    571    572
   574    572    575
   444    443    442
   444    442    441
   444    441    440
   444    440    573
   444    573    574
   444    574    576
   446    445    444
   446    444    576
   446    576    577
   446    577    447
   448    447    577
   448    577    578
   448    578    579
   448    579    450
   448    450    449
   450    579    580
   450    580    581
   450    581    451
   451    581    454
   451    454    453
   451    453    452
   455    582    583
   455    583    584
   455    584    456
   350    456    584
   350    584    458
   350    458    457
   350    457    351
   585    586    587
   585    587    460
   585    460    459
   460    587    588
   460    588    462
   460    462    461
   462    588    589
   462    589    463
   463    589    590
   463    590    591
   463    591    592
   463    592    593
   463    593    464
   464    593    594
   464    594    468
   464    468    466
   464    466    465
   592    595    596
   592    596    597
   592    597    594
   592    594    593
   594    597    598
   594    598    472
   594    472    469
   594    469    468
   599    600    598
   599    598    597
   599    597    596
   599    596    601
   473    472    598
   473    598    600
   473    600    602
   473    602    476
   602    600    599
   602    599    603
   477    476    602
   477    602    603
   477    603    604
   477    604    480
   481    480    604
   481    604    605
   481    605    606
   481    606    607
   481    607    483
   484    483    607
   484    607    608
   484    608    485
   485    608    609
   485    609    610
   485    610    611
   485    611    487
   485    487    486
   487    611    612
   487    612    613
   487    613    614
   487    614    488
   488    614    615
   488    615    616
   488    616    617
   488    617    489
   489    617    618
   489    618    619
   489    619    493
   489    493    490
   619    620    496
   619    496    494
   619    494    493
   618    621    622
   618    622    623
   618    623    624
   618    624    625
   618    625    620
   618    620    619
   625    626    500
   625    500    497
   625    497    496
   625    496    620
   624    627    628
   624    628    629
   624    629    630
   624    630    626
   624    626    625
   505    501    500
   505    500    626
   505    626    630
   505    630    631
   505    631    508
   631    630    629
   631    629    632
   631    632    633
   509    508    631
   509    631    633
   509    633    634
   509    634    635
   509    635    636
   636    635    637
   636    637    638
   636    638    639
   639    638    640
   639    640    641
   639    641    511
   639    511    510
   641    642    643
   641    643    512
   641    512    511
   512    643    644
   512    644    517
   512    517    513
   517    644    645
   517    645    646
   517    646    521
   517    521    518
   521    646    647
   521    647    526
   521    526    522
   526    647    648
   526    648    649
   526    649    650
   526    650    527
   527    650    651
   527    651    529
   527    529    528
   529    651    652
   529    652    653
   529    653    533
   529    533    530
   653    654    655
   653    655    534
   653    534    533
   534    655    656
   534    656    657
   534    657    538
   534    538    535
   538    657    658
   538    658    659
   538    659    660
   538    660    661
   538    661    539
   539    661    662
   539    662    663
   539    663    540
   662    664    665
   662    665    666
   662    666    663
   540    663    666
   540    666    667
   540    667    544
   540    544    541
   544    667    668
   544    668    669
   544    669    670
   544    670    545
   546    545    670
   546    670    671
   546    671    549
   546    549    547
   671    672    673
   671    673    550
   671    550    549
   551    550    673
   551    673    674
   551    674    675
   551    675    553
   551    553    552
   554    553    675
   554    675    676
   554    676    677
   554    677    555
   555    677    678
   555    678    679
   555    679    557
   555    557    556
   679    680    681
   679    681    558
   679    558    557
   558    681    566
   558    566    563
   558    563    561
   558    561    559
   682    683    684
   682    684    567
   682    567    566
   682    566    681
   682    681    680
   685    686    687
   685    687    683
   685    683    682
   568    567    684
   568    684    688
   688    684    683
   688    683    687
   688    687    689
   688    689    690
   575    572    569
   575    569    568
   575    568    688
   575    688    690
   575    690    691
   691    690    689
   691    689    692
   691    692    693
   577    576    574
   577    574    575
   577    575    691
   577    691    693
   577    693    694
   577    694    695
   577    695    578
   578    695    696
   578    696    697
   578    697    580
   578    580    579
   580    697    698
   580    698    699
   580    699    582
   580    582    455
   580    455    454
   580    454    581
   699    700    701
   699    701    583
   699    583    582
   584    583    701
   584    701    702
   584    702    585
   584    585    459
   584    459    458
   702    703    704
   702    704    705
   702    705    586
   702    586    585
   705    590    589
   705    589    588
   705    588    587
   705    587    586
   704    706    707
   704    707    591
   704    591    590
   704    590    705
   708    709    710
   708    710    707
   708    707    706
   591    707    710
   591    710    711
   591    711    595
   591    595    592
   711    710    709
   711    709    712
   711    712    713
   711    713    714
   711    714    715
   601    596    595
   601    595    711
   601    711    715
   601    715    716
   716    715    714
   716    714    717
   604    603    599
   604    599    601
   604    601    716
   604    716    717
   604    717    718
   604    718    605
   605    718    719
   605    719    720
   605    720    721
   605    721    606
   607    606    721
   607    721    722
   607    722    723
   607    723    609
   607    609    608
   609    723    724
   609    724    725
   609    725    610
   610    725    726
   610    726    727
   610    727    728
   610    728    612
   610    612    611
   612    728    729
   612    729    730
   612    730    731
   612    731    613
   613    731    732
   613    732    615
   613    615    614
   616    733    621
   616    621    618
   616    618    617
   734    735    622
   734    622    621
   734    621    733
   623    736    627
   623    627    624
   737    738    739
   737    739    740
   737    740    628
   737    628    627
   737    627    736
   629    628    740
   629    740    741
   629    741    632
   633    632    741
   633    741    742
   633    742    743
   633    743    634
   634    743    744
   634    744    745
   634    745    637
   634    637    635
   637    745    746
   637    746    747
   637    747    640
   637    640    638
   640    747    748
   640    748    642
   640    642    641
   748    749    750
   748    750    645
   748    645    644
   748    644    643
   748    643    642
   645    750    751
   645    751    648
   645    648    647
   645    647    646
   648    751    752
   648    752    753
   648    753    754
   648    754    649
   649    754    652
   649    652    651
   649    651    650
   755    756    656
   755    656    655
   755    655    654
   656    756    757
   656    757    758
   656    758    658
   656    658    657
   658    758    759
   658    759    760
   658    760    761
   658    761    659
   659    761    762
   659    762    763
   659    763    764
   659    764    660
   660    764    765
   660    765    664
   660    664    662
   660    662    661
   765    766    767
   765    767    768
   765    768    665
   765    665    664
   666    665    768
   666    768    769
   666    769    668
   666    668    667
   668    769    770
   668    770    771
   668    771    669
   670    669    771
   670    771    772
   670    772    773
   670    773    672
   670    672    671
   673    672    773
   673    773    774
   673    774    674
   674    774    775
   674    775    776
   674    776    777
   674    777    676
   674    676    675
   676    777    778
   676    778    779
   676    779    678
   676    678    677
   678    779    685
   678    685    682
   678    682    680
   678    680    679
   778    780    781
   778    781    686
   778    686    685
   778    685    779
   782    783    784
   782    784    781
   782    781    780
   689    687    686
   689    686    781
   689    781    784
   689    784    785
   689    785    692
   785    784    783
   785    783    786
   785    786    787
   693    692    785
   693    785    787
   693    787    788
   693    788    694
   694    788    789
   694    789    790
   694    790    791
   694    791    696
   694    696    695
   696    791    792
   696    792    793
   696    793    698
   696    698    697
   698    793    794
   698    794    795
   698    795    796
   698    796    700
   698    700    699
   701    700    796
   701    796    797
   701    797    798
   701    798    703
   701    703    702
   797    799    800
   797    800    801
   797    801    798
   798    801    802
   798    802    708
   798    708    706
   798    706    704
   798    704    703
   802    803    712
   802    712    709
   802    709    708
   800    804    805
   800    805    803
   800    803    802
   800    802    801
   713    712    803
   713    803    805
   713    805    806
   806    805    804
   806    804    807
   806    807    808
   806    808    809
   717    714    713
   717    713    806
   717    806    809
   717    809    719
   717    719    718
   719    809    808
   719    808    810
   719    810    811
   719    811    812
   719    812    720
   721    720    812
   721    812    813
   721    813    814
   721    814    722
   722    814    815
   722    815    816
   722    816    724
   722    724    723
   724    816    817
   724    817    818
   724    818    819
   724    819    726
   724    726    725
   726    819    820
   726    820    821
   726    821    727
   727    821    822
   727    822    729
   727    729    728
   615    732    823
   615    823    734
   615    734    733
   615    733    616
   730    824    825
   730    825    823
   730    823    732
   730    732    731
   622    735    826
   622    826    737
   622    737    736
   622    736    623
   827    828    738
   827    738    737
   827    737    826
   741    740    739
   741    739    829
   741    829    742
   742    829    830
   742    830    831
   742    831    744
   742    744    743
   744    831    832
   744    832    746
   744    746    745
   746    832    833
   746    833    834
   746    834    749
   746    749    748
   746    748    747
   834    835    752
   834    752    751
   834    751    750
   834    750    749
   752    835    836
   752    836    837
   752    837    838
   752    838    753
   652    754    753
   652    753    838
   652    838    755
   652    755    654
   652    654    653
   839    840    759
   839    759    758
   839    758    757
   759    840    841
   759    841    760
   760    841    842
   760    842    843
   760    843    844
   760    844    762
   760    762    761
   762    844    845
   762    845    846
   762    846    763
   763    846    847
   763    847    766
   763    766    765
   763    765    764
   847    848    849
   847    849    767
   847    767    766
   768    767    849
   768    849    850
   768    850    770
   768    770    769
   771    770    850
   771    850    851
   771    851    852
   771    852    772
   772    852    853
   772    853    854
   772    854    855
   772    855    775
   772    775    774
   772    774    773
   775    855    856
   775    856    857
   775    857    776
   776    857    782
   776    782    780
   776    780    778
   776    778    777
   856    858    859
   856    859    786
   856    786    783
   856    783    782
   856    782    857
   859    858    860
   859    860    861
   859    861    862
   859    862    863
   787    786    859
   787    859    863
   787    863    789
   787    789    788
   789    863    862
   789    862    864
   789    864    865
   789    865    866
   789    866    790
   790    866    867
   790    867    868
   790    868    792
   790    792    791
   792    868    869
   792    869    870
   792    870    794
   792    794    793
   794    870    871
   794    871    872
   794    872    873
   794    873    874
   794    874    795
   873    875    876
   873    876    877
   873    877    874
   795    874    877
   795    877    878
   795    878    799
   795    799    797
   795    797    796
   878    879    807
   878    807    804
   878    804    800
   878    800    799
   877    876    880
   877    880    881
   877    881    879
   877    879    878
   808    807    879
   808    879    881
   808    881    810
   810    881    880
   810    880    882
   810    882    883
   810    883    811
   812    811    883
   812    883    884
   812    884    813
   813    884    885
   813    885    886
   813    886    887
   813    887    888
   813    888    815
   813    815    814
   815    888    889
   815    889    890
   815    890    817
   815    817    816
   817    890    891
   817    891    892
   817    892    893
   817    893    818
   818    893    894
   818    894    820
   818    820    819
   729    822    895
   729    895    824
   729    824    730
   820    894    896
   820    896    895
   820    895    822
   820    822    821
   823    825    897
   823    897    827
   823    827    826
   823    826    735
   823    735    734
   897    898    899
   897    899    828
   897    828    827
   739    738    828
   739    828    899
   739    899    900
   739    900    830
   739    830    829
   830    900    901
   830    901    833
   830    833    832
   830    832    831
   833    901    902
   833    902    903
   833    903    836
   833    836    835
   833    835    834
   903    904    905
   903    905    837
   903    837    836
   838    837    905
   838    905    906
   838    906    839
   838    839    757
   838    757    756
   838    756    755
   906    907    842
   906    842    841
   906    841    840
   906    840    839
   908    909    910
   908    910    843
   908    843    842
   908    842    907
   843    910    911
   843    911    845
   843    845    844
   912    911    910
   912    910    909
   912    909    913
   912    913    914
   845    911    912
   845    912    848
   845    848    847
   845    847    846
   850    849    848
   850    848    912
   850    912    914
   850    914    915
   850    915    916
   850    916    851
   851    916    917
   851    917    918
   851    918    853
   851    853    852
   853    918    919
   853    919    861
   853    861    860
   853    860    854
   854    860    858
   854    858    856
   854    856    855
   862    861    919
   862    919    920
   862    920    864
   864    920    921
   864    921    922
   864    922    923
   864    923    924
   864    924    865
   865    924    925
   865    925    867
   865    867    866
   867    925    926
   867    926    927
   867    927    928
   867    928    869
   867    869    868
   869    928    929
   869    929    930
   869    930    931
   869    931    871
   869    871    870
   871    931    932
   871    932    933
   871    933    934
   871    934    872
   872    934    935
   872    935    875
   872    875    873
   880    876    875
   880    875    935
   880    935    936
   880    936    882
   936    935    934
   936    934    933
   936    933    937
   936    937    938
   883    882    936
   883    936    938
   883    938    885
   883    885    884
   885    938    937
   885    937    939
   885    939    940
   885    940    886
   886    940    941
   886    941    942
   886    942    887
   887    942    943
   887    943    944
   887    944    889
   887    889    888
   889    944    945
   889    945    891
   889    891    890
   892    946    947
   892    947    896
   892    896    894
   892    894    893
   891    945    948
   891    948    946
   891    946    892
   895    896    947
   895    947    949
   895    949    898
   895    898    897
   895    897    825
   895    825    824
   947    946    948
   947    948    950
   947    950    951
   947    951    949
   949    951    952
   949    952    953
   949    953    954
   949    954    902
   949    902    901
   949    901    900
   949    900    899
   949    899    898
   902    954    955
   902    955    956
   902    956    904
   902    904    903
   905    904    956
   905    956    957
   905    957    958
   905    958    908
   905    908    907
   905    907    906
   958    959    913
   958    913    909
   958    909    908
   957    960    961
   957    961    959
   957    959    958
   914    913    959
   914    959    961
   914    961    962
   914    962    915
   963    964    965
   963    965    962
   963    962    961
   963    961    960
   915    962    965
   915    965    966
   915    966    917
   915    917    916
   921    966    965
   921    965    964
   921    964    967
   921    967    922
   917    966    921
   917    921    920
   917    920    919
   917    919    918
   923    968    969
   923    969    970
   923    970    926
   923    926    925
   923    925    924
   926    970    971
   926    971    972
   926    972    927
   927    972    973
   927    973    974
   927    974    975
   927    975    929
   927    929    928
   929    975    976
   929    976    977
   929    977    978
   929    978    930
   930    978    979
   930    979    980
   930    980    932
   930    932    931
   937    933    932
   937    932    980
   937    980    981
   937    981    939
   980    979    982
   980    982    983
   980    983    984
   980    984    981
   939    981    984
   939    984    985
   939    985    941
   939    941    940
   984    983    986
   984    986    987
   984    987    985
   941    985    987
   941    987    988
   941    988    943
   941    943    942
   943    988    989
   943    989    950
   943    950    948
   943    948    945
   943    945    944
   987    986    990
   987    990    991
   987    991    989
   987    989    988
   950    989    991
   950    991    992
   950    992    993
   950    993    952
   950    952    951
   952    993    994
   952    994    995
   952    995    996
   952    996    997
   952    997    953
   953    997    998
   953    998    999
   953    999    955
   953    955    954
   955    999   1000
   955   1000    963
   955    963    960
   955    960    957
   955    957    956
   998   1001   1002
   998   1002   1000
   998   1000    999
  1000   1002   1003
  1000   1003    967
  1000    967    964
  1000    964    963
  1003   1002   1001
  1003   1001   1004
  1003   1004    969
  1003    969    968
   922    967   1003
   922   1003    968
   922    968    923
   971   1005   1006
   971   1006   1007
   971   1007    973
   971    973    972
   973   1007   1008
   973   1008   1009
   973   1009   1010
   973   1010    974
   974   1010   1011
   974   1011   1012
   974   1012   1013
   974   1013    976
   974    976    975
   977   1014    982
   977    982    979
   977    979    978
   976   1013   1015
   976   1015   1016
   976   1016   1014
   976   1014    977
   982   1014   1016
   982   1016    990
   982    990    986
   982    986    983
   991    990   1016
   991   1016   1015
   991   1015   1017
   991   1017    992
   992   1017   1018
   992   1018   1019
   992   1019    994
   992    994    993
   994   1019   1020
   994   1020   1009
   994   1009   1008
   994   1008   1021
   994   1021    995
   996   1022   1004
   996   1004   1001
   996   1001    998
   996    998    997
   995   1021   1006
   995   1006   1005
   995   1005   1022
   995   1022    996
   969   1004   1022
   969   1022   1005
   969   1005    971
   969    971    970
  1020   1011   1010
  1020   1010   1009
  1015   1013   1012
  1015   1012   1018
  1015   1018   1017
  1018   1012   1011
  1018   1011   1020
  1018   1020   1019
  1008   1007   1006
  1008   1006   1021
   396    395    507
   396    507    509
   396    509    636
   396    636    639
   396    639    510
   396    510    515
   396    515    398
   396    398    397
