574 1144
    0.287027     0.316123     0.491075
    0.287027     0.222665     0.503379
    0.374873     0.222665     0.491814
    0.370012     0.257075     0.487924
    0.299946     0.327141     0.487924
    0.297603     0.327472     0.488189
    0.083414     0.287356     0.468056
   -0.098337     0.105605     0.468056
    0.169968     0.105605     0.503379
   -0.334564     0.044835     0.428956
   -0.352243     0.028361     0.424459
    0.015153    -0.339035     0.424459
    0.063892    -0.345921     0.429970
    0.155379    -0.247743     0.454939
    0.169968    -0.191033     0.464326
    0.424466     0.176452     0.479201
    0.435980     0.074979     0.464326
    0.445451     0.142020     0.471905
    0.432531     0.166372     0.476812
    0.375098     0.276057     0.482560
    0.391860     0.255168     0.479201
    0.350129     0.318212     0.478730
    0.332482     0.335859     0.478730
    0.297603     0.362896     0.473515
    0.329532     0.342390     0.476531
    0.323537     0.352154     0.473515
    0.287932     0.383511     0.463317
    0.229050     0.446406     0.427163
    0.097324     0.433711     0.409821
   -0.122684     0.342580     0.409821
   -0.408187     0.319600     0.351318
   -0.415821     0.322359     0.347683
   -0.496599     0.285880     0.320482
   -0.623377    -0.020191     0.320482
   -0.624578    -0.032645     0.322122
   -0.477983    -0.032645     0.382843
   -0.647037    -0.053671     0.309211
   -0.644242    -0.082674     0.305393
   -0.559309    -0.287720     0.305393
   -0.550690    -0.303991     0.306171
   -0.543836    -0.318937     0.304368
   -0.500439    -0.392202     0.297712
   -0.477979    -0.428476     0.294634
   -0.447312    -0.459143     0.294634
   -0.436381    -0.460023     0.296873
   -0.260509    -0.532872     0.296873
   -0.146787    -0.543832     0.311845
   -0.115738    -0.535232     0.320735
    0.032721    -0.463291     0.376005
    0.063892    -0.429996     0.395145
    0.298357    -0.407399     0.364277
    0.476239    -0.333718     0.364277
    0.516428    -0.225258     0.379491
    0.507903    -0.331169     0.357788
    0.558605    -0.123433     0.379491
    0.569459    -0.010819     0.394317
    0.568638    -0.009126     0.394947
    0.507333     0.084086     0.436333
    0.443066     0.199518     0.461913
    0.488833     0.153130     0.436333
    0.437700     0.206162     0.463519
    0.348451     0.323472     0.476531
    0.302818     0.382085     0.460407
    0.297904     0.386681     0.458835
    0.321380     0.358479     0.470181
    0.229050     0.467073     0.411304
    0.242300     0.463523     0.411304
    0.148799     0.577314     0.310214
    0.073974     0.642216     0.245028
   -0.032462     0.631565     0.231317
   -0.299802     0.559932     0.231317
   -0.401053     0.550116     0.211593
   -0.408622     0.543035     0.214015
   -0.415821     0.521930     0.225143
   -0.568799     0.368952     0.225143
   -0.595302     0.285880     0.259877
   -0.656875     0.220055     0.238812
   -0.665277     0.204578     0.237589
   -0.672182     0.133360     0.251463
   -0.696190     0.043760     0.251463
   -0.701829    -0.012593     0.258722
   -0.695446    -0.026547     0.266489
   -0.672421    -0.053092     0.289614
   -0.671626    -0.053671     0.290343
   -0.656889    -0.108672     0.290343
   -0.653982    -0.113321     0.291618
   -0.471561    -0.441685     0.290464
   -0.447312    -0.465934     0.290464
   -0.446203    -0.469186     0.288749
   -0.392225    -0.537830     0.260329
   -0.375378    -0.553590     0.254938
   -0.337305    -0.557281     0.262354
   -0.299402    -0.567437     0.262354
   -0.231839    -0.574197     0.271058
    0.236854    -0.442865     0.349708
    0.330770    -0.417701     0.349708
    0.492762    -0.401996     0.318151
    0.518033    -0.378358     0.326238
    0.518033    -0.341299     0.348992
    0.524541    -0.376281     0.323516
    0.553091    -0.347731     0.323516
    0.555143    -0.341299     0.326206
    0.598516    -0.249001     0.323049
    0.577878    -0.316994     0.318428
    0.594977    -0.285495     0.315940
    0.634602    -0.085922     0.328889
    0.630065    -0.131255     0.323049
    0.579789     0.030615     0.370113
    0.645935    -0.085922     0.314119
    0.635139    -0.031643     0.314119
    0.491147     0.151520     0.434188
    0.348451     0.331408     0.470181
    0.358292     0.325004     0.463519
    0.240634     0.477652     0.395717
    0.233486     0.492265     0.381251
    0.170157     0.583307     0.296866
    0.101800     0.668767     0.203213
    0.073974     0.674302     0.203213
    0.149688     0.626192     0.246283
    0.041895     0.700244     0.161089
    0.016346     0.714999     0.135237
   -0.096277     0.702515     0.122311
   -0.206894     0.680512     0.122311
   -0.262848     0.673721     0.112967
   -0.296407     0.660407     0.117890
   -0.347137     0.638229     0.127671
   -0.357445     0.632273     0.131309
   -0.387277     0.610402     0.147119
   -0.395304     0.598862     0.157815
   -0.436278     0.571484     0.157815
   -0.441800     0.565173     0.160954
   -0.456205     0.543035     0.175939
   -0.518229     0.481012     0.175939
   -0.546180     0.443304     0.183746
   -0.568799     0.384271     0.212885
   -0.633423     0.287555     0.212885
   -0.711569     0.141437     0.204126
   -0.715201     0.111511     0.209124
   -0.731414     0.030002     0.209124
   -0.719274     0.008980     0.230395
   -0.686895    -0.069537     0.266489
   -0.679401    -0.077966     0.274070
   -0.537814    -0.336266     0.297712
   -0.470230    -0.445159     0.288749
   -0.387571    -0.544983     0.255487
   -0.384009    -0.549054     0.253463
   -0.375220    -0.554927     0.253463
   -0.361940    -0.574017     0.235768
   -0.355186    -0.578970     0.232188
   -0.344935    -0.580214     0.233900
   -0.268562    -0.595405     0.233900
    0.293313    -0.458708     0.314425
   -0.060766    -0.529139     0.314425
    0.460881    -0.438371     0.286444
    0.484583    -0.420994     0.299005
    0.491734    -0.410713     0.308534
    0.537951    -0.379831     0.308534
    0.540261    -0.376281     0.310937
    0.553091    -0.359462     0.314129
    0.550614    -0.365929     0.310937
    0.573990    -0.328186     0.314129
    0.645549    -0.186435     0.288566
    0.611883    -0.262437     0.303720
    0.613687    -0.259314     0.302617
    0.650045    -0.176527     0.285275
    0.662659    -0.113114     0.285275
    0.663157    -0.108618     0.285791
    0.660329    -0.103720     0.290747
    0.667837    -0.061133     0.256335
    0.674431    -0.108618     0.258573
    0.678118    -0.098219     0.245697
    0.680228    -0.090309     0.237578
    0.677475    -0.072929     0.237578
    0.649113    -0.035525     0.285688
    0.482107     0.266068     0.317296
    0.513940     0.229768     0.285688
    0.455685     0.299305     0.324593
    0.447569     0.311028     0.317602
    0.221712     0.536886     0.317602
    0.150635     0.626118     0.245317
    0.120176     0.678545     0.157851
    0.113979     0.683979     0.152455
    0.094871     0.693716     0.152455
    0.077385     0.706501     0.132413
    0.066617     0.715299     0.115290
    0.037368     0.719931     0.115290
    0.023343     0.721603     0.116617
    0.016346     0.719736     0.123799
   -0.038187     0.713236     0.118640
   -0.100820     0.703316     0.118640
   -0.131755     0.699065     0.114543
   -0.246823     0.679654     0.107054
   -0.377869     0.621866     0.131309
   -0.391305     0.610084     0.143009
   -0.430093     0.579248     0.151526
   -0.500834     0.506140     0.160954
   -0.624942     0.344229     0.161992
   -0.629852     0.332800     0.166713
   -0.729959     0.136329     0.166713
   -0.740205     0.122315     0.150650
   -0.747611     0.107156     0.141195
   -0.734165     0.030886     0.202822
   -0.760260     0.082717     0.120004
   -0.764655     0.054968     0.120004
   -0.756118     0.030886     0.149822
   -0.755533     0.027195     0.149822
   -0.735479    -0.011554     0.183422
   -0.725128    -0.024223     0.203566
   -0.693295    -0.067759     0.253468
   -0.546474    -0.355911     0.253468
   -0.535254    -0.368706     0.264609
   -0.475603    -0.443742     0.281085
   -0.445889    -0.486665     0.255487
   -0.364271    -0.573834     0.233389
   -0.349597    -0.599091     0.191252
   -0.342526    -0.612835     0.164683
   -0.270059    -0.600059     0.223237
   -0.334610    -0.631014     0.123823
   -0.323932    -0.639738     0.106843
   -0.270059    -0.648271     0.106843
   -0.244294    -0.657404     0.074942
   -0.217717    -0.664495     0.047661
   -0.045360    -0.643950     0.031355
    0.289564    -0.590904     0.031355
    0.438493    -0.518977     0.122452
    0.351565    -0.582384     0.023143
    0.352196    -0.582076     0.023536
    0.520934    -0.418125     0.261909
    0.451792    -0.512201     0.122452
    0.481325    -0.486302     0.148167
    0.531271    -0.405148     0.272422
    0.537100    -0.399318     0.272422
    0.562360    -0.362829     0.294182
    0.573185    -0.338386     0.303720
    0.563063    -0.361945     0.293988
    0.667529    -0.140739     0.262954
    0.670144    -0.135687     0.258573
    0.686574    -0.064497     0.168312
    0.683931    -0.068416     0.192302
    0.683931    -0.087935     0.211822
    0.684653    -0.087935     0.206337
    0.688202    -0.065020     0.156467
    0.678042     0.010529    -0.020864
    0.676147     0.021784    -0.044085
    0.658237     0.085759    -0.116153
    0.645854     0.126443    -0.153652
    0.642710     0.134032    -0.153652
    0.635070     0.132726    -0.084997
    0.688202    -0.055079     0.121917
    0.605335     0.197820    -0.245563
    0.596820     0.210611    -0.255892
    0.432935     0.424190    -0.255892
    0.341127     0.532837    -0.188848
    0.315631     0.558333    -0.141726
    0.264473     0.601562    -0.110158
    0.249033     0.613410    -0.110158
    0.209911     0.639452    -0.078569
    0.171668     0.664161    -0.041741
    0.128330     0.691264     0.007121
    0.098706     0.708622     0.049806
    0.094286     0.710821     0.059273
    0.093968     0.708958     0.076015
    0.067091     0.715977     0.110535
    0.081684     0.714657     0.070888
    0.064058     0.719592     0.090745
    0.061696     0.719931     0.090962
    0.048926     0.721612     0.090962
    0.023343     0.721612     0.116545
   -0.040282     0.713236     0.116545
   -0.062011     0.710112     0.114543
   -0.336933     0.643621     0.117890
   -0.351333     0.637133     0.122282
   -0.371432     0.626892     0.122282
   -0.376597     0.623453     0.126453
   -0.443592     0.572046     0.126453
   -0.475212     0.545327     0.106941
   -0.485319     0.535221     0.106941
   -0.517444     0.497203     0.083481
   -0.650597     0.323675     0.083481
   -0.694032     0.258425     0.030794
   -0.715836     0.215633     0.030794
   -0.726655     0.191619     0.023471
   -0.775638     0.073364     0.023471
   -0.776073     0.071810     0.025221
   -0.771513     0.073275     0.058398
   -0.771513     0.055459     0.076214
   -0.770747     0.054968     0.081542
   -0.778152     0.056023     0.025221
   -0.778152     0.055459     0.025786
   -0.770747     0.039960     0.066534
   -0.776348     0.041759     0.025786
   -0.738272    -0.059983    -0.008342
   -0.696488    -0.160859    -0.008342
   -0.775642     0.039239     0.022946
   -0.771665     0.026170     0.010901
   -0.764317     0.006325     0.003579
   -0.755531    -0.016480    -0.001960
   -0.673896    -0.211002    -0.023633
   -0.637023    -0.283368    -0.023633
   -0.628514    -0.296151    -0.033955
   -0.414491    -0.575071    -0.033955
   -0.384663    -0.610371    -0.012172
   -0.379623    -0.615411    -0.002857
   -0.378045    -0.613833     0.019295
   -0.338208    -0.635086     0.093286
   -0.331805    -0.652102    -0.002857
   -0.331251    -0.652427    -0.002059
   -0.330031    -0.645292     0.062054
   -0.328156    -0.645782     0.064463
   -0.318276    -0.657802    -0.002059
   -0.318403    -0.657404     0.000833
   -0.307880    -0.660712    -0.013769
   -0.272241    -0.665836    -0.017054
   -0.217717    -0.673015    -0.017054
   -0.161505    -0.673015    -0.073266
    0.000994    -0.662988    -0.159607
    0.093376    -0.655298    -0.193577
    0.179572    -0.643950    -0.193577
    0.238090    -0.635536    -0.198970
    0.295749    -0.626404    -0.198970
    0.321105    -0.618686    -0.175599
    0.397998    -0.570115    -0.035291
    0.326105    -0.616615    -0.175599
    0.375293    -0.587795    -0.104726
    0.376470    -0.587085    -0.102863
    0.427847    -0.542089     0.030987
    0.486275    -0.483661     0.138973
    0.502085    -0.464952     0.150518
    0.504106    -0.462318     0.150518
    0.579901    -0.348455     0.242458
    0.603917    -0.296726     0.254565
    0.586028    -0.336431     0.242458
    0.670876    -0.135073     0.254565
    0.678118    -0.111280     0.232636
    0.674820     0.022635    -0.053315
    0.658237     0.084794    -0.117118
    0.642464     0.129287    -0.172210
    0.610165     0.179324    -0.269319
    0.601230     0.187488    -0.294011
    0.586036     0.206085    -0.323582
    0.576038     0.219759    -0.339255
    0.569579     0.232435    -0.339255
    0.560701     0.242559    -0.348070
    0.544872     0.262470    -0.352442
    0.542567     0.265553    -0.351965
    0.493338     0.331965    -0.338215
    0.478694     0.352508    -0.329326
    0.445918     0.399855    -0.301090
    0.443240     0.402533    -0.301090
    0.437663     0.408906    -0.297921
    0.407151     0.447213    -0.266889
    0.340826     0.532997    -0.189408
    0.304872     0.563592    -0.165529
    0.251322     0.610553    -0.118901
    0.248189     0.612149    -0.118901
    0.242334     0.615745    -0.115732
    0.101710     0.705041     0.030203
    0.092107     0.706562     0.030203
    0.069273     0.714657     0.058477
    0.048926     0.720085     0.079362
   -0.034746     0.710112     0.087278
   -0.249854     0.676042     0.087278
   -0.290019     0.655872     0.057635
   -0.268715     0.666280     0.070923
   -0.330546     0.626240     0.011183
   -0.400517     0.590588     0.011183
   -0.416270     0.576773    -0.002534
   -0.456676     0.507225    -0.118563
   -0.575480     0.388421    -0.118563
   -0.586741     0.372153    -0.128264
   -0.620197     0.330069    -0.119024
   -0.657025     0.288073    -0.082457
   -0.740633     0.137629    -0.046505
   -0.740823     0.137369    -0.046207
   -0.699832     0.204060    -0.082457
   -0.775276     0.073480     0.020838
   -0.758285     0.101626    -0.023914
   -0.770990     0.077076    -0.002627
   -0.773836     0.063024     0.001285
   -0.775276     0.058960     0.006318
   -0.772160     0.069692    -0.002627
   -0.776060     0.056023     0.009332
   -0.775642     0.052521     0.009664
   -0.772948     0.035511     0.009664
   -0.676340    -0.201642    -0.035654
   -0.637450    -0.268952    -0.059412
   -0.620195    -0.302816    -0.059412
   -0.571647    -0.360549    -0.093154
   -0.494686    -0.457359    -0.114411
   -0.474656    -0.482877    -0.117979
   -0.448964    -0.517537    -0.110803
   -0.432489    -0.541337    -0.096610
   -0.602022    -0.323539    -0.077456
   -0.380063    -0.593762    -0.096610
   -0.354118    -0.626335    -0.070223
   -0.353839    -0.626815    -0.069422
   -0.342000    -0.637197    -0.059114
   -0.331498    -0.650306    -0.018998
   -0.312933    -0.652008    -0.059114
   -0.311087    -0.653357    -0.056999
   -0.312434    -0.655284    -0.043483
   -0.231284    -0.664323    -0.067569
   -0.221726    -0.665836    -0.067569
    0.180472    -0.637869    -0.238869
    0.200043    -0.635536    -0.237017
    0.269922    -0.624468    -0.237017
    0.292036    -0.621430    -0.234088
    0.298146    -0.621751    -0.225948
    0.298831    -0.622731    -0.219078
    0.325940    -0.615651    -0.184259
    0.302195    -0.619688    -0.225948
    0.326988    -0.614344    -0.188261
    0.331891    -0.610950    -0.185337
    0.345357    -0.597484    -0.185337
    0.362877    -0.583528    -0.171144
    0.385325    -0.570486    -0.133693
    0.423677    -0.526753    -0.095614
    0.634284    -0.113412    -0.095614
    0.645226    -0.098448    -0.078462
    0.649563    -0.093140    -0.070021
    0.659535    -0.073873    -0.053315
    0.678042    -0.058343     0.048008
    0.594814     0.187488    -0.309501
    0.583404     0.191158    -0.335644
    0.583057     0.191158    -0.336393
    0.579990     0.194951    -0.341373
    0.574997     0.220048    -0.341373
    0.568212     0.227680    -0.348237
    0.561111     0.237365    -0.353370
    0.560275     0.237947    -0.354145
    0.547493     0.257077    -0.354145
    0.461862     0.373913    -0.320463
    0.430439     0.413733    -0.297921
    0.293092     0.572229    -0.159286
    0.090745     0.645898    -0.115732
    0.092107     0.650134    -0.106027
    0.033712     0.612961    -0.173441
   -0.000702     0.585131    -0.218631
   -0.361920     0.513280    -0.218631
   -0.365167     0.510394    -0.221551
   -0.454384     0.503352    -0.130508
   -0.385744     0.475222    -0.258651
   -0.458337     0.426717    -0.258651
   -0.467331     0.423271    -0.254212
   -0.475423     0.423622    -0.244239
   -0.373669     0.492580    -0.242562
   -0.532545     0.386454    -0.205573
   -0.557159     0.349617    -0.205573
   -0.622226     0.304356    -0.145263
   -0.676601     0.230190    -0.105958
   -0.757216     0.095568    -0.028809
   -0.746319     0.109043    -0.046505
   -0.771621     0.043042     0.003579
   -0.628623    -0.280992    -0.065793
   -0.533615    -0.399097    -0.114411
   -0.381559    -0.588095    -0.104695
   -0.387431    -0.579070    -0.110803
   -0.320338    -0.629001    -0.104695
   -0.319215    -0.629391    -0.105126
   -0.303350    -0.623220    -0.125212
   -0.192204    -0.636709    -0.143772
   -0.136973    -0.647695    -0.143772
    0.213864    -0.618585    -0.272656
    0.227794    -0.617041    -0.271058
    0.293980    -0.614430    -0.248330
    0.288504    -0.604965    -0.271058
    0.298855    -0.614045    -0.243355
    0.300072    -0.609433    -0.249933
    0.290288    -0.601226    -0.275468
    0.291234    -0.600594    -0.275468
    0.288415    -0.535656    -0.355492
    0.288774    -0.507078    -0.387939
    0.299131    -0.480047    -0.401281
    0.380676    -0.358007    -0.401281
    0.401418    -0.298308    -0.424212
    0.498485    -0.165912    -0.354046
    0.515935    -0.146283    -0.336393
    0.559084     0.194951    -0.368618
    0.559069     0.195096    -0.368599
    0.549236     0.231793    -0.368599
    0.553335     0.238765    -0.361801
    0.502233     0.305887    -0.351965
    0.431821     0.402013    -0.310850
    0.429964     0.402194    -0.311212
    0.049980     0.504010    -0.311212
   -0.000702     0.509081    -0.317741
   -0.106240     0.417538    -0.409683
   -0.109620     0.412896    -0.413940
   -0.260666     0.372423    -0.413940
   -0.346559     0.402394    -0.353578
   -0.391235     0.428659    -0.310019
   -0.397324     0.426717    -0.307474
   -0.406309     0.417732    -0.307474
   -0.467331     0.414358    -0.261344
   -0.556730     0.349667    -0.206045
   -0.663775     0.184480    -0.134523
   -0.585778     0.241258    -0.206045
   -0.729208     0.109043    -0.068804
   -0.726868     0.085667    -0.065793
   -0.474656    -0.445608    -0.147802
   -0.485793    -0.433702    -0.143992
   -0.455360    -0.452189    -0.157976
   -0.328479    -0.579070    -0.157976
   -0.307777    -0.585675    -0.166632
    0.130046    -0.546284    -0.345153
   -0.127565    -0.479728    -0.342338
   -0.115027    -0.480617    -0.345153
    0.213864    -0.554671    -0.355950
    0.217244    -0.551739    -0.358895
    0.284299    -0.570556    -0.316991
    0.248090    -0.509366    -0.397751
    0.283790    -0.499800    -0.397751
    0.289885    -0.389541    -0.481103
    0.299131    -0.380295    -0.481103
    0.320346    -0.313799    -0.508906
    0.326581    -0.307134    -0.506773
    0.329474    -0.277294    -0.512586
    0.401292    -0.009263    -0.512586
    0.438607     0.047474    -0.487395
    0.438876     0.048027    -0.487189
    0.482956     0.107184    -0.445078
    0.518947     0.220423    -0.394178
    0.406939     0.125129    -0.487189
    0.502233     0.220423    -0.404441
    0.366579     0.110544    -0.506409
   -0.004301     0.264168    -0.506409
   -0.062076     0.269736    -0.514015
   -0.109620     0.320520    -0.484823
   -0.111956     0.320295    -0.484515
   -0.250499     0.364330    -0.422241
   -0.157193     0.301557    -0.484515
   -0.205004     0.318834    -0.461747
   -0.365452     0.402394    -0.341977
   -0.242502     0.228306    -0.461747
   -0.275381     0.228306    -0.441558
   -0.314237     0.241258    -0.414406
    0.038938    -0.288319    -0.503160
   -0.124933    -0.452189    -0.360864
   -0.158789     0.189035    -0.503160
   -0.124933    -0.466249    -0.352231
   -0.103955    -0.472041    -0.354010
    0.096264    -0.267604    -0.530460
    0.245158    -0.329278    -0.530460
    0.245158    -0.361080    -0.510933
    0.248090    -0.369875    -0.504787
    0.287165    -0.382294    -0.487223
    0.250278    -0.318364    -0.535858
    0.279589    -0.306223    -0.535858
    0.287165    -0.313799    -0.529280
    0.258507    -0.247883    -0.563641
    0.260795    -0.219463    -0.569464
    0.289255    -0.150755    -0.569464
    0.293132    -0.110522    -0.574761
    0.290409    -0.110522    -0.575889
    0.343445     0.087410    -0.519961
    0.261113    -0.124736    -0.585585
    0.112103     0.024274    -0.585585
    0.111827     0.025348    -0.585407
   -0.027765     0.175149    -0.547308
   -0.062076     0.245867    -0.523902
   -0.115934     0.260298    -0.508684
   -0.040981     0.161934    -0.547308
   -0.096839     0.189035    -0.528820
    0.112103     0.019283    -0.586242
    0.152734    -0.053861    -0.590523
    0.157149    -0.085109    -0.586990
    0.112637    -0.251231    -0.540051
    0.236827    -0.217954    -0.575142
    0.231824    -0.159784    -0.586990
    0.236827    -0.179234    -0.583771
    0.250278    -0.245678    -0.565966
    0.247228    -0.168833    -0.583771
    0.252298    -0.132951    -0.587827
    0.231824    -0.132951    -0.590523
     1      2      3
     1      3      4
     1      4      5
     1      5      6
     7      8      9
     7      9      2
     7      2      1
     9      8     10
     9     10     11
     9     11     12
     9     12     13
     9     13     14
     9     14     15
    16      3      2
    16      2      9
    16      9     15
    16     15     17
    16     17     18
    16     18     19
    20      4      3
    20      3     16
    20     16     21
    22     23      5
    22      5      4
    22      4     20
    24      6      5
    24      5     23
    24     23     25
    24     25     26
    27     28     29
    27     29     30
    27     30      7
    27      7      1
    27      1      6
    27      6     24
    30     31     10
    30     10      8
    30      8      7
    32     33     34
    32     34     35
    32     35     36
    32     36     11
    32     11     10
    32     10     31
    35     37     38
    35     38     39
    35     39     40
    35     40     36
    11     36     40
    11     40     41
    11     41     42
    11     42     43
    11     43     44
    11     44     45
    11     45     12
    12     45     46
    12     46     47
    12     47     48
    12     48     49
    12     49     50
    12     50     13
    14     13     50
    14     50     51
    14     51     52
    53     17     15
    53     15     14
    53     14     52
    53     52     54
    18     17     53
    18     53     55
    18     55     56
    18     56     57
    18     57     58
    59     19     18
    59     18     58
    59     58     60
    61     21     16
    61     16     19
    61     19     59
    25     23     22
    25     22     62
    63     64     27
    63     27     24
    63     24     26
    63     26     65
    66     28     27
    66     27     64
    66     64     67
    68     69     70
    68     70     71
    68     71     29
    68     29     28
    68     28     66
    71     72     73
    71     73     74
    71     74     32
    71     32     31
    71     31     30
    71     30     29
    74     75     76
    74     76     33
    74     33     32
    76     77     78
    76     78     79
    76     79     34
    76     34     33
    34     79     80
    34     80     81
    34     81     82
    34     82     83
    34     83     84
    34     84     37
    34     37     35
    84     85     86
    84     86     38
    84     38     37
    38     86     39
    43     87     88
    43     88     44
    44     88     89
    44     89     90
    44     90     91
    44     91     92
    44     92     46
    44     46     45
    47     46     92
    47     92     93
    47     93     94
    51     50     49
    51     49     95
    51     95     96
    54     52     51
    54     51     96
    54     96     97
    54     97     98
    54     98     99
    99     98    100
    99    100    101
    99    101    102
   103     55     53
   103     53     54
   103     54     99
   103     99    102
   103    102    104
   103    104    105
   106     56     55
   106     55    103
   106    103    107
   108     57     56
   108     56    106
   108    106    109
   108    109    110
    60     58     57
    60     57    108
    60    108    111
   112     62     22
   112     22     20
   112     20     21
   112     21     61
   112     61    113
    65     26     25
    65     25     62
    65     62    112
   114     67     64
   114     64     63
   115    116     68
   115     68     66
   115     66     67
   115     67    114
   117    118     69
   117     69     68
   117     68    116
   117    116    119
   120    121    122
   120    122    123
   120    123     70
   120     70     69
   120     69    118
    70    123    124
    70    124    125
    70    125    126
    70    126    127
    70    127    128
    70    128    129
    70    129     72
    70     72     71
   129    130    131
   129    131    132
   129    132     73
   129     73     72
    73    132    133
    73    133    134
    73    134    135
    73    135     75
    73     75     74
   135    136     77
   135     77     76
   135     76     75
    78    137    138
    78    138     80
    78     80     79
    80    138    139
    80    139    140
    80    140     81
    82    141    142
    82    142     83
    83    142     85
    83     85     84
    41    143     42
   144     89     88
   144     88     87
    90    145    146
    90    146    147
    90    147     91
    92     91    147
    92    147    148
    92    148    149
    92    149    150
    92    150     93
    94     93    150
    94    150    151
   152     95     49
   152     49     48
   152     48    153
    96     95    152
    96    152    154
    96    154    155
    96    155    156
    96    156     97
   100     98     97
   100     97    156
   100    156    157
   100    157    158
   159    101    100
   159    100    158
   159    158    160
   104    102    101
   104    101    159
   104    159    161
   162    107    103
   162    103    105
   162    105    163
   162    163    164
   165    166    167
   165    167    168
   165    168    109
   165    109    106
   165    106    107
   165    107    162
   169    168    167
   169    167    170
   169    170    171
   169    171    172
   169    172    173
   174    110    109
   174    109    168
   174    168    169
   175    111    108
   175    108    110
   175    110    174
   175    174    176
   177    113     61
   177     61     59
   177     59     60
   177     60    111
   177    111    175
   178    179    115
   178    115    114
   178    114     63
   178     63     65
   178     65    112
   178    112    113
   178    113    177
   180    119    116
   180    116    115
   180    115    179
   181    182    183
   181    183    117
   181    117    119
   181    119    180
   183    184    120
   183    120    118
   183    118    117
   185    186    187
   185    187    188
   185    188    121
   185    121    120
   185    120    184
   188    189    190
   188    190    122
   188    122    121
   122    190    191
   122    191    192
   122    192    124
   122    124    123
   127    193    194
   127    194    128
   128    194    195
   128    195    130
   128    130    129
   131    196    133
   131    133    132
   134    197    198
   134    198    136
   134    136    135
   198    199    137
   198    137     78
   198     78     77
   198     77    136
   200    201    202
   200    202    139
   200    139    138
   200    138    137
   200    137    199
   203    204    205
   203    205    202
   203    202    201
   139    202    205
   139    205    206
   139    206    207
   139    207    208
   139    208    140
    81    140    208
    81    208    209
    81    209    141
    81    141     82
    40     39     86
    40     86     85
    40     85    142
    40    142    141
    40    141    209
    40    209    210
    40    210    211
    40    211    143
    40    143     41
    42    143    211
    42    211    212
    42    212    144
    42    144     87
    42     87     43
   212    213    145
   212    145     90
   212     90     89
   212     89    144
   147    146    214
   147    214    148
   149    148    214
   149    214    215
   151    150    149
   151    149    215
   151    215    216
   151    216    217
   217    216    218
   217    218    219
   217    219    220
   153     48     47
   153     47     94
   153     94    151
   153    151    217
   153    217    220
   153    220    221
   153    221    222
   153    222    223
   153    223    224
   225    154    152
   225    152    153
   225    153    224
   225    224    226
   225    226    227
   228    155    154
   228    154    225
   228    225    229
   228    229    230
   157    156    155
   157    155    228
   157    228    231
   160    158    157
   160    157    231
   160    231    232
   160    232    233
   234    161    159
   234    159    160
   234    160    233
   234    233    235
   163    105    104
   163    104    161
   163    161    234
   236    166    165
   170    167    166
   170    166    236
   170    236    237
   238    239    240
   238    240    241
   238    241    242
   173    172    240
   173    240    239
   243    244    245
   243    245    246
   243    246    247
   243    247    248
   243    248    238
   243    238    242
   243    242    249
   248    176    174
   248    174    169
   248    169    173
   248    173    239
   248    239    238
   247    250    251
   247    251    252
   247    252    253
   247    253    254
   247    254    178
   247    178    177
   247    177    175
   247    175    176
   247    176    248
   254    255    181
   254    181    180
   254    180    179
   254    179    178
   256    257    258
   256    258    259
   256    259    260
   256    260    261
   256    261    262
   256    262    182
   256    182    181
   256    181    255
   262    263    185
   262    185    184
   262    184    183
   262    183    182
   261    264    265
   261    265    263
   261    263    262
   265    266    186
   265    186    185
   265    185    263
   267    268    187
   267    187    186
   267    186    266
   187    268    269
   187    269    189
   187    189    188
   191    190    189
   191    189    269
   191    269    270
   125    271    272
   125    272    126
   126    272    273
   126    273    274
   126    274    193
   126    193    127
   274    275    195
   274    195    194
   274    194    193
   195    275    276
   195    276    277
   195    277    196
   195    196    131
   195    131    130
   133    196    277
   133    277    278
   133    278    279
   133    279    197
   133    197    134
   279    280    281
   279    281    200
   279    200    199
   279    199    198
   279    198    197
   281    282    283
   281    283    284
   281    284    285
   281    285    203
   281    203    201
   281    201    200
   285    286    287
   285    287    204
   285    204    203
   284    288    289
   284    289    286
   284    286    285
   290    287    286
   290    286    289
   290    289    291
   206    205    204
   206    204    287
   206    287    290
   292    293    207
   292    207    206
   292    206    290
   292    290    291
   292    291    294
   292    294    295
   292    295    296
   292    296    297
   209    208    207
   209    207    293
   209    293    298
   209    298    299
   209    299    210
   210    299    300
   210    300    301
   210    301    302
   210    302    303
   210    303    304
   210    304    213
   210    213    212
   210    212    211
   215    214    146
   215    146    145
   215    145    213
   215    213    304
   215    304    305
   215    305    218
   215    218    216
   304    303    306
   304    306    307
   304    307    308
   304    308    305
   218    305    308
   218    308    309
   218    309    219
   309    308    307
   309    307    310
   309    310    311
   220    219    309
   220    309    311
   220    311    221
   221    311    310
   221    310    312
   221    312    313
   221    313    314
   221    314    222
   223    222    314
   223    314    315
   223    315    316
   223    316    317
   223    317    318
   226    224    223
   226    223    318
   226    318    319
   226    319    320
   226    320    321
   322    227    226
   322    226    321
   322    321    323
   322    323    324
   322    324    325
   326    229    225
   326    225    227
   326    227    322
   327    230    229
   327    229    326
   232    231    228
   232    228    230
   232    230    327
   232    327    328
   235    233    232
   235    232    328
   235    328    329
   235    329    330
   331    164    163
   331    163    234
   331    234    235
   331    235    330
   331    330    332
   333    237    236
   333    236    165
   333    165    162
   333    162    164
   333    164    331
   334    171    170
   334    170    237
   334    237    333
   241    240    172
   241    172    171
   241    171    334
   335    336    245
   335    245    244
   245    336    337
   245    337    246
   246    337    338
   246    338    250
   246    250    247
   339    340    341
   339    341    342
   339    342    251
   339    251    250
   339    250    338
   251    342    343
   251    343    344
   251    344    345
   251    345    346
   251    346    347
   251    347    348
   251    348    252
   252    348    349
   252    349    350
   252    350    351
   252    351    352
   252    352    253
   253    352    353
   253    353    354
   253    354    256
   253    256    255
   253    255    254
   354    355    356
   354    356    257
   354    257    256
   259    357    260
   260    357    358
   260    358    359
   260    359    264
   260    264    261
   359    360    267
   359    267    266
   359    266    265
   359    265    264
   361    270    269
   361    269    268
   361    268    267
   361    267    360
   362    192    191
   362    191    270
   362    270    361
   363    271    125
   363    125    124
   363    124    192
   363    192    362
   363    362    364
   365    366    273
   365    273    272
   365    272    271
   365    271    363
   367    276    275
   367    275    274
   367    274    273
   367    273    366
   368    369    278
   368    278    277
   368    277    276
   368    276    367
   370    371    372
   370    372    280
   370    280    279
   370    279    278
   370    278    369
   373    374    282
   373    282    281
   373    281    280
   373    280    372
   373    372    375
   376    283    282
   376    282    374
   376    374    377
   376    377    378
   379    380    376
   379    376    378
   379    378    381
   382    288    284
   382    284    283
   382    283    376
   382    376    380
   291    289    288
   291    288    382
   291    382    383
   291    383    294
   294    383    384
   294    384    295
   385    298    293
   385    293    292
   300    299    298
   300    298    385
   300    385    386
   300    386    387
   388    389    390
   388    390    391
   388    391    392
   388    392    301
   388    301    300
   388    300    387
   388    387    393
   392    394    395
   392    395    396
   392    396    302
   392    302    301
   306    303    302
   306    302    396
   306    396    397
   306    397    398
   398    397    399
   398    399    400
   398    400    401
   310    307    306
   310    306    398
   310    398    401
   310    401    312
   312    401    400
   312    400    402
   312    402    403
   312    403    313
   314    313    403
   314    403    315
   318    317    404
   318    404    405
   318    405    319
   319    405    406
   319    406    407
   319    407    408
   319    408    409
   319    409    320
   321    320    409
   321    409    410
   321    410    323
   409    408    411
   409    411    412
   409    412    410
   323    410    412
   323    412    413
   323    413    324
   325    324    413
   325    413    414
   325    414    415
   325    415    416
   329    328    327
   329    327    326
   329    326    322
   329    322    325
   329    325    416
   329    416    417
   332    330    329
   332    329    417
   332    417    418
   332    418    419
   332    419    420
   249    242    241
   249    241    334
   249    334    333
   249    333    331
   249    331    332
   249    332    420
   249    420    421
   249    421    422
   422    421    335
   422    335    244
   422    244    243
   243    249    422
   423    424    340
   423    340    339
   425    426    427
   425    427    341
   425    341    340
   425    340    424
   341    427    428
   341    428    429
   341    429    343
   341    343    342
   343    429    430
   343    430    431
   343    431    344
   347    432    349
   347    349    348
   350    433    351
   353    434    355
   353    355    354
   356    435    436
   356    436    258
   356    258    257
   258    436    358
   258    358    357
   258    357    259
   437    364    362
   437    362    361
   437    361    360
   437    360    359
   437    359    358
   437    358    436
   437    436    435
   438    439    365
   438    365    363
   438    363    364
   438    364    437
   440    441    368
   440    368    367
   440    367    366
   440    366    365
   440    365    439
   442    443    444
   442    444    445
   442    445    441
   442    441    440
   442    440    446
   445    447    370
   445    370    369
   445    369    368
   445    368    441
   448    449    371
   448    371    370
   448    370    447
   375    372    371
   375    371    449
   375    449    450
   451    377    374
   451    374    373
   451    373    452
   381    378    377
   381    377    451
   453    384    383
   453    383    382
   453    382    380
   453    380    379
   296    295    384
   296    384    453
   393    387    386
   393    386    454
   455    389    388
   456    394    392
   456    392    391
   456    391    457
   458    395    394
   458    394    456
   399    397    396
   399    396    395
   399    395    458
   399    458    459
   402    400    399
   402    399    459
   402    459    460
   402    460    461
   402    461    462
   315    403    402
   315    402    462
   315    462    316
   404    463    464
   404    464    406
   404    406    405
   465    407    406
   465    406    464
   465    464    466
   411    408    407
   411    407    465
   411    465    467
   468    467    465
   468    465    466
   468    466    469
   468    469    470
   413    412    411
   413    411    467
   413    467    468
   413    468    414
   415    414    468
   415    468    470
   415    470    471
   415    471    472
   415    472    473
   415    473    474
   417    416    415
   417    415    474
   417    474    475
   417    475    476
   417    476    477
   417    477    418
   419    418    477
   419    477    425
   419    425    424
   419    424    423
   421    420    419
   421    419    423
   421    423    339
   421    339    338
   421    338    337
   421    337    336
   421    336    335
   478    479    428
   478    428    427
   478    427    426
   428    479    480
   428    480    481
   428    481    430
   428    430    429
   430    481    431
   345    482    346
   349    432    483
   349    483    433
   349    433    350
   351    433    483
   351    483    484
   351    484    485
   351    485    434
   351    434    353
   351    353    352
   485    486    438
   485    438    437
   485    437    435
   485    435    356
   485    356    355
   485    355    434
   487    446    440
   487    440    439
   487    439    438
   487    438    486
   488    489    490
   488    490    491
   488    491    442
   488    442    446
   488    446    487
   491    492    443
   491    443    442
   493    494    444
   493    444    443
   493    443    492
   444    494    495
   444    495    448
   444    448    447
   444    447    445
   496    450    449
   496    449    448
   496    448    495
   496    495    497
   498    452    373
   498    373    375
   498    375    450
   498    450    496
   499    297    296
   499    296    453
   499    453    379
   499    379    381
   499    381    451
   499    451    452
   499    452    498
   454    386    385
   454    385    292
   454    292    297
   454    297    499
   500    390    389
   500    389    455
   500    455    501
   502    503    457
   502    457    391
   502    391    390
   502    390    500
   460    459    458
   460    458    456
   460    456    457
   460    457    503
   460    503    504
   505    461    460
   505    460    504
   505    504    506
   505    506    507
   316    462    461
   316    461    505
   316    505    508
   316    508    463
   316    463    404
   316    404    317
   466    464    463
   466    463    508
   466    508    509
   466    509    510
   466    510    469
   471    510    509
   471    509    511
   471    511    512
   471    512    472
   470    469    510
   470    510    471
   472    512    513
   472    513    514
   472    514    473
   474    473    514
   474    514    515
   474    515    516
   474    516    475
   475    516    517
   475    517    518
   475    518    519
   475    519    476
   477    476    519
   477    519    520
   477    520    521
   477    521    478
   477    478    426
   477    426    425
   521    522    480
   521    480    479
   521    479    478
   520    523    524
   520    524    522
   520    522    521
   344    431    481
   344    481    480
   344    480    522
   344    522    524
   344    524    482
   344    482    345
   346    482    524
   346    524    523
   346    523    525
   346    525    526
   346    526    484
   346    484    483
   346    483    432
   346    432    347
   526    527    528
   526    528    488
   526    488    487
   526    487    486
   526    486    485
   526    485    484
   528    529    530
   528    530    489
   528    489    488
   531    532    530
   531    530    529
   490    533    493
   490    493    492
   490    492    491
   530    532    534
   530    534    535
   530    535    536
   530    536    533
   530    533    490
   530    490    489
   536    497    495
   536    495    494
   536    494    493
   536    493    533
   535    501    455
   535    455    388
   535    388    393
   535    393    454
   535    454    499
   535    499    498
   535    498    496
   535    496    497
   535    497    536
   537    538    502
   537    502    500
   537    500    501
   537    501    535
   537    535    534
   537    534    539
   504    503    502
   504    502    538
   504    538    540
   504    540    506
   541    540    538
   541    538    537
   541    537    542
   541    542    543
   541    543    544
   509    508    505
   509    505    507
   509    507    541
   509    541    544
   509    544    545
   509    545    511
   511    545    546
   511    546    513
   511    513    512
   546    545    544
   546    544    543
   546    543    547
   546    547    548
   546    548    549
   514    513    546
   514    546    549
   514    549    515
   515    549    548
   515    548    550
   515    550    551
   515    551    552
   515    552    517
   515    517    516
   517    552    553
   517    553    518
   519    518    553
   519    553    554
   519    554    555
   519    555    525
   519    525    523
   519    523    520
   554    556    557
   554    557    558
   554    558    555
   525    555    558
   525    558    559
   525    559    560
   525    560    527
   525    527    526
   560    561    531
   560    531    529
   560    529    528
   560    528    527
   559    562    563
   559    563    561
   559    561    560
   563    539    534
   563    534    532
   563    532    531
   563    531    561
   564    565    566
   564    566    567
   564    567    542
   564    542    537
   564    537    539
   564    539    563
   564    563    562
   568    567    566
   568    566    569
   568    569    570
   543    542    567
   543    567    568
   543    568    571
   543    571    547
   548    547    571
   548    571    550
   550    571    568
   550    568    570
   550    570    572
   550    572    551
   553    552    551
   553    551    572
   553    572    573
   553    573    556
   553    556    554
   573    574    565
   573    565    564
   573    564    557
   573    557    556
   558    557    564
   558    564    562
   558    562    559
   569    566    565
   569    565    574
   572    570    569
   572    569    574
   572    574    573
   507    506    540
   507    540    541
