1020 2036
    0.054553    -0.252349     0.585685
    0.062233    -0.266118     0.586285
    0.061302    -0.259099     0.585685
   -0.095655    -0.083399     0.558830
   -0.101527    -0.089271     0.558830
   -0.033288    -0.151638     0.571693
    0.065859    -0.274871     0.586285
    0.069433    -0.301829     0.583982
    0.095354    -0.327751     0.583982
    0.070926    -0.224608     0.578432
    0.131036    -0.385292     0.580388
    0.137484    -0.385292     0.578432
    0.070023    -0.208290     0.575897
    0.033543    -0.218469     0.583569
    0.113005    -0.101889     0.538220
   -0.136248     0.001355     0.538220
   -0.245070     0.233578     0.457223
   -0.255999     0.229051     0.457223
   -0.248959     0.189466     0.470115
   -0.199352     0.066663     0.513600
   -0.164341     0.031652     0.528620
   -0.158672     0.030070     0.529812
   -0.135083    -0.073199     0.550670
   -0.224380     0.006240     0.513600
   -0.229846    -0.065671     0.520978
   -0.212114    -0.073199     0.527303
   -0.061101    -0.437778     0.527303
   -0.036665    -0.447681     0.533471
    0.036968    -0.417936     0.559545
    0.037060    -0.417845     0.559584
    0.131502    -0.391491     0.579445
    0.131502    -0.390911     0.579540
    0.131890    -0.392302     0.579248
    0.135849    -0.458894     0.559545
    0.140373    -0.448238     0.563345
    0.140373    -0.422793     0.571064
    0.135575    -0.401197     0.577012
    0.149178    -0.444591     0.563345
    0.141463    -0.386981     0.577012
    0.425237    -0.078505     0.384102
    0.424488    -0.067795     0.382969
    0.382624     0.088441     0.382969
    0.331942     0.068601     0.412901
    0.172071    -0.382469     0.562957
    0.244742    -0.382469     0.524113
    0.260725    -0.373223     0.514246
    0.306650    -0.330340     0.483557
    0.309129    -0.326353     0.481660
    0.309207    -0.326196     0.481596
    0.281782     0.066889     0.434917
    0.157765    -0.386981     0.569957
    0.592776     0.429784     0.148898
    0.585706     0.461025     0.138639
    0.363581     0.683149     0.138639
    0.355278     0.676948     0.144795
    0.297576     0.529545     0.231848
    0.564854     0.332445     0.202062
   -0.245070     0.337216     0.412368
    0.049567     0.758863     0.144795
   -0.081515     0.768034     0.158667
   -0.103525     0.757215     0.167602
   -0.146193     0.730676     0.187899
   -0.224152     0.647188     0.243689
   -0.260299     0.584701     0.282266
   -0.260299     0.385505     0.388739
   -0.285703     0.577895     0.282266
   -0.289658     0.571197     0.285280
   -0.293511     0.549074     0.296553
   -0.298838     0.496603     0.323836
   -0.302289     0.434996     0.356272
   -0.301770     0.424630     0.361887
   -0.301700     0.423523     0.362488
   -0.291089     0.396418     0.378496
   -0.290565     0.381057     0.385238
   -0.257909     0.233494     0.454958
   -0.302162     0.421484     0.363158
   -0.254414     0.090981     0.485410
   -0.259606     0.071605     0.485410
   -0.269389    -0.068231     0.500208
   -0.237963    -0.068231     0.517006
   -0.287262    -0.084920     0.488265
   -0.406636    -0.327774     0.389676
   -0.407409    -0.330008     0.388943
   -0.405022    -0.364115     0.385334
   -0.389992    -0.420211     0.385334
   -0.362222    -0.418821     0.400376
   -0.258148    -0.444504     0.440815
   -0.244705    -0.457947     0.440815
   -0.038607    -0.504593     0.508491
   -0.029248    -0.514162     0.506028
    0.007051    -0.516172     0.511665
    0.135849    -0.470523     0.554512
    0.141684    -0.489024     0.545459
    0.118807    -0.546117     0.511665
    0.141684    -0.547718     0.514086
    0.166740    -0.519297     0.525689
    0.157016    -0.494458     0.540358
    0.141704    -0.547739     0.514072
    0.167813    -0.540743     0.514072
    0.155531    -0.450944     0.559457
    0.180740    -0.451804     0.548393
    0.219183    -0.466853     0.525689
    0.220830    -0.466936     0.524797
    0.222350    -0.466038     0.524113
    0.565312     0.317465     0.204507
    0.565018     0.321385     0.204107
    0.477659     0.020389     0.324937
    0.494732     0.056411     0.305045
    0.508410     0.091484     0.288094
    0.564896     0.315541     0.205162
    0.565064     0.329470     0.202491
    0.609323     0.493418     0.105002
    0.610446     0.521838     0.090055
    0.602894     0.555063     0.079168
    0.594725     0.567288     0.079168
    0.596624     0.435158     0.143369
    0.587385     0.597607     0.067315
    0.573778     0.618274     0.063673
    0.532198     0.659854     0.063673
    0.470030     0.700785     0.074629
    0.467578     0.702143     0.075193
    0.442986     0.708097     0.084808
    0.376534     0.702456     0.121997
    0.427713     0.718302     0.084808
    0.411639     0.724051     0.088517
    0.375287     0.732312     0.100428
    0.370905     0.736342     0.098342
    0.355054     0.744443     0.095527
    0.314224     0.759674     0.092392
    0.305984     0.762194     0.092164
    0.250151     0.771006     0.096656
    0.230984     0.773392     0.098665
    0.112950     0.781751     0.115665
    0.094717     0.785377     0.115665
    0.078477     0.787368     0.116682
   -0.029874     0.795471     0.127720
   -0.062269     0.782838     0.143376
   -0.068035     0.780105     0.146560
   -0.171230     0.725696     0.187899
   -0.218209     0.684621     0.213939
   -0.242643     0.653865     0.235191
   -0.269449     0.629211     0.247956
   -0.284514     0.595590     0.269571
   -0.285042     0.593705     0.270844
   -0.289264     0.584164     0.275838
   -0.302498     0.433209     0.357085
   -0.304440     0.424666     0.359885
   -0.267771     0.094218     0.475017
   -0.277538     0.045121     0.475017
   -0.411069    -0.337731     0.384679
   -0.424273    -0.371588     0.368316
   -0.422834    -0.390821     0.366356
   -0.419933    -0.405407     0.366356
   -0.418546    -0.424998     0.363535
   -0.398382    -0.425839     0.378102
   -0.425247    -0.434357     0.353907
   -0.424611    -0.435308     0.353907
   -0.398501    -0.427245     0.377315
   -0.264688    -0.459644     0.429631
   -0.237442    -0.477849     0.429631
   -0.028784    -0.525272     0.498001
    0.020341    -0.570452     0.474609
    0.046320    -0.572292     0.478351
    0.148347    -0.592586     0.478351
    0.148347    -0.574218     0.493426
    0.151216    -0.596241     0.474883
    0.158783    -0.603017     0.468087
    0.168517    -0.601081     0.468087
    0.170999    -0.589563     0.477134
    0.169180    -0.581740     0.483851
    0.170711    -0.545063     0.510348
    0.195444    -0.573229     0.477134
    0.206561    -0.548106     0.490285
    0.217989    -0.535771     0.490753
    0.224419    -0.509214     0.501135
    0.216240    -0.538427     0.490285
    0.230551    -0.500038     0.501135
    0.235308    -0.486736     0.504205
    0.237443    -0.477886     0.507013
    0.240306    -0.465289     0.511141
    0.240698    -0.464862     0.510938
    0.265275    -0.416770     0.502397
    0.271579    -0.403282     0.500431
    0.305969    -0.333762     0.483557
    0.302946    -0.341328     0.484802
    0.586210     0.394406     0.164193
    0.596803     0.433073     0.143635
    0.611765     0.535332     0.080541
    0.606400     0.556798     0.074073
    0.603546     0.562398     0.074073
    0.596988     0.586905     0.065065
    0.571450     0.623501     0.060951
    0.538047     0.656904     0.060951
    0.535914     0.658198     0.061738
    0.451613     0.711905     0.076023
    0.403507     0.728194     0.088517
    0.227626     0.773803     0.098954
    0.199395     0.776424     0.102320
    0.069432     0.788801     0.116682
   -0.027960     0.796760     0.125780
   -0.113501     0.772903     0.146560
   -0.123486     0.763715     0.155830
   -0.168150     0.729988     0.183761
   -0.257983     0.664356     0.213939
   -0.275681     0.639177     0.232699
   -0.276151     0.629807     0.243300
   -0.283261     0.614776     0.252733
   -0.294703     0.603335     0.252733
   -0.301011     0.521047     0.306854
   -0.326634     0.470759     0.306854
   -0.327447     0.467507     0.307834
   -0.304572     0.424653     0.359740
   -0.324657     0.189821     0.389676
   -0.453452    -0.414920     0.324398
   -0.448760    -0.444545     0.324398
   -0.441737    -0.443530     0.333151
   -0.439469    -0.441906     0.336228
   -0.454764    -0.455794     0.310774
   -0.442108    -0.447706     0.330250
   -0.437321    -0.448018     0.334451
   -0.476902    -0.482922     0.264518
   -0.435804    -0.471263     0.314051
   -0.367870    -0.489444     0.339021
    0.026242    -0.629850     0.409144
   -0.061613    -0.645490     0.339021
   -0.021731    -0.655458     0.351040
    0.043479    -0.631324     0.411342
    0.158253    -0.649503     0.411342
    0.162102    -0.646096     0.416235
    0.162102    -0.617706     0.450830
    0.170131    -0.620320     0.446094
    0.162324    -0.646061     0.416235
    0.171336    -0.628657     0.435704
    0.171487    -0.606677     0.461131
    0.180616    -0.618419     0.442100
    0.181162    -0.607537     0.454410
    0.174650    -0.626968     0.435704
    0.180572    -0.618544     0.441980
    0.195132    -0.578003     0.472945
    0.201404    -0.571732     0.472945
    0.222262    -0.531009     0.489752
    0.309131    -0.326359     0.481657
    0.611909     0.468388     0.106747
    0.611184     0.476641     0.106070
    0.610269     0.483591     0.106070
    0.598317     0.436685     0.139984
    0.611808     0.467820     0.107076
    0.616192     0.550760     0.060698
    0.607122     0.572656     0.060698
    0.603026     0.585636     0.056873
    0.603458     0.585055     0.056666
    0.602961     0.585773     0.056808
    0.570985     0.627445     0.056808
    0.569449     0.630409     0.055106
    0.548229     0.651629     0.055106
    0.497361     0.687781     0.061738
    0.446529     0.715684     0.074217
    0.404103     0.728221     0.088014
    0.383560     0.736730     0.088014
    0.069827     0.788901     0.116397
    0.059310     0.790286     0.116397
   -0.026848     0.797848     0.123471
   -0.027960     0.797366     0.124646
   -0.054623     0.795026     0.122457
   -0.091202     0.790210     0.122457
   -0.107479     0.788643     0.120689
   -0.111099     0.786604     0.123253
   -0.113023     0.786083     0.122746
   -0.194166     0.752473     0.122746
   -0.215759     0.732155     0.143611
   -0.229465     0.721969     0.148477
   -0.251832     0.693616     0.174241
   -0.287336     0.666373     0.174241
   -0.304536     0.642677     0.191222
   -0.304581     0.642357     0.191684
   -0.298691     0.636466     0.208525
   -0.301924     0.609027     0.237353
   -0.334473     0.603401     0.191684
   -0.332632     0.602572     0.195691
   -0.340663     0.600524     0.182515
   -0.374406     0.564662     0.147864
   -0.389263     0.543754     0.136496
   -0.428161     0.449846     0.136496
   -0.460318     0.412739     0.090511
   -0.548519     0.256151    -0.020428
   -0.557610     0.237367    -0.031129
   -0.574857     0.201221    -0.054493
   -0.595520     0.151970    -0.081021
   -0.640825    -0.192153    -0.081021
   -0.654147    -0.343940    -0.068559
   -0.628344    -0.403490    -0.005618
   -0.614233    -0.429551     0.027201
   -0.516728    -0.429551     0.209620
   -0.600009    -0.537590     0.027201
   -0.593696    -0.543762     0.037492
   -0.567055    -0.541874     0.087799
   -0.540915    -0.524473     0.140990
   -0.533846    -0.521196     0.154268
   -0.496753    -0.498512     0.225461
   -0.588449    -0.556431     0.037492
   -0.567284    -0.546897     0.083563
   -0.566629    -0.547035     0.084451
   -0.589605    -0.568611     0.020502
   -0.587678    -0.571123     0.020502
   -0.566309    -0.549754     0.081595
   -0.539618    -0.552899     0.109636
   -0.584402    -0.594437    -0.013145
   -0.572740    -0.610503    -0.024658
   -0.518812    -0.651884    -0.024658
   -0.517613    -0.653404    -0.026040
   -0.505933    -0.662084    -0.030187
   -0.495305    -0.665225    -0.026730
   -0.294175    -0.748536    -0.026730
   -0.188487    -0.777129     0.001124
   -0.161363    -0.778054     0.020037
   -0.011939    -0.735182     0.212228
   -0.010733    -0.718173     0.244347
    0.157674    -0.675261     0.366109
    0.158253    -0.672758     0.370650
    0.083397    -0.747734     0.212228
    0.093093    -0.748584     0.213024
    0.117140    -0.738165     0.238440
    0.153989    -0.718213     0.284844
    0.157674    -0.712353     0.296714
    0.165878    -0.674701     0.365136
    0.162164    -0.707760     0.304202
    0.167011    -0.690686     0.334950
    0.168043    -0.658401     0.393058
    0.168347    -0.660620     0.389090
    0.173158    -0.671300     0.365842
    0.173405    -0.676928     0.355330
    0.200404    -0.580220     0.464027
    0.224011    -0.541478     0.473927
    0.223002    -0.530853     0.488747
    0.214025    -0.562468     0.464027
    0.235405    -0.488880     0.502397
    0.495734     0.052479     0.302202
    0.506712     0.078587     0.288094
    0.495805     0.052592     0.302096
    0.623396     0.515114     0.051524
    0.628616     0.541214     0.024621
    0.627504     0.551081     0.024621
    0.622230     0.551242     0.041946
    0.619328     0.552192     0.050482
    0.627846     0.562810     0.009857
    0.622276     0.578729     0.009857
    0.621424     0.579666     0.011596
    0.618085     0.578684     0.023825
    0.602989     0.609006     0.011596
    0.596086     0.616659     0.018070
    0.595755     0.617054     0.018132
    0.588193     0.623512     0.024135
    0.563881     0.647824     0.024135
    0.544092     0.662874     0.036526
    0.538809     0.667289     0.035693
    0.504821     0.686121     0.052382
    0.486755     0.697472     0.052382
    0.445492     0.718064     0.068874
    0.441830     0.720163     0.067279
    0.437472     0.721762     0.067846
    0.391009     0.736381     0.080519
    0.368047     0.744416     0.080519
    0.199601     0.777098     0.100168
    0.064132     0.791000     0.112253
    0.036003     0.794169     0.112253
   -0.026848     0.799931     0.116604
   -0.039977     0.802557     0.103070
   -0.068977     0.799898     0.101062
   -0.079513     0.798711     0.101062
   -0.105042     0.796092     0.098785
   -0.117719     0.796461     0.082827
   -0.129589     0.793096     0.080209
   -0.155296     0.784101     0.080209
   -0.156072     0.783857     0.079997
   -0.167879     0.777090     0.085138
   -0.191450     0.758707     0.108748
   -0.206488     0.749258     0.108748
   -0.239128     0.719818     0.136357
   -0.260477     0.701973     0.139725
   -0.284654     0.673661     0.162198
   -0.301194     0.657121     0.162198
   -0.315148     0.638773     0.173687
   -0.338320     0.611050     0.169313
   -0.359531     0.587534     0.149422
   -0.362170     0.584136     0.147864
   -0.402384     0.526929     0.119643
   -0.459649     0.427017     0.076144
   -0.467384     0.414369     0.065152
   -0.507609     0.339217     0.018902
   -0.601109     0.140653    -0.093615
   -0.613595     0.106818    -0.118295
   -0.622472     0.075977    -0.133098
   -0.646842    -0.015590    -0.170939
   -0.655081    -0.095875    -0.163777
   -0.665628    -0.258311    -0.138212
   -0.666131    -0.279065    -0.132160
   -0.666131    -0.308827    -0.121106
   -0.665204    -0.328661    -0.110683
   -0.662148    -0.343940    -0.094934
   -0.655929    -0.103402    -0.163777
   -0.661322    -0.162227    -0.159704
   -0.663653    -0.208326    -0.150266
   -0.660123    -0.366023    -0.096462
   -0.652308    -0.435380    -0.096462
   -0.640993    -0.478952    -0.075344
   -0.639928    -0.481725    -0.072865
   -0.625841    -0.519900    -0.045019
   -0.619543    -0.532653    -0.030827
   -0.601865    -0.538437     0.021157
   -0.609776    -0.560567    -0.030827
   -0.603862    -0.570237    -0.022424
   -0.600421    -0.569225    -0.009823
   -0.594330    -0.571878     0.003852
   -0.603522    -0.570918    -0.022696
   -0.589907    -0.592585    -0.022696
   -0.589746    -0.592471    -0.021976
   -0.589066    -0.594770    -0.026208
   -0.581269    -0.605023    -0.032628
   -0.570965    -0.615326    -0.032628
   -0.560895    -0.627119    -0.041988
   -0.533744    -0.649813    -0.046272
   -0.530219    -0.652992    -0.049253
   -0.502234    -0.670576    -0.049253
   -0.499365    -0.672814    -0.052127
   -0.459792    -0.695495    -0.069357
   -0.423595    -0.713991    -0.078953
   -0.385747    -0.729668    -0.078953
   -0.367584    -0.736329    -0.076590
   -0.334853    -0.746628    -0.067663
   -0.301657    -0.758244    -0.067663
   -0.252512    -0.772176    -0.056822
   -0.232096    -0.775795    -0.045117
   -0.218353    -0.778000    -0.036471
   -0.137746    -0.780478     0.022144
    0.005504    -0.773611     0.097990
    0.070051    -0.760700     0.164524
    0.093093    -0.755036     0.191757
   -0.136869    -0.780577     0.022144
   -0.107755    -0.783246     0.024159
   -0.071531    -0.781553     0.043195
   -0.052940    -0.780593     0.053265
    0.146266    -0.742478     0.213404
    0.124464    -0.751501     0.191757
    0.141667    -0.744898     0.207135
    0.151893    -0.739699     0.219666
    0.156864    -0.724508     0.264337
    0.162642    -0.724237     0.258522
    0.160783    -0.736589     0.219666
    0.165116    -0.732648     0.227716
    0.166860    -0.714553     0.280264
    0.167976    -0.714304     0.278865
    0.169182    -0.730093     0.227716
    0.174041    -0.722852     0.240662
    0.179490    -0.683013     0.330571
    0.187879    -0.679926     0.316709
    0.184772    -0.712122     0.240662
    0.195178    -0.685106     0.284085
    0.298403    -0.511551     0.302096
    0.295011    -0.510553     0.314521
    0.296336    -0.524114     0.284085
    0.575059     0.246906     0.146166
    0.531380     0.128543     0.232502
    0.591844     0.290635     0.107076
    0.637883     0.543376    -0.067307
    0.634463     0.560018    -0.049223
    0.634052     0.561272    -0.046304
    0.632000     0.562097    -0.026293
    0.632000     0.543376    -0.007572
    0.629832     0.564138    -0.009097
    0.628699     0.574024    -0.029815
    0.627879     0.574075    -0.020885
    0.622991     0.579284     0.002826
    0.623828     0.583136    -0.029815
    0.621529     0.587175    -0.028236
    0.617293     0.593481    -0.018474
    0.610666     0.602364    -0.011568
    0.604150     0.610304    -0.011568
    0.591675     0.624445    -0.002515
    0.590250     0.625870     0.000143
    0.568958     0.644653     0.013773
    0.561330     0.650914     0.013773
    0.537775     0.668485     0.032086
    0.534016     0.670846     0.032086
    0.488395     0.696814     0.049922
    0.480204     0.701192     0.049922
    0.461656     0.710670     0.054839
    0.450012     0.716405     0.060352
    0.399183     0.735159     0.067846
    0.374270     0.743193     0.073135
    0.352029     0.749940     0.073135
    0.058173     0.793033     0.100168
    0.047362     0.794169     0.100894
   -0.039977     0.802771     0.100894
   -0.062286     0.802771     0.078586
   -0.091454     0.799898     0.078586
   -0.117012     0.797212     0.076869
   -0.132851     0.793766     0.061785
   -0.145118     0.790044     0.061785
   -0.118284     0.796951     0.075487
   -0.148338     0.789006     0.061102
   -0.152739     0.786984     0.064827
   -0.160907     0.782618     0.064827
   -0.171001     0.775837     0.080453
   -0.206228     0.749559     0.107841
   -0.216001     0.741538     0.107841
   -0.261750     0.701178     0.137128
   -0.280342     0.682586     0.137128
   -0.297285     0.663381     0.149422
   -0.397229     0.537137     0.111325
   -0.400159     0.532474     0.111325
   -0.599934     0.146633    -0.100710
   -0.603481     0.138183    -0.111636
   -0.647045    -0.016520    -0.171814
   -0.653404    -0.072955    -0.171814
   -0.655929    -0.096978    -0.170201
   -0.657777    -0.115745    -0.170201
   -0.662463    -0.356484    -0.110683
   -0.660123    -0.378749    -0.109188
   -0.654768    -0.424131    -0.107044
   -0.655431    -0.420391    -0.109188
   -0.622642    -0.536176    -0.064328
   -0.637152    -0.491613    -0.075344
   -0.623246    -0.534738    -0.066187
   -0.613031    -0.557099    -0.046614
   -0.598178    -0.584232    -0.042673
   -0.603916    -0.574152    -0.046614
   -0.594523    -0.590049    -0.042673
   -0.593648    -0.591222    -0.043585
   -0.577915    -0.610392    -0.043585
   -0.575078    -0.613608    -0.045644
   -0.562686    -0.626000    -0.045644
   -0.553706    -0.633923    -0.051393
   -0.529605    -0.653701    -0.051393
   -0.521991    -0.659381    -0.057313
   -0.502821    -0.671427    -0.057313
   -0.472277    -0.688812    -0.069254
   -0.471825    -0.689063    -0.069357
   -0.321465    -0.752467    -0.076590
   -0.306504    -0.757291    -0.073413
   -0.279046    -0.765621    -0.073413
   -0.266766    -0.768889    -0.068339
   -0.262620    -0.769966    -0.066329
   -0.193837    -0.780577    -0.034824
   -0.190356    -0.780920    -0.034824
   -0.140584    -0.783246    -0.008670
    0.082349    -0.761281     0.146336
    0.085172    -0.760700     0.149403
    0.123743    -0.752267     0.185683
    0.139130    -0.747599     0.185683
    0.156619    -0.741960     0.189396
    0.157121    -0.741784     0.189396
    0.161573    -0.737606     0.209659
    0.159372    -0.740750     0.187490
    0.169827    -0.735162     0.187490
    0.169564    -0.734399     0.197669
    0.171295    -0.732397     0.203707
    0.177972    -0.729689     0.174880
    0.181462    -0.727086     0.172167
    0.180823    -0.726447     0.184263
    0.187949    -0.715037     0.207548
    0.190196    -0.718693     0.152963
    0.211993    -0.696895     0.112299
    0.225526    -0.682528     0.094173
    0.245674    -0.658742     0.059781
    0.248446    -0.655261     0.055921
    0.299956    -0.526924     0.248480
    0.259596    -0.639006     0.028177
    0.286242    -0.599348    -0.033215
    0.341650    -0.512595    -0.135068
    0.364389    -0.476047    -0.171170
    0.380031    -0.448566    -0.181913
    0.388692    -0.432363    -0.181913
    0.427871    -0.347076    -0.254121
    0.450774    -0.281624    -0.254121
    0.458845    -0.256595    -0.259435
    0.569391     0.107828    -0.259435
    0.604655     0.240331    -0.204678
    0.608374     0.254652    -0.197736
    0.622568     0.319566    -0.136678
    0.623396     0.326912    -0.136678
    0.625447     0.346429    -0.137989
    0.638317     0.477103    -0.137989
    0.638866     0.488853    -0.131815
    0.638866     0.534550    -0.086118
    0.638313     0.494885    -0.131397
    0.638313     0.533891    -0.092391
    0.638798     0.534577    -0.086788
    0.637186     0.504893    -0.131397
    0.638026     0.533699    -0.095137
    0.633790     0.560060    -0.056556
    0.637143     0.536223    -0.095137
    0.633099     0.560796    -0.059907
    0.631545     0.563909    -0.058663
    0.626118     0.572547    -0.058663
    0.624024     0.576326    -0.056807
    0.619003     0.589360    -0.035858
    0.609084     0.602403    -0.027691
    0.605982     0.605505    -0.027691
    0.589244     0.625105    -0.012133
    0.588254     0.626581    -0.009496
    0.561517     0.650698     0.013122
    0.538595     0.666182     0.020270
    0.531127     0.672006     0.027751
    0.551744     0.656838     0.013122
    0.392866     0.736401     0.060352
    0.381146     0.739723     0.057767
    0.367441     0.744252     0.061893
    0.122995     0.784055     0.085312
    0.043317     0.793033     0.085312
   -0.062286     0.802714     0.078002
   -0.091099     0.796951     0.048301
   -0.095134     0.795958     0.043531
   -0.135017     0.791465     0.043531
   -0.137579     0.790482     0.041242
   -0.148378     0.788359     0.054055
   -0.149323     0.784409     0.026055
   -0.150510     0.783993     0.026055
   -0.151572     0.785362     0.039517
   -0.146040     0.786030     0.029708
   -0.160603     0.781737     0.053068
   -0.159081     0.776199     0.010132
   -0.170603     0.768959     0.010132
   -0.171146     0.769551     0.016302
   -0.178051     0.757860    -0.009711
   -0.325279     0.610632    -0.009711
   -0.350288     0.577747    -0.030303
   -0.378555     0.521258    -0.078080
   -0.533552     0.274581    -0.078080
   -0.357203     0.559794    -0.059158
   -0.599508     0.142417    -0.130904
   -0.602155     0.126333    -0.153961
   -0.607932     0.107971    -0.158970
   -0.626758     0.054171    -0.158970
   -0.646745    -0.016238    -0.174196
   -0.646626    -0.015916    -0.174431
   -0.648449    -0.032846    -0.175678
   -0.653404    -0.076819    -0.175678
   -0.654735    -0.091336    -0.176683
   -0.662618    -0.347139    -0.118454
   -0.662463    -0.348982    -0.118184
   -0.655366    -0.418146    -0.112014
   -0.640573    -0.474204    -0.095998
   -0.621117    -0.537007    -0.076512
   -0.637943    -0.481721    -0.095998
   -0.621742    -0.533211    -0.081954
   -0.609404    -0.560478    -0.067131
   -0.597774    -0.578987    -0.067131
   -0.588553    -0.595630    -0.058958
   -0.581802    -0.603706    -0.060232
   -0.578781    -0.607679    -0.057745
   -0.550593    -0.635867    -0.057745
   -0.544694    -0.640353    -0.061439
   -0.522155    -0.659192    -0.057883
   -0.498999    -0.672022    -0.069254
   -0.435187    -0.707347    -0.084000
   -0.316069    -0.753527    -0.082993
   -0.370933    -0.734329    -0.082993
   -0.299783    -0.758144    -0.086585
   -0.295220    -0.759652    -0.085211
   -0.215977    -0.775795    -0.061235
   -0.222945    -0.774436    -0.066329
   -0.217733    -0.775363    -0.063311
   -0.122021    -0.781553    -0.007295
   -0.123188    -0.781651    -0.007466
   -0.099451    -0.779237    -0.005282
    0.111359    -0.753057     0.152735
    0.164465    -0.735971     0.164311
    0.122023    -0.749325     0.152735
    0.169474    -0.733100     0.162130
    0.194858    -0.713304     0.136704
    0.209748    -0.698921     0.114198
    0.268682    -0.624457    -0.001514
    0.273361    -0.617188    -0.014893
    0.364904    -0.474710    -0.173318
    0.395749    -0.409405    -0.240671
    0.416014    -0.363281    -0.290128
    0.419819    -0.355657    -0.293175
    0.425472    -0.321306    -0.342422
    0.437829    -0.282033    -0.353134
    0.474365    -0.177618    -0.353134
    0.479348    -0.160040    -0.357011
    0.540044     0.023630    -0.301708
    0.558907     0.079418    -0.280158
    0.625447     0.406176    -0.197736
    0.625735     0.409313    -0.197954
    0.628700     0.429023    -0.187550
    0.627507     0.442621    -0.186434
    0.636730     0.504907    -0.132896
    0.622974     0.477054    -0.186434
    0.630423     0.503017    -0.153039
    0.635466     0.505320    -0.136611
    0.634079     0.534898    -0.106849
    0.634384     0.535411    -0.105239
    0.628479     0.507709    -0.153039
    0.630850     0.532665    -0.118229
    0.627517     0.537009    -0.118229
    0.621881     0.577115    -0.060348
    0.610823     0.592348    -0.049431
    0.589345     0.615350    -0.034415
    0.584300     0.626206    -0.018335
    0.602382     0.598825    -0.049431
    0.430099     0.712150     0.023085
    0.432370     0.710182     0.020270
    0.213200     0.759105     0.045136
    0.076254     0.777134     0.045136
   -0.095134     0.792177     0.031065
   -0.118674     0.781977     0.006185
   -0.142899     0.768860    -0.024322
   -0.151862     0.767680    -0.024322
   -0.153571     0.771423    -0.012128
   -0.157620     0.771234    -0.008053
   -0.162848     0.756443    -0.042640
   -0.163593     0.757521    -0.038841
   -0.175871     0.754788    -0.023441
   -0.206024     0.665761    -0.175150
   -0.210904     0.659575    -0.180771
   -0.169567     0.732772    -0.085271
   -0.173691     0.721656    -0.103578
   -0.186486     0.694127    -0.144356
   -0.226806     0.632851    -0.209067
   -0.251642     0.598635    -0.233587
   -0.283477     0.506239    -0.323529
   -0.321327     0.433173    -0.365471
   -0.422759     0.300984    -0.365471
   -0.428616     0.296363    -0.360148
   -0.254796     0.576193    -0.265975
   -0.263857     0.550602    -0.290324
   -0.510468     0.188413    -0.316804
   -0.545773     0.150891    -0.280549
   -0.478965     0.228618    -0.336094
   -0.609299     0.037645    -0.235026
   -0.611341     0.035288    -0.232106
   -0.561610     0.112658    -0.280549
   -0.564060     0.108314    -0.278765
   -0.591798     0.063516    -0.253612
   -0.633440    -0.003946    -0.204309
   -0.639534    -0.013596    -0.195284
   -0.645868    -0.050278    -0.190662
   -0.642720    -0.037789    -0.195284
   -0.661396    -0.338883    -0.125550
   -0.662568    -0.319660    -0.128827
   -0.653711    -0.418687    -0.116880
   -0.638428    -0.471384    -0.106399
   -0.653161    -0.419663    -0.117571
   -0.651142    -0.424389    -0.118784
   -0.635681    -0.478016    -0.106399
   -0.619020    -0.534396    -0.088064
   -0.609610    -0.550262    -0.086334
   -0.599383    -0.571759    -0.076196
   -0.617963    -0.535819    -0.088570
   -0.614226    -0.541930    -0.088252
   -0.578229    -0.599328    -0.076196
   -0.574585    -0.606362    -0.072158
   -0.547081    -0.633866    -0.072158
   -0.492346    -0.673503    -0.077598
   -0.539972    -0.637548    -0.076239
   -0.536286    -0.639786    -0.077598
   -0.465049    -0.686490    -0.090473
   -0.447992    -0.696921    -0.091359
   -0.435774    -0.706001    -0.087021
   -0.412290    -0.712941    -0.094658
   -0.359341    -0.734873    -0.094658
   -0.321255    -0.748016    -0.095269
   -0.306803    -0.754190    -0.091559
   -0.348954    -0.737683    -0.097395
   -0.277694    -0.761340    -0.087115
   -0.244921    -0.765654    -0.087115
   -0.242778    -0.765842    -0.087291
   -0.185034    -0.772493    -0.060626
   -0.098064    -0.774998    -0.017747
   -0.145793    -0.767327    -0.060626
   -0.130074    -0.765813    -0.058918
   -0.029423    -0.756427     0.000344
    0.231835    -0.648210     0.000344
    0.262153    -0.619683    -0.028950
    0.274564    -0.592981    -0.068505
    0.344857    -0.503878    -0.149472
    0.349977    -0.495274    -0.158581
    0.416806    -0.358769    -0.296444
    0.421444    -0.325763    -0.344079
    0.424870    -0.321298    -0.344079
    0.425110    -0.321464    -0.343233
    0.422191    -0.293091    -0.383425
    0.422096    -0.290478    -0.386649
    0.423719    -0.284985    -0.388436
    0.439474    -0.246950    -0.388436
    0.447866    -0.215933    -0.396610
    0.591653     0.328144    -0.280158
    0.591929     0.331292    -0.280416
    0.570995     0.331292    -0.319581
    0.606604     0.471040    -0.218541
    0.614763     0.476472    -0.201938
    0.553173     0.327171    -0.351908
    0.544557     0.381569    -0.351908
    0.546578     0.386575    -0.346985
    0.569141     0.428844    -0.295789
    0.573608     0.434698    -0.286350
    0.601233     0.468551    -0.228629
    0.615651     0.495978    -0.185487
    0.621362     0.504503    -0.168532
    0.606014     0.485405    -0.208315
    0.607862     0.489839    -0.202075
    0.618584     0.528077    -0.143765
    0.606611     0.514778    -0.173863
    0.617219     0.528238    -0.145199
    0.520116     0.558850    -0.173863
    0.483040     0.610513    -0.124067
    0.444782     0.639402    -0.100141
    0.392650     0.643861    -0.106787
    0.003077     0.705564    -0.106787
   -0.140899     0.717330    -0.120237
   -0.142899     0.725976    -0.104553
   -0.152935     0.706680    -0.135536
   -0.176985     0.702871    -0.135536
   -0.227933     0.627487    -0.216344
   -0.220427     0.637946    -0.206263
   -0.248357     0.585353    -0.259150
   -0.290995     0.485372    -0.339427
   -0.319895     0.424279    -0.377767
   -0.322706     0.421469    -0.377767
   -0.405217     0.312399    -0.379677
   -0.420901     0.301374    -0.367991
   -0.344371     0.372833    -0.403089
   -0.346922     0.368960    -0.403772
   -0.373616     0.339211    -0.397517
   -0.427788     0.287857    -0.367991
   -0.431001     0.283476    -0.366502
   -0.531879     0.152030    -0.305171
   -0.631892    -0.010023    -0.208703
   -0.661929    -0.317154    -0.130639
   -0.662585    -0.295553    -0.134733
   -0.647499    -0.430507    -0.120819
   -0.635672    -0.477825    -0.106560
   -0.649543    -0.426506    -0.120109
   -0.628325    -0.497098    -0.102802
   -0.634149    -0.480813    -0.106560
   -0.580117    -0.595059    -0.078440
   -0.578234    -0.599287    -0.076239
   -0.465660    -0.685941    -0.090601
   -0.534670    -0.640506    -0.078440
   -0.428885    -0.702034    -0.098382
   -0.424665    -0.703543    -0.099356
   -0.406719    -0.712687    -0.099356
   -0.389394    -0.717017    -0.104577
   -0.280754    -0.756418    -0.094880
   -0.266955    -0.758603    -0.094880
   -0.242778    -0.760579    -0.097138
   -0.237468    -0.757003    -0.102520
   -0.217250    -0.749119    -0.112291
   -0.186550    -0.734568    -0.129244
   -0.128119    -0.725313    -0.129244
   -0.128249    -0.755401    -0.076632
   -0.106093    -0.709076    -0.144779
   -0.098614    -0.702194    -0.151722
    0.059008    -0.583172    -0.250293
    0.060504    -0.581087    -0.252302
    0.068640    -0.573509    -0.257518
    0.218980    -0.442063    -0.340851
    0.378216    -0.360928    -0.340851
    0.403642    -0.324757    -0.367802
    0.418668    -0.322987    -0.352015
    0.404731    -0.303051    -0.392357
    0.406874    -0.298520    -0.395201
    0.418081    -0.287314    -0.395201
    0.411744    -0.264978    -0.422121
    0.421902    -0.245042    -0.422121
    0.423743    -0.237676    -0.424341
    0.438986    -0.217490    -0.411717
    0.450323    -0.084939    -0.428615
    0.495319     0.199153    -0.428615
    0.499235     0.247072    -0.433091
    0.492603     0.247072    -0.441172
    0.532215     0.368719    -0.369427
    0.538945     0.377550    -0.359523
    0.492416     0.247030    -0.441391
    0.484796     0.285338    -0.441391
    0.501286     0.319675    -0.415172
    0.514947     0.344699    -0.394215
    0.531698     0.368094    -0.370149
    0.547168     0.393202    -0.342380
    0.567277     0.426979    -0.299056
    0.542265     0.388299    -0.349886
    0.521827     0.401956    -0.349886
    0.533515     0.423978    -0.322511
    0.518115     0.399299    -0.353703
    0.480607     0.401955    -0.359105
   -0.035169     0.504549    -0.359105
   -0.054603     0.506002    -0.361085
   -0.146727     0.588495    -0.278347
   -0.152935     0.615969    -0.246068
   -0.250088     0.567935    -0.278347
   -0.313174     0.428239    -0.378255
   -0.319932     0.423724    -0.378255
   -0.294166     0.470661    -0.350982
   -0.340926     0.376279    -0.403089
   -0.346924     0.368950    -0.403776
   -0.363881     0.343573    -0.403776
   -0.561177     0.099461    -0.283986
   -0.533477     0.143997    -0.305171
   -0.563084     0.095582    -0.282412
   -0.659490    -0.286048    -0.140339
   -0.659373    -0.265554    -0.144436
   -0.644954    -0.433275    -0.122137
   -0.623236    -0.504714    -0.102802
   -0.445758    -0.690760    -0.098382
   -0.397277    -0.709768    -0.108330
   -0.274132    -0.754262    -0.098785
   -0.296842    -0.749745    -0.098785
   -0.166146    -0.716297    -0.147570
   -0.121977    -0.694586    -0.165500
    0.246907    -0.406910    -0.365141
    0.350456    -0.311675    -0.414450
    0.367172    -0.299712    -0.418450
    0.381047    -0.282693    -0.425559
    0.408842    -0.264121    -0.425559
    0.409103    -0.264382    -0.425160
    0.410654    -0.264280    -0.423800
    0.405963    -0.254797    -0.433919
    0.407229    -0.249566    -0.435964
    0.409097    -0.246771    -0.435964
    0.410873    -0.238955    -0.438525
    0.407035    -0.233593    -0.444040
    0.395965    -0.195003    -0.465117
    0.405547    -0.059690    -0.484607
    0.419408     0.009998    -0.484607
    0.430686     0.160810    -0.499970
    0.449519     0.199124    -0.484416
    0.449343     0.201644    -0.484150
    0.477189     0.278762    -0.448707
    0.440196     0.235781    -0.484150
    0.463775     0.267354    -0.460742
    0.471096     0.274674    -0.453960
    0.519910     0.356307    -0.384762
    0.402341     0.221473    -0.506289
    0.344993     0.196818    -0.535529
    0.296380     0.199510    -0.543079
    0.080303     0.257408    -0.543079
    0.027334     0.261114    -0.548684
   -0.042496     0.335896    -0.498711
   -0.054603     0.384156    -0.461082
   -0.199034     0.293951    -0.498711
   -0.241122     0.312046    -0.477252
   -0.306598     0.360945    -0.428708
   -0.315433     0.374115    -0.417356
   -0.324999     0.342544    -0.428708
   -0.343499     0.343470    -0.418687
   -0.344837     0.344368    -0.417533
   -0.419176     0.250728    -0.381552
   -0.359025     0.285524    -0.418687
   -0.557547     0.016441    -0.274037
   -0.627548    -0.434001    -0.134712
   -0.487204    -0.246082    -0.274037
   -0.620047    -0.467141    -0.123829
   -0.400288    -0.686900    -0.123829
   -0.398212    -0.687370    -0.124511
   -0.198035    -0.714066    -0.144195
   -0.371663    -0.667543    -0.144195
    0.229930    -0.400780    -0.372944
    0.268821    -0.333549    -0.414450
    0.397924    -0.254114    -0.438418
    0.397517    -0.245998    -0.442815
    0.406190    -0.237325    -0.442815
    0.392580    -0.190470    -0.468478
    0.370935    -0.140125    -0.494147
    0.375182    -0.063444    -0.506056
    0.388694    -0.013018    -0.506056
    0.398771     0.131008    -0.521298
    0.371690     0.131008    -0.535773
    0.403770     0.221522    -0.505662
    0.336037     0.119764    -0.553219
    0.316092     0.167917    -0.553219
    0.238142     0.136428    -0.580821
    0.215472     0.137683    -0.584342
    0.172342     0.155548    -0.584342
    0.131993     0.158615    -0.588482
    0.111362     0.165236    -0.587898
    0.089747     0.173489    -0.586582
    0.048025     0.191854    -0.582741
    0.043512     0.194355    -0.582051
    0.038858     0.198224    -0.580649
    0.027334     0.211628    -0.575135
    0.026895     0.211595    -0.575090
   -0.194083     0.289915    -0.501578
   -0.182774     0.278606    -0.508500
    0.015106     0.206712    -0.575090
   -0.032612     0.217313    -0.561947
   -0.121018     0.253026    -0.530642
   -0.247660     0.312269    -0.474383
   -0.238181     0.285524    -0.483280
   -0.216247     0.278606    -0.494013
   -0.388519    -0.207451    -0.332318
   -0.036898     0.217313    -0.560647
    0.003352     0.120140    -0.560647
   -0.013240     0.079066    -0.546102
   -0.296619    -0.204314    -0.372654
   -0.306774    -0.501780    -0.242091
    0.258934    -0.033672    -0.546102
    0.298529    -0.126938    -0.512835
    0.298529    -0.203581    -0.479664
    0.268821    -0.297773    -0.433572
    0.394184    -0.237484    -0.447843
    0.340403    -0.109593    -0.512835
    0.296730    -0.001480    -0.551119
    0.327172     0.072015    -0.551119
    0.330436     0.114948    -0.555523
    0.247411     0.114948    -0.580708
    0.233947     0.121396    -0.583982
    0.229056     0.121396    -0.584787
    0.206406     0.127076    -0.587577
    0.200092     0.133391    -0.587577
    0.189499     0.134795    -0.588482
    0.028867     0.201012    -0.578548
    0.043270     0.194113    -0.582051
    0.044880     0.192642    -0.582354
    0.032891     0.149679    -0.573319
    0.095958     0.167278    -0.586582
    0.203338     0.127076    -0.587879
    0.218331     0.110671    -0.584787
    0.258934     0.025897    -0.564172
    0.273385     0.021865    -0.561134
     1      2      3
     4      5      6
     7      8      9
    10      3      2
    10      2      7
    10      7      9
    10      9     11
    10     11     12
    13     14      1
    13      1      3
    13      3     10
    15     16      4
    15      4      6
    15      6     14
    15     14     13
    17     18     19
    17     19     20
    17     20     21
    17     21     22
    22     21     23
    22     23      5
    22      5      4
    22      4     16
    20     24     25
    20     25     26
    20     26     23
    20     23     21
     6      5     23
     6     23     26
     6     26     27
     6     27     28
     6     28     29
     6     29     30
     6     30      8
     6      8      7
     6      7      2
     6      2      1
     6      1     14
     9      8     30
     9     30     31
     9     31     32
     9     32     11
    33     31     30
    33     30     29
    33     29     34
    33     34     35
    33     35     36
    33     36     37
    36     35     38
    32     31     33
    12     11     32
    12     32     33
    12     33     37
    12     37     39
    40     41     42
    40     42     43
    40     43     44
    40     44     45
    40     45     46
    40     46     47
    40     47     48
    40     48     49
    43     50     15
    43     15     13
    43     13     10
    43     10     12
    43     12     39
    43     39     51
    43     51     44
    52     53     54
    52     54     55
    52     55     56
    52     56     50
    52     50     43
    52     43     42
    52     42     57
    56     58     17
    56     17     22
    56     22     16
    56     16     15
    56     15     50
    55     59     60
    55     60     61
    55     61     62
    55     62     63
    55     63     64
    55     64     65
    55     65     58
    55     58     56
    64     66     67
    64     67     68
    64     68     69
    64     69     70
    64     70     71
    64     71     72
    64     72     73
    64     73     65
    65     73     74
    65     74     75
    65     75     18
    65     18     17
    65     17     58
    72     76     74
    72     74     73
    19     77     24
    19     24     20
    78     79     80
    78     80     25
    78     25     24
    78     24     77
    80     79     81
    80     81     82
    80     82     83
    80     83     84
    80     84     85
    80     85     86
    26     25     80
    26     80     86
    26     86     87
    26     87     27
    27     87     88
    27     88     89
    27     89     28
    28     89     90
    28     90     91
    28     91     92
    28     92     34
    28     34     29
    93     92     91
    93     91     94
    93     94     95
    96     97     93
    96     93     95
    96     95     98
    96     98     99
    38     35     34
    38     34     92
    38     92     93
    38     93     97
    38     97    100
   101    100     97
   101     97     96
   101     96    102
    39     37     36
    39     36     38
    39     38    100
    39    100    101
    39    101     51
    44     51    101
    44    101    102
    44    102    103
    44    103    104
    44    104     45
   105    106     41
   105     41     40
   105     40    107
   105    107    108
   105    108    109
   105    109    110
    57     42     41
    57     41    106
    57    106    111
   112    113    114
   112    114    115
   112    115     53
   112     53     52
   112     52    116
   115    117    118
   115    118    119
   115    119    120
   115    120    121
   115    121    122
   115    122    123
   115    123     54
   115     54     53
   122    124    125
   122    125    126
   122    126    123
    54    123    126
    54    126    127
    54    127    128
    54    128    129
    54    129    130
    54    130    131
    54    131    132
    54    132    133
    54    133     59
    54     59     55
   133    134    135
   133    135    136
   133    136    137
   133    137    138
   133    138     60
   133     60     59
    62    139    140
    62    140    141
    62    141     63
    63    141    142
    63    142    143
    63    143    144
    63    144     66
    63     66     64
   144    145     67
   144     67     66
    70    146     71
    71    146    147
    71    147     76
    71     76     72
    75    148     78
    75     78     77
    75     77     19
    75     19     18
   149     81     79
   149     79     78
   149     78    148
   150    151    152
   150    152    153
   150    153     84
   150     84     83
    84    153    154
    84    154    155
    84    155     85
   155    154    156
   155    156    157
   155    157    158
    86     85    155
    86    155    158
    86    158    159
    86    159     88
    86     88     87
    88    159    160
    88    160    161
    88    161     90
    88     90     89
    91     90    161
    91    161    162
    91    162    163
    91    163     94
    95     94    163
    95    163    164
    95    164    165
    95    165     98
   165    164    166
   165    166    167
   165    167    168
   165    168    169
   165    169    170
    99     98    165
    99    165    170
    99    170    171
   171    170    169
   171    169    172
   171    172    173
   174    175    103
   174    103    102
   174    102     96
   174     96     99
   174     99    171
   174    171    173
   174    173    176
   103    175    177
   103    177    178
   103    178    179
   103    179    180
   103    180    104
    45    104    180
    45    180    181
    45    181    182
    45    182    183
    45    183     46
   184     47     46
   184     46    183
   184    183    185
   186    111    106
   186    106    105
   187    116     52
   187     52     57
   187     57    111
   187    111    186
   188    189    190
   188    190    114
   188    114    113
   114    190    191
   114    191    117
   114    117    115
   118    192    193
   118    193    194
   118    194    119
   121    195    124
   121    124    122
   126    125    196
   126    196    127
   132    197    198
   132    198    134
   132    134    133
   135    199    200
   135    200    136
    60    138    201
    60    201    202
    60    202     61
    61    202    203
    61    203    139
    61    139     62
   140    204    205
   140    205    206
   140    206    142
   140    142    141
   142    206    207
   142    207    143
   143    207    208
   143    208    145
   143    145    144
    68    209     69
    69    209    210
    69    210    211
    69    211    212
    69    212    147
    69    147    146
    69    146     70
    74     76    147
    74    147    212
    74    212    213
    74    213    149
    74    149    148
    74    148     75
   213     82     81
   213     81    149
   214    215    216
   214    216    217
   214    217    152
   214    152    151
   152    217    156
   152    156    154
   152    154    153
   216    215    218
   216    218    219
   157    156    217
   157    217    216
   157    216    219
   157    219    220
   220    219    218
   220    218    221
   220    221    222
   160    159    158
   160    158    157
   160    157    220
   160    220    222
   160    222    223
   224    162    161
   224    161    160
   224    160    223
   224    223    225
   224    225    226
   163    162    224
   163    224    227
   163    227    166
   163    166    164
   167    166    227
   167    227    228
   167    228    229
   167    229    230
   231    230    229
   231    229    232
   231    232    233
   234    168    167
   234    167    230
   234    230    231
   235    236    234
   235    234    231
   235    231    233
   235    233    237
   235    237    238
   172    169    168
   172    168    234
   172    234    236
   172    236    239
   176    173    172
   176    172    239
   176    239    240
   241    177    175
   241    175    174
   180    179    181
   242     48     47
   242     47    184
    49     48    242
   243    244    245
   243    245    246
   243    246    247
   246    245    112
   246    112    116
   246    116    187
   248    249    189
   248    189    188
   250    191    190
   250    190    189
   250    189    249
   250    249    251
   252    253    192
   252    192    118
   252    118    117
   252    117    191
   252    191    250
   254    255    193
   254    193    192
   254    192    253
   119    194    256
   119    256    120
   257    258    196
   257    196    125
   257    125    124
   257    124    195
   127    196    258
   127    258    259
   127    259    128
   198    260    199
   198    199    135
   198    135    134
   261    262    263
   261    263    200
   261    200    199
   261    199    260
   136    200    263
   136    263    264
   136    264    265
   136    265    137
   137    265    266
   137    266    267
   137    267    201
   137    201    138
   201    267    268
   201    268    269
   201    269    270
   201    270    203
   201    203    202
   203    270    271
   203    271    272
   203    272    204
   203    204    140
   203    140    139
   272    273    274
   272    274    275
   272    275    276
   272    276    205
   272    205    204
   205    276    277
   205    277    208
   205    208    207
   205    207    206
   277    276    275
   277    275    278
   277    278    279
    67    145    208
    67    208    277
    67    277    279
    67    279    210
    67    210    209
    67    209     68
   279    278    280
   279    280    281
   279    281    282
   279    282    283
   279    283    211
   279    211    210
   211    283    284
   211    284    285
   211    285    286
   211    286    150
   211    150     83
   211     83     82
   211     82    213
   211    213    212
   286    287    288
   286    288    289
   286    289    290
   286    290    291
   286    291    292
   286    292    293
   286    293    214
   286    214    151
   286    151    150
   292    294    295
   292    295    296
   292    296    297
   292    297    293
   221    218    215
   221    215    214
   221    214    293
   221    293    297
   221    297    298
   221    298    299
   295    300    301
   295    301    296
   297    296    301
   297    301    302
   297    302    298
   302    301    300
   302    300    303
   302    303    304
   302    304    305
   299    298    302
   299    302    305
   299    305    306
   306    305    304
   306    304    307
   306    307    308
   306    308    309
   223    222    221
   223    221    299
   223    299    306
   223    306    309
   223    309    310
   223    310    311
   223    311    312
   223    312    225
   226    225    312
   226    312    313
   226    313    314
   226    314    315
   226    315    316
   226    316    317
   228    227    224
   228    224    226
   228    226    317
   228    317    318
   228    318    319
   318    317    316
   318    316    320
   318    320    321
   318    321    322
   318    322    323
   318    323    324
   325    319    318
   325    318    324
   325    324    326
   325    326    327
   328    232    229
   328    229    228
   328    228    319
   328    319    325
   328    325    329
   330    329    325
   330    325    327
   330    327    331
   233    232    328
   233    328    237
   238    237    328
   238    328    329
   238    329    330
   240    239    236
   240    236    235
   240    235    332
   333    334    241
   333    241    174
   333    174    176
   333    176    240
   333    240    332
   333    332    335
   336    178    177
   336    177    241
   336    241    334
   182    181    179
   182    179    178
   182    178    336
   108    107    337
   338    109    108
   338    108    337
   338    337    339
   340    341    342
   340    342    343
   340    343    244
   340    244    243
   343    344    248
   343    248    188
   343    188    113
   343    113    112
   343    112    245
   343    245    244
   342    345    346
   342    346    347
   342    347    348
   342    348    344
   342    344    343
   348    251    249
   348    249    248
   348    248    344
   347    349    350
   347    350    252
   347    252    250
   347    250    251
   347    251    348
   350    351    352
   350    352    254
   350    254    253
   350    253    252
   352    353    354
   352    354    255
   352    255    254
   193    255    354
   193    354    355
   193    355    356
   193    356    256
   193    256    194
   120    256    356
   120    356    357
   120    357    358
   120    358    257
   120    257    195
   120    195    121
   358    359    360
   358    360    361
   358    361    259
   358    259    258
   358    258    257
   128    259    361
   128    361    362
   128    362    129
   363    364    261
   363    261    260
   363    260    198
   363    198    197
   365    366    262
   365    262    261
   365    261    364
   263    262    366
   263    366    367
   263    367    368
   263    368    369
   263    369    264
   264    369    370
   264    370    266
   264    266    265
   266    370    371
   266    371    372
   266    372    373
   266    373    268
   266    268    267
   268    373    374
   268    374    375
   268    375    376
   268    376    269
   269    376    377
   269    377    378
   269    378    271
   269    271    270
   271    378    379
   271    379    380
   271    380    273
   271    273    272
   380    381    382
   380    382    274
   380    274    273
   274    382    383
   274    383    280
   274    280    278
   274    278    275
   280    383    384
   280    384    385
   280    385    281
   282    386    387
   282    387    284
   282    284    283
   284    387    388
   284    388    389
   284    389    285
   288    390    391
   288    391    392
   288    392    393
   288    393    394
   288    394    289
   395    396    397
   395    397    398
   395    398    399
   395    399    290
   395    290    289
   395    289    394
   395    394    400
   395    400    401
   395    401    402
   290    399    403
   290    403    404
   290    404    405
   290    405    406
   290    406    291
   291    406    407
   291    407    408
   291    408    409
   291    409    294
   291    294    292
   408    410    411
   408    411    412
   408    412    409
   409    412    413
   409    413    303
   409    303    300
   409    300    295
   409    295    294
   413    412    411
   413    411    414
   413    414    415
   413    415    416
   304    303    413
   304    413    416
   304    416    307
   307    416    415
   307    415    417
   307    417    418
   307    418    419
   307    419    308
   309    308    419
   309    419    420
   309    420    421
   309    421    310
   310    421    422
   310    422    423
   310    423    311
   312    311    423
   312    423    424
   312    424    425
   312    425    426
   312    426    427
   312    427    428
   312    428    429
   312    429    313
   313    429    430
   313    430    431
   313    431    432
   313    432    433
   313    433    314
   316    315    434
   316    434    320
   435    436    437
   435    437    321
   435    321    320
   435    320    434
   435    434    438
   435    438    439
   435    439    440
   435    440    441
   442    322    321
   442    321    437
   442    437    443
   442    443    444
   323    322    442
   323    442    445
   323    445    446
   447    446    445
   447    445    448
   447    448    449
   326    324    323
   326    323    446
   326    446    447
   326    447    450
   451    450    447
   451    447    449
   451    449    452
   451    452    453
   331    327    326
   331    326    450
   331    450    451
   331    451    454
   455    454    451
   455    451    453
   455    453    456
   455    456    457
   335    332    235
   335    235    238
   335    238    330
   335    330    331
   335    331    454
   335    454    455
   458    459    333
   458    333    335
   458    335    455
   458    455    457
   458    457    460
   185    183    182
   185    182    336
   185    336    334
   185    334    333
   185    333    459
   339    337    107
   339    107     40
   339     40     49
   339     49    242
   339    242    184
   339    184    185
   339    185    459
   339    459    458
   461    110    109
   461    109    338
   461    338    462
   463    247    246
   463    246    187
   463    187    186
   463    186    105
   463    105    110
   463    110    461
   464    465    466
   464    466    467
   464    467    468
   468    467    469
   468    469    345
   468    345    342
   468    342    341
   466    470    471
   466    471    469
   466    469    467
   469    471    472
   469    472    346
   469    346    345
   473    474    475
   473    475    472
   473    472    471
   473    471    470
   346    472    475
   346    475    476
   346    476    349
   346    349    347
   476    477    478
   476    478    479
   476    479    351
   476    351    350
   476    350    349
   479    480    353
   479    353    352
   479    352    351
   481    482    355
   481    355    354
   481    354    353
   481    353    480
   356    355    482
   356    482    483
   356    483    484
   356    484    357
   357    484    485
   357    485    486
   357    486    487
   357    487    359
   357    359    358
   361    360    488
   361    488    489
   361    489    362
   129    362    489
   129    489    490
   129    490    130
   491    492    365
   491    365    364
   491    364    363
   493    367    366
   493    366    365
   493    365    492
   494    495    368
   494    368    367
   494    367    493
   496    371    370
   496    370    369
   496    369    368
   496    368    495
   497    498    372
   497    372    371
   497    371    496
   497    496    499
   372    498    500
   372    500    501
   372    501    374
   372    374    373
   374    501    502
   374    502    503
   374    503    375
   375    503    504
   375    504    377
   375    377    376
   377    504    505
   377    505    506
   377    506    379
   377    379    378
   379    506    507
   379    507    508
   379    508    381
   379    381    380
   508    384    383
   508    383    382
   508    382    381
   281    385    509
   281    509    510
   281    510    386
   281    386    282
   510    388    387
   510    387    386
   511    390    288
   511    288    287
   512    391    390
   512    390    511
   394    393    513
   394    513    514
   394    514    515
   394    515    400
   401    400    515
   401    515    516
   398    517    518
   398    518    403
   398    403    399
   519    404    403
   519    403    518
   519    518    520
   521    407    406
   521    406    405
   521    405    522
   521    522    523
   524    410    408
   524    408    407
   524    407    521
   525    414    411
   525    411    410
   525    410    524
   525    524    526
   527    417    415
   527    415    414
   527    414    525
   528    529    418
   528    418    417
   528    417    527
   419    418    529
   419    529    530
   419    530    531
   419    531    420
   420    531    532
   420    532    533
   420    533    422
   420    422    421
   423    422    533
   423    533    534
   423    534    535
   423    535    424
   424    535    536
   424    536    537
   424    537    425
   428    538    539
   428    539    430
   428    430    429
   431    430    539
   431    539    540
   431    540    541
   431    541    542
   434    315    314
   434    314    433
   434    433    543
   434    543    438
   438    543    544
   438    544    545
   438    545    439
   546    547    436
   546    436    435
   437    436    547
   437    547    548
   437    548    443
   444    443    548
   444    548    549
   444    549    550
   448    445    442
   448    442    444
   448    444    550
   448    550    551
   448    551    552
   552    551    553
   552    553    554
   552    554    555
   452    449    448
   452    448    552
   452    552    555
   452    555    556
   556    555    554
   556    554    557
   556    557    558
   556    558    559
   456    453    452
   456    452    556
   456    556    559
   456    559    560
   560    559    558
   560    558    561
   560    561    562
   560    562    563
   460    457    456
   460    456    560
   460    560    563
   460    563    564
   460    564    565
   460    565    566
   566    565    567
   566    567    568
   566    568    569
   566    569    570
   566    570    571
   566    571    572
   462    338    339
   462    339    458
   462    458    460
   462    460    566
   462    566    572
   462    572    573
   462    573    574
   574    575    576
   574    576    577
   574    577    578
   574    578    579
   574    579    463
   574    463    461
   574    461    462
   579    580    340
   579    340    243
   579    243    247
   579    247    463
   581    582    583
   581    583    584
   581    584    464
   581    464    468
   581    468    341
   581    341    340
   581    340    580
   583    585    586
   583    586    587
   583    587    584
   588    589    586
   588    586    585
   584    587    590
   584    590    465
   584    465    464
   586    589    591
   586    591    592
   586    592    590
   586    590    587
   590    592    593
   590    593    473
   590    473    470
   590    470    466
   590    466    465
   593    594    595
   593    595    596
   593    596    474
   593    474    473
   475    474    596
   475    596    597
   475    597    477
   475    477    476
   597    598    599
   597    599    600
   597    600    478
   597    478    477
   478    600    601
   478    601    481
   478    481    480
   478    480    479
   602    603    483
   602    483    482
   602    482    481
   602    481    601
   602    601    604
   483    603    485
   483    485    484
   487    605    488
   487    488    360
   487    360    359
   489    488    605
   489    605    606
   489    606    607
   489    607    490
   131    608    609
   131    609    491
   131    491    363
   131    363    197
   131    197    132
   609    610    494
   609    494    493
   609    493    492
   609    492    491
   611    499    496
   611    496    495
   611    495    494
   611    494    610
   612    613    497
   612    497    499
   612    499    611
   614    615    500
   614    500    498
   614    498    497
   614    497    613
   616    617    618
   616    618    615
   616    615    614
   616    614    619
   618    620    502
   618    502    501
   618    501    500
   618    500    615
   621    622    623
   621    623    620
   621    620    618
   621    618    617
   502    620    623
   502    623    505
   502    505    504
   502    504    503
   505    623    622
   505    622    624
   505    624    625
   505    625    507
   505    507    506
   507    625    626
   507    626    509
   507    509    385
   507    385    384
   507    384    508
   627    628    389
   627    389    388
   627    388    510
   627    510    509
   627    509    626
   627    626    629
   285    389    628
   285    628    630
   285    630    512
   285    512    511
   285    511    287
   285    287    286
   630    631    632
   630    632    633
   630    633    392
   630    392    391
   630    391    512
   634    513    393
   634    393    392
   634    392    633
   634    633    635
   514    513    634
   514    634    636
   514    636    637
   516    515    514
   516    514    637
   516    637    638
   397    639    640
   397    640    517
   397    517    398
   520    518    517
   520    517    640
   520    640    641
   522    405    404
   522    404    519
   522    519    642
   643    523    522
   643    522    642
   643    642    644
   643    644    645
   646    526    524
   646    524    521
   646    521    523
   646    523    643
   647    648    528
   647    528    527
   647    527    525
   647    525    526
   647    526    646
   649    650    530
   649    530    529
   649    529    528
   649    528    648
   530    650    651
   530    651    532
   530    532    531
   533    532    651
   533    651    652
   533    652    653
   533    653    534
   534    653    654
   534    654    536
   534    536    535
   425    537    655
   425    655    426
   656    538    428
   656    428    427
   656    427    657
   658    659    540
   658    540    539
   658    539    538
   658    538    656
   660    432    431
   660    431    542
   660    542    661
   660    661    662
   544    543    433
   544    433    432
   544    432    660
   663    440    439
   663    439    545
   663    545    664
   441    440    663
   441    663    665
   549    548    547
   549    547    546
   549    546    666
   667    553    551
   667    551    550
   667    550    549
   667    549    666
   667    666    668
   554    553    667
   554    667    669
   554    669    557
   558    557    669
   558    669    670
   558    670    561
   561    670    671
   561    671    562
   564    672    567
   564    567    565
   567    672    673
   567    673    568
   570    674    675
   570    675    571
   572    571    675
   572    675    676
   572    676    677
   572    677    573
   574    573    677
   574    677    678
   574    678    679
   574    679    680
   574    680    575
   575    680    681
   575    681    682
   575    682    683
   575    683    576
   578    684    581
   578    581    580
   578    580    579
   685    686    582
   685    582    581
   685    581    684
   687    688    588
   687    588    585
   687    585    583
   687    583    582
   687    582    686
   689    690    691
   689    691    688
   689    688    687
   691    692    693
   691    693    591
   691    591    589
   691    589    588
   691    588    688
   694    695    692
   694    692    691
   694    691    690
   693    594    593
   693    593    592
   693    592    591
   696    697    595
   696    595    594
   696    594    693
   696    693    692
   696    692    695
   698    598    597
   698    597    596
   698    596    595
   698    595    697
   699    700    599
   699    599    598
   699    598    698
   699    698    701
   604    601    600
   604    600    599
   604    599    700
   702    486    485
   702    485    603
   702    603    602
   702    602    703
   606    605    487
   606    487    486
   606    486    702
   130    490    607
   130    607    704
   130    704    705
   130    705    608
   130    608    131
   705    706    612
   705    612    611
   705    611    610
   705    610    609
   705    609    608
   707    619    614
   707    614    613
   707    613    612
   707    612    706
   708    709    710
   708    710    616
   708    616    619
   708    619    707
   710    711    621
   710    621    617
   710    617    616
   712    713    711
   712    711    710
   712    710    709
   714    624    622
   714    622    621
   714    621    711
   714    711    713
   715    716    714
   715    714    713
   715    713    712
   715    712    717
   715    717    718
   715    718    719
   629    626    625
   629    625    624
   629    624    714
   629    714    716
   629    716    720
   629    720    721
   722    723    724
   722    724    725
   722    725    627
   722    627    629
   722    629    721
   722    721    726
   722    726    727
   728    729    631
   728    631    630
   728    630    628
   728    628    627
   728    627    725
   728    725    730
   731    732    632
   731    632    631
   731    631    729
   731    729    733
   731    733    734
   731    734    735
   635    633    632
   635    632    732
   635    732    736
   635    736    737
   738    636    634
   738    634    635
   738    635    737
   738    737    739
   638    637    636
   638    636    738
   740    639    397
   740    397    396
   740    396    741
   641    640    639
   641    639    740
   641    740    742
   743    644    642
   743    642    519
   743    519    520
   743    520    641
   743    641    742
   743    742    744
   743    744    745
   645    644    743
   645    743    746
   645    746    747
   748    749    647
   748    647    646
   748    646    643
   748    643    645
   748    645    747
   748    747    750
   748    750    751
   752    753    649
   752    649    648
   752    648    647
   752    647    749
   652    651    650
   652    650    649
   652    649    753
   652    753    754
   755    654    653
   755    653    652
   755    652    754
   755    754    756
   755    756    757
   655    537    536
   655    536    654
   655    654    755
   655    755    758
   655    758    759
   655    759    760
   657    427    426
   657    426    655
   657    655    760
   657    760    761
   657    761    762
   763    764    658
   763    658    656
   763    656    657
   763    657    762
   763    762    765
   541    540    659
   541    659    766
   541    766    767
   661    542    541
   661    541    767
   661    767    768
   664    545    544
   664    544    660
   664    660    662
   664    662    769
   770    665    663
   770    663    664
   770    664    769
   770    769    771
   770    771    772
   668    666    546
   668    546    435
   668    435    441
   668    441    665
   668    665    770
   668    770    773
   671    670    669
   671    669    667
   671    667    668
   671    668    773
   671    773    774
   563    562    671
   563    671    774
   563    774    775
   563    775    673
   563    673    672
   563    672    564
   568    673    775
   568    775    776
   568    776    777
   568    777    569
   569    777    778
   569    778    674
   569    674    570
   779    780    781
   779    781    782
   677    676    779
   677    779    782
   677    782    678
   678    782    781
   678    781    783
   678    783    784
   678    784    785
   678    785    786
   678    786    679
   679    786    787
   679    787    681
   679    681    680
   576    683    788
   576    788    577
   577    788    789
   577    789    685
   577    685    684
   577    684    578
   789    790    791
   789    791    792
   789    792    689
   789    689    687
   789    687    686
   789    686    685
   793    794    795
   793    795    796
   793    796    797
   793    797    798
   793    798    791
   793    791    790
   792    799    800
   792    800    694
   792    694    690
   792    690    689
   791    798    801
   791    801    802
   791    802    799
   791    799    792
   800    803    696
   800    696    695
   800    695    694
   802    804    805
   802    805    803
   802    803    800
   802    800    799
   805    701    698
   805    698    697
   805    697    696
   805    696    803
   806    807    699
   806    699    701
   806    701    805
   806    805    804
   808    703    602
   808    602    604
   808    604    700
   808    700    699
   808    699    807
   809    810    704
   809    704    607
   809    607    606
   809    606    702
   809    702    703
   809    703    808
   704    810    811
   704    811    812
   704    812    708
   704    708    707
   704    707    706
   704    706    705
   812    717    712
   812    712    709
   812    709    708
   813    814    718
   813    718    717
   813    717    812
   813    812    811
   719    718    814
   815    720    716
   815    716    715
   815    715    816
   817    726    721
   817    721    720
   817    720    815
   818    819    820
   818    820    723
   818    723    722
   821    822    724
   821    724    723
   821    723    820
   821    820    823
   821    823    824
   821    824    825
   730    725    724
   730    724    822
   730    822    826
   730    826    827
   733    729    728
   733    728    828
   829    736    732
   829    732    731
   739    737    736
   739    736    829
   830    741    396
   830    396    395
   830    395    831
   744    742    740
   744    740    741
   744    741    830
   832    833    746
   832    746    743
   832    743    745
   832    745    834
   835    750    747
   835    747    746
   835    746    833
   835    833    836
   837    838    752
   837    752    749
   837    749    748
   756    754    753
   756    753    752
   756    752    838
   839    758    755
   839    755    757
   839    757    840
   761    760    759
   761    759    841
   761    841    842
   761    842    843
   765    762    761
   765    761    843
   765    843    844
   766    659    658
   766    658    764
   766    764    845
   766    845    846
   768    767    766
   768    766    846
   768    846    847
   769    662    661
   769    661    768
   769    768    847
   769    847    848
   769    848    849
   769    849    771
   772    771    849
   772    849    850
   772    850    851
   772    851    852
   774    773    770
   774    770    772
   774    772    852
   774    852    853
   774    853    854
   774    854    855
   774    855    776
   774    776    775
   776    855    856
   776    856    857
   776    857    858
   776    858    859
   776    859    778
   776    778    777
   675    674    778
   675    778    859
   675    859    860
   675    860    861
   675    861    780
   675    780    779
   675    779    676
   783    861    860
   783    860    862
   783    862    863
   783    863    864
   783    864    784
   781    780    861
   781    861    783
   784    864    865
   784    865    866
   784    866    785
   785    866    867
   785    867    868
   785    868    787
   785    787    786
   681    787    868
   681    868    869
   681    869    870
   681    870    682
   682    870    871
   682    871    793
   682    793    790
   682    790    789
   682    789    788
   682    788    683
   871    872    873
   871    873    874
   871    874    794
   871    794    793
   875    876    877
   875    877    878
   875    878    879
   875    879    873
   875    873    872
   795    880    881
   795    881    796
   874    882    880
   874    880    795
   874    795    794
   797    801    798
   883    884    881
   883    881    880
   883    880    882
   796    881    884
   796    884    806
   796    806    804
   796    804    802
   796    802    801
   796    801    797
   885    886    887
   885    887    809
   885    809    808
   885    808    807
   885    807    806
   885    806    884
   885    884    883
   887    888    889
   887    889    890
   887    890    813
   887    813    811
   887    811    810
   887    810    809
   890    816    715
   890    715    719
   890    719    814
   890    814    813
   889    891    817
   889    817    815
   889    815    816
   889    816    890
   727    726    817
   727    817    891
   892    893    819
   892    819    818
   892    818    894
   823    820    819
   823    819    893
   823    893    895
   825    824    896
   825    896    897
   826    822    821
   898    734    733
   898    733    828
   898    828    899
   900    735    734
   900    734    898
   901    831    395
   901    395    402
   901    402    902
   834    745    744
   834    744    830
   834    830    831
   834    831    901
   836    833    832
   836    832    903
   751    750    835
   751    835    904
   840    757    756
   840    756    838
   840    838    837
   841    759    758
   841    758    839
   841    839    905
   844    843    842
   844    842    906
   907    845    764
   907    764    763
   907    763    908
   847    846    845
   847    845    907
   847    907    848
   853    851    850
   853    850    909
   853    909    910
   853    910    854
   854    910    856
   854    856    855
   859    858    911
   859    911    912
   859    912    913
   859    913    862
   859    862    860
   862    913    914
   862    914    915
   862    915    916
   862    916    863
   863    916    917
   863    917    865
   863    865    864
   915    918    919
   915    919    920
   915    920    917
   915    917    916
   865    917    920
   865    920    921
   865    921    867
   865    867    866
   868    867    921
   868    921    922
   868    922    923
   868    923    924
   868    924    925
   868    925    869
   869    925    926
   869    926    927
   869    927    875
   869    875    872
   869    872    871
   869    871    870
   927    928    929
   927    929    876
   927    876    875
   930    931    932
   930    932    929
   930    929    928
   878    933    879
   929    932    877
   929    877    876
   873    879    933
   873    933    885
   873    885    883
   873    883    882
   873    882    874
   877    932    931
   877    931    934
   877    934    935
   877    935    936
   877    936    937
   877    937    886
   877    886    885
   877    885    933
   877    933    878
   937    938    939
   937    939    940
   937    940    888
   937    888    887
   937    887    886
   940    894    818
   940    818    722
   940    722    727
   940    727    891
   940    891    889
   940    889    888
   939    941    942
   939    942    943
   939    943    944
   939    944    892
   939    892    894
   939    894    940
   944    895    893
   944    893    892
   943    945    946
   943    946    947
   943    947    896
   943    896    824
   943    824    823
   943    823    895
   943    895    944
   897    896    947
   948    827    826
   948    826    821
   948    821    825
   948    825    897
   948    897    947
   948    947    946
   948    946    949
   899    828    728
   899    728    730
   899    730    827
   899    827    948
   902    402    401
   902    401    516
   902    516    638
   902    638    738
   902    738    739
   902    739    829
   902    829    731
   902    731    735
   902    735    900
   902    900    950
   951    903    832
   951    832    834
   951    834    901
   951    901    902
   951    902    950
   951    950    952
   953    904    835
   953    835    836
   953    836    903
   953    903    951
   954    905    839
   954    839    840
   954    840    837
   954    837    748
   954    748    751
   954    751    904
   954    904    953
   906    842    841
   906    841    905
   906    905    954
   906    954    955
   956    908    763
   956    763    765
   956    765    844
   956    844    906
   956    906    955
   956    955    957
   849    848    907
   849    907    908
   849    908    956
   849    956    909
   849    909    850
   857    958    911
   857    911    858
   911    958    959
   911    959    912
   914    960    918
   914    918    915
   919    918    960
   919    960    961
   919    961    962
   921    920    919
   921    919    962
   921    962    922
   923    963    964
   923    964    965
   923    965    966
   923    966    924
   924    966    967
   924    967    926
   924    926    925
   926    967    968
   926    968    969
   926    969    930
   926    930    928
   926    928    927
   968    970    971
   968    971    935
   968    935    934
   968    934    969
   969    934    931
   969    931    930
   971    972    973
   971    973    974
   971    974    936
   971    936    935
   936    974    975
   936    975    976
   936    976    977
   936    977    978
   936    978    979
   936    979    980
   936    980    981
   936    981    938
   936    938    937
   981    982    983
   981    983    941
   981    941    939
   981    939    938
   984    983    982
   984    982    985
   984    985    986
   984    986    987
   942    988    945
   942    945    943
   989    988    942
   989    942    941
   989    941    983
   989    983    984
   989    984    990
   949    946    945
   949    945    988
   949    988    989
   952    950    900
   952    900    898
   952    898    899
   952    899    948
   952    948    949
   952    949    989
   952    989    990
   952    990    991
   991    990    984
   991    984    987
   991    987    992
   991    992    993
   991    993    994
   991    994    995
   957    955    954
   957    954    953
   957    953    951
   957    951    952
   957    952    991
   957    991    995
   957    995    996
   996    995    994
   996    994    997
   996    997    998
   996    998    999
   996    999   1000
   856    910    909
   856    909    956
   856    956    957
   856    957    996
   856    996   1000
   856   1000    959
   856    959    958
   856    958    857
   912    959   1000
   912   1000    999
   912    999   1001
   912   1001    961
   912    961    960
   912    960    914
   912    914    913
  1001    999    998
  1001    998   1002
  1001   1002    964
  1001    964    963
   922    962    961
   922    961   1001
   922   1001    963
   922    963    923
   964   1002   1003
   964   1003   1004
   964   1004    965
   965   1004   1005
   965   1005    970
   965    970    968
   965    968    967
   965    967    966
  1005   1006   1007
  1005   1007    972
  1005    972    971
  1005    971    970
  1007   1008   1009
  1007   1009   1010
  1007   1010    973
  1007    973    972
   973   1010   1011
   973   1011    975
   973    975    974
   980   1012    985
   980    985    982
   980    982    981
   979   1013   1012
   979   1012    980
   987    986    992
   992    986    985
   992    985   1012
   992   1012   1013
   992   1013   1014
   992   1014   1015
   992   1015    993
   977   1016   1015
   977   1015   1014
   977   1014    978
   994    993   1015
   994   1015   1016
   994   1016    976
   994    976    975
   994    975   1011
   994   1011   1017
   994   1017   1018
   994   1018   1019
   994   1019    997
   998    997   1019
   998   1019   1020
   998   1020   1003
   998   1003   1002
  1019   1018   1008
  1019   1008   1007
  1019   1007   1006
  1019   1006   1020
  1003   1020   1006
  1003   1006   1005
  1003   1005   1004
  1011   1010   1009
  1011   1009   1017
   978   1014   1013
   978   1013    979
   976   1016    977
  1017   1009   1008
  1017   1008   1018
   852    851    853
