  360  -90      8.800000
  360  -85      8.800000
  360  -80      8.700001
  360  -75      6.782012
  360  -70      5.768496
  360  -65      5.409548
  360  -60      5.002984
  360  -55      4.586690
  360  -50      4.295362
  360  -45      4.025403
  360  -40      3.895772
  360  -35      3.668709
  360  -30      3.489865
  360  -25      3.308491
  360  -20      3.180000
  360  -15      3.100000
  360  -10      3.000000
  360   -5      2.970000
  360    0      3.000000
  360    5      3.000000
  360   10      3.050000
  360   15      3.091299
  360   20      3.316565
  360   25      3.621386
  360   30      3.870000
  360   35      4.100000
  360   40      4.410000
  360   45      4.828267
  360   50      5.191199
  360   55      5.600000
  360   60      6.119966
  360   65      6.531511
  360   70      6.470000
  360   75      6.181768
  360   80      6.035977
  360   85      5.852253
  360   90      5.750000
  355  -90      8.800000
  355  -85      8.806355
  355  -80      8.661204
  355  -75      6.813380
  355  -70      5.799740
  355  -65      5.426127
  355  -60      4.970063
  355  -55      4.422340
  355  -50      4.119976
  355  -45      3.903619
  355  -40      3.788935
  355  -35      3.650000
  355  -30      3.478833
  355  -25      3.310000
  355  -20      3.180000
  355  -15      3.110000
  355  -10      3.010000
  355   -5      2.970000
  355    0      3.000000
  355    5      3.000000
  355   10      3.030000
  355   15      3.100000
  355   20      3.323784
  355   25      3.591340
  355   30      3.866484
  355   35      4.049250
  355   40      4.375998
  355   45      4.795743
  355   50      5.131476
  355   55      5.547585
  355   60      6.050000
  355   65      6.590590
  355   70      6.463145
  355   75      6.158921
  355   80      6.026860
  355   85      5.841861
  355   90      5.750000
  350  -90      8.800000
  350  -85      8.808700
  350  -80      8.617014
  350  -75      6.840126
  350  -70      5.891947
  350  -65      5.430678
  350  -60      4.882856
  350  -55      4.341415
  350  -50      3.941451
  350  -45      3.782008
  350  -40      3.681419
  350  -35      3.597467
  350  -30      3.502688
  350  -25      3.377222
  350  -20      3.266354
  350  -15      3.145031
  350  -10      3.128635
  350   -5      3.043801
  350    0      3.020000
  350    5      3.050000
  350   10      3.100000
  350   15      3.170000
  350   20      3.361534
  350   25      3.590000
  350   30      3.894247
  350   35      4.107714
  350   40      4.363927
  350   45      4.755621
  350   50      5.047562
  350   55      5.537077
  350   60      6.030000
  350   65      6.580864
  350   70      6.460962
  350   75      6.149116
  350   80      6.014411
  350   85      5.831500
  350   90      5.750000
  345  -90      8.800000
  345  -85      8.807201
  345  -80      8.567724
  345  -75      6.866080
  345  -70      5.993763
  345  -65      5.405619
  345  -60      4.705300
  345  -55      4.193159
  345  -50      3.833436
  345  -45      3.632652
  345  -40      3.569029
  345  -35      3.525938
  345  -30      3.549215
  345  -25      3.486833
  345  -20      3.383363
  345  -15      3.317977
  345  -10      3.245112
  345   -5      3.152377
  345    0      3.087770
  345    5      3.100000
  345   10      3.150000
  345   15      3.260000
  345   20      3.439495
  345   25      3.630000
  345   30      3.898048
  345   35      4.079950
  345   40      4.390586
  345   45      4.736250
  345   50      5.038230
  345   55      5.497584
  345   60      6.052648
  345   65      6.552521
  345   70      6.468719
  345   75      6.144746
  345   80      5.999008
  345   85      5.825256
  345   90      5.750000
  340  -90      8.800000
  340  -85      8.802135
  340  -80      8.513810
  340  -75      6.891195
  340  -70      6.078684
  340  -65      5.379005
  340  -60      4.623281
  340  -55      4.055644
  340  -50      3.707806
  340  -45      3.550323
  340  -40      3.490179
  340  -35      3.499310
  340  -30      3.533822
  340  -25      3.476322
  340  -20      3.444885
  340  -15      3.421524
  340  -10      3.331251
  340   -5      3.291707
  340    0      3.242446
  340    5      3.246884
  340   10      3.301981
  340   15      3.387167
  340   20      3.497244
  340   25      3.690000
  340   30      3.934469
  340   35      4.117906
  340   40      4.450000
  340   45      4.741073
  340   50      5.036763
  340   55      5.421618
  340   60      6.104929
  340   65      6.529853
  340   70      6.569504
  340   75      6.141922
  340   80      5.995995
  340   85      5.819800
  340   90      5.750000
  335  -90      8.800000
  335  -85      8.793874
  335  -80      8.455901
  335  -75      6.945436
  335  -70      6.061090
  335  -65      5.331469
  335  -60      4.502336
  335  -55      4.026174
  335  -50      3.700341
  335  -45      3.536057
  335  -40      3.481755
  335  -35      3.490475
  335  -30      3.519694
  335  -25      3.475730
  335  -20      3.435936
  335  -15      3.413216
  335  -10      3.370943
  335   -5      3.369826
  335    0      3.388845
  335    5      3.474035
  335   10      3.457608
  335   15      3.503895
  335   20      3.593395
  335   25      3.720000
  335   30      3.969927
  335   35      4.156204
  335   40      4.480000
  335   45      4.762928
  335   50      5.038230
  335   55      5.422885
  335   60      6.198997
  335   65      6.525059
  335   70      6.551634
  335   75      6.119281
  335   80      6.002712
  335   85      5.822592
  335   90      5.750000
  330  -90      8.800000
  330  -85      8.782864
  330  -80      8.394753
  330  -75      7.018767
  330  -70      6.057848
  330  -65      5.278099
  330  -60      4.433965
  330  -55      3.964749
  330  -50      3.630798
  330  -45      3.508193
  330  -40      3.488676
  330  -35      3.478863
  330  -30      3.471869
  330  -25      3.415735
  330  -20      3.386027
  330  -15      3.391080
  330  -10      3.385444
  330   -5      3.377366
  330    0      3.383325
  330    5      3.480000
  330   10      3.548265
  330   15      3.578411
  330   20      3.644858
  330   25      3.772188
  330   30      4.012378
  330   35      4.239833
  330   40      4.499216
  330   45      4.747183
  330   50      5.042412
  330   55      5.459729
  330   60      6.251404
  330   65      6.500000
  330   70      6.492951
  330   75      6.096080
  330   80      5.988269
  330   85      5.831563
  330   90      5.750000
  325  -90      8.800000
  325  -85      8.774540
  325  -80      8.384075
  325  -75      7.071568
  325  -70      6.054864
  325  -65      5.204161
  325  -60      4.406081
  325  -55      3.955223
  325  -50      3.619676
  325  -45      3.487330
  325  -40      3.418061
  325  -35      3.440699
  325  -30      3.420746
  325  -25      3.328631
  325  -20      3.372990
  325  -15      3.356996
  325  -10      3.376385
  325   -5      3.368579
  325    0      3.385748
  325    5      3.463164
  325   10      3.521921
  325   15      3.553599
  325   20      3.654666
  325   25      3.835357
  325   30      4.090555
  325   35      4.285913
  325   40      4.533737
  325   45      4.785123
  325   50      5.100000
  325   55      5.537578
  325   60      6.239221
  325   65      6.427264
  325   70      6.383521
  325   75      6.077871
  325   80      5.949763
  325   85      5.815879
  325   90      5.750000
  320  -90      8.800000
  320  -85      8.767925
  320  -80      8.388530
  320  -75      7.154204
  320  -70      6.056285
  320  -65      5.249100
  320  -60      4.444221
  320  -55      3.865465
  320  -50      3.585005
  320  -45      3.488980
  320  -40      3.447660
  320  -35      3.430967
  320  -30      3.397789
  320  -25      3.403563
  320  -20      3.357049
  320  -15      3.361891
  320  -10      3.384798
  320   -5      3.388559
  320    0      3.397633
  320    5      3.421902
  320   10      3.488906
  320   15      3.547962
  320   20      3.671636
  320   25      3.905233
  320   30      4.127375
  320   35      4.311502
  320   40      4.562944
  320   45      4.840000
  320   50      5.194394
  320   55      5.648074
  320   60      6.167054
  320   65      6.344523
  320   70      6.250000
  320   75      5.981629
  320   80      5.902320
  320   85      5.801965
  320   90      5.750000
  315  -90      8.800000
  315  -85      8.763524
  315  -80      8.394415
  315  -75      7.270229
  315  -70      6.144835
  315  -65      5.390419
  315  -60      4.442683
  315  -55      3.789328
  315  -50      3.642558
  315  -45      3.507520
  315  -40      3.457488
  315  -35      3.444024
  315  -30      3.413855
  315  -25      3.395882
  315  -20      3.379670
  315  -15      3.358214
  315  -10      3.339539
  315   -5      3.339333
  315    0      3.350000
  315    5      3.409597
  315   10      3.466586
  315   15      3.568890
  315   20      3.685180
  315   25      3.918541
  315   30      4.149325
  315   35      4.357830
  315   40      4.601066
  315   45      4.895662
  315   50      5.280000
  315   55      5.705598
  315   60      6.097711
  315   65      6.250000
  315   70      6.027328
  315   75      5.882841
  315   80      5.816031
  315   85      5.798666
  315   90      5.750000
  310  -90      8.800000
  310  -85      8.733831
  310  -80      8.400000
  310  -75      7.339771
  310  -70      6.136585
  310  -65      5.423980
  310  -60      4.417089
  310  -55      3.894942
  310  -50      3.652779
  310  -45      3.526819
  310  -40      3.497235
  310  -35      3.474880
  310  -30      3.453372
  310  -25      3.417581
  310  -20      3.421176
  310  -15      3.341215
  310  -10      3.308742
  310   -5      3.305001
  310    0      3.393265
  310    5      3.439377
  310   10      3.462752
  310   15      3.614262
  310   20      3.695617
  310   25      3.930083
  310   30      4.168844
  310   35      4.406301
  310   40      4.678255
  310   45      5.010876
  310   50      5.374269
  310   55      5.737381
  310   60      6.026776
  310   65      6.100000
  310   70      5.887565
  310   75      5.792987
  310   80      5.760926
  310   85      5.796465
  310   90      5.750000
  305  -90      8.800000
  305  -85      8.701161
  305  -80      8.393346
  305  -75      7.285464
  305  -70      6.090288
  305  -65      5.423750
  305  -60      4.380779
  305  -55      3.800432
  305  -50      3.654374
  305  -45      3.557201
  305  -40      3.555114
  305  -35      3.524797
  305  -30      3.508532
  305  -25      3.560654
  305  -20      3.478019
  305  -15      3.348056
  305  -10      3.356874
  305   -5      3.403457
  305    0      3.401956
  305    5      3.445870
  305   10      3.530139
  305   15      3.674227
  305   20      3.768175
  305   25      4.003172
  305   30      4.239044
  305   35      4.451723
  305   40      4.777444
  305   45      5.104558
  305   50      5.366755
  305   55      5.630000
  305   60      5.847422
  305   65      5.891521
  305   70      5.734648
  305   75      5.667548
  305   80      5.688015
  305   85      5.795490
  305   90      5.750000
  300  -90      8.800000
  300  -85      8.678143
  300  -80      8.383887
  300  -75      7.231625
  300  -70      6.094031
  300  -65      5.427705
  300  -60      4.410410
  300  -55      3.843547
  300  -50      3.654504
  300  -45      3.647310
  300  -40      3.574871
  300  -35      3.601673
  300  -30      3.578999
  300  -25      3.519612
  300  -20      3.476311
  300  -15      3.447098
  300  -10      3.406691
  300   -5      3.422257
  300    0      3.441866
  300    5      3.502031
  300   10      3.617013
  300   15      3.669215
  300   20      3.829314
  300   25      4.023072
  300   30      4.251134
  300   35      4.533072
  300   40      4.888448
  300   45      5.075421
  300   50      5.265475
  300   55      5.451339
  300   60      5.600000
  300   65      5.683170
  300   70      5.643905
  300   75      5.563153
  300   80      5.605681
  300   85      5.788193
  300   90      5.750000
  295  -90      8.800000
  295  -85      8.643704
  295  -80      8.340980
  295  -75      7.153069
  295  -70      6.101307
  295  -65      5.379157
  295  -60      4.424739
  295  -55      3.906821
  295  -50      3.756230
  295  -45      3.704500
  295  -40      3.595806
  295  -35      3.558725
  295  -30      3.575480
  295  -25      3.553355
  295  -20      3.513365
  295  -15      3.468223
  295  -10      3.441402
  295   -5      3.471844
  295    0      3.489909
  295    5      3.557236
  295   10      3.691182
  295   15      3.826811
  295   20      3.906472
  295   25      4.055858
  295   30      4.311904
  295   35      4.581739
  295   40      4.848854
  295   45      4.993848
  295   50      5.216437
  295   55      5.266527
  295   60      5.420000
  295   65      5.575376
  295   70      5.522615
  295   75      5.539585
  295   80      5.584474
  295   85      5.744912
  295   90      5.750000
  290  -90      8.800000
  290  -85      8.658422
  290  -80      8.320065
  290  -75      7.180028
  290  -70      6.075427
  290  -65      5.317247
  290  -60      4.501001
  290  -55      4.050673
  290  -50      3.891500
  290  -45      3.738960
  290  -40      3.610604
  290  -35      3.536535
  290  -30      3.587850
  290  -25      3.586607
  290  -20      3.539897
  290  -15      3.509988
  290  -10      3.497498
  290   -5      3.513232
  290    0      3.569260
  290    5      3.654702
  290   10      3.772722
  290   15      3.903486
  290   20      4.011052
  290   25      4.136870
  290   30      4.363673
  290   35      4.583576
  290   40      4.810259
  290   45      4.942257
  290   50      5.149008
  290   55      5.202759
  290   60      5.346179
  290   65      5.486167
  290   70      5.462720
  290   75      5.492203
  290   80      5.543827
  290   85      5.703455
  290   90      5.750000
  285  -90      8.799999
  285  -85      8.647657
  285  -80      8.313709
  285  -75      7.318996
  285  -70      6.040614
  285  -65      5.270855
  285  -60      4.595495
  285  -55      4.248871
  285  -50      3.982992
  285  -45      3.843659
  285  -40      3.681520
  285  -35      3.597270
  285  -30      3.611886
  285  -25      3.599629
  285  -20      3.584712
  285  -15      3.568331
  285  -10      3.570296
  285   -5      3.605641
  285    0      3.664422
  285    5      3.762320
  285   10      3.858469
  285   15      4.011626
  285   20      4.108941
  285   25      4.226521
  285   30      4.402387
  285   35      4.575063
  285   40      4.818107
  285   45      4.949394
  285   50      5.108703
  285   55      5.182862
  285   60      5.328704
  285   65      5.425435
  285   70      5.399878
  285   75      5.439002
  285   80      5.522430
  285   85      5.664018
  285   90      5.750000
  280  -90      8.799999
  280  -85      8.651185
  280  -80      8.296906
  280  -75      7.298591
  280  -70      5.994420
  280  -65      5.268350
  280  -60      4.708066
  280  -55      4.373249
  280  -50      4.098840
  280  -45      3.967714
  280  -40      3.788388
  280  -35      3.711330
  280  -30      3.677295
  280  -25      3.638452
  280  -20      3.637436
  280  -15      3.634538
  280  -10      3.652827
  280   -5      3.693961
  280    0      3.762021
  280    5      3.788779
  280   10      3.867572
  280   15      4.008166
  280   20      4.132507
  280   25      4.278755
  280   30      4.447495
  280   35      4.615907
  280   40      4.795142
  280   45      4.926439
  280   50      5.115791
  280   55      5.170648
  280   60      5.254411
  280   65      5.307325
  280   70      5.277928
  280   75      5.331053
  280   80      5.467541
  280   85      5.625638
  280   90      5.750000
  275  -90      8.799999
  275  -85      8.664543
  275  -80      8.263309
  275  -75      7.296815
  275  -70      6.019302
  275  -65      5.394052
  275  -60      4.838143
  275  -55      4.451224
  275  -50      4.177448
  275  -45      4.070227
  275  -40      3.927129
  275  -35      3.868457
  275  -30      3.794381
  275  -25      3.601953
  275  -20      3.630938
  275  -15      3.600917
  275  -10      3.666754
  275   -5      3.701367
  275    0      3.776340
  275    5      3.803369
  275   10      3.906340
  275   15      4.076856
  275   20      4.213767
  275   25      4.365927
  275   30      4.469897
  275   35      4.663783
  275   40      4.766425
  275   45      4.877653
  275   50      5.044667
  275   55      5.084800
  275   60      5.190289
  275   65      5.279960
  275   70      5.199349
  275   75      5.268142
  275   80      5.400081
  275   85      5.582086
  275   90      5.750000
  270  -90      8.799999
  270  -85      8.678122
  270  -80      8.253768
  270  -75      7.302544
  270  -70      6.074767
  270  -65      5.591677
  270  -60      4.996880
  270  -55      4.633880
  270  -50      4.310760
  270  -45      4.202721
  270  -40      4.056360
  270  -35      3.955129
  270  -30      3.805882
  270  -25      3.700769
  270  -20      3.650942
  270  -15      3.660000
  270  -10      3.660000
  270   -5      3.700000
  270    0      3.850000
  270    5      3.900000
  270   10      4.050000
  270   15      4.150000
  270   20      4.251205
  270   25      4.328693
  270   30      4.464849
  270   35      4.628631
  270   40      4.734269
  270   45      4.797128
  270   50      4.966777
  270   55      4.978674
  270   60      5.103789
  270   65      5.235151
  270   70      5.123007
  270   75      5.211690
  270   80      5.331906
  270   85      5.540836
  270   90      5.750000
  265  -90      8.799999
  265  -85      8.681436
  265  -80      8.235617
  265  -75      7.332315
  265  -70      6.137441
  265  -65      5.705368
  265  -60      5.118079
  265  -55      4.811792
  265  -50      4.455162
  265  -45      4.324572
  265  -40      4.117305
  265  -35      4.048311
  265  -30      3.879624
  265  -25      3.729437
  265  -20      3.635114
  265  -15      3.658109
  265  -10      3.670993
  265   -5      3.716433
  265    0      3.900000
  265    5      3.957771
  265   10      4.080726
  265   15      4.173264
  265   20      4.291840
  265   25      4.330000
  265   30      4.447514
  265   35      4.609463
  265   40      4.730089
  265   45      4.838706
  265   50      4.932314
  265   55      4.919369
  265   60      4.961991
  265   65      5.135982
  265   70      5.070903
  265   75      5.164019
  265   80      5.313467
  265   85      5.616482
  265   90      5.750000
  260  -90      8.799999
  260  -85      8.684014
  260  -80      8.213546
  260  -75      7.325871
  260  -70      6.212070
  260  -65      5.807487
  260  -60      5.280243
  260  -55      4.955593
  260  -50      4.578735
  260  -45      4.392479
  260  -40      4.208458
  260  -35      4.060622
  260  -30      3.849470
  260  -25      3.704061
  260  -20      3.693483
  260  -15      3.749584
  260  -10      3.764597
  260   -5      3.923398
  260    0      4.032984
  260    5      4.100000
  260   10      4.146786
  260   15      4.190000
  260   20      4.300000
  260   25      4.360000
  260   30      4.438099
  260   35      4.546414
  260   40      4.704071
  260   45      4.827002
  260   50      4.909371
  260   55      4.859736
  260   60      4.895970
  260   65      5.015361
  260   70      5.035596
  260   75      5.113599
  260   80      5.284141
  260   85      5.611209
  260   90      5.750000
  255  -90      8.799999
  255  -85      8.660332
  255  -80      8.195501
  255  -75      7.356820
  255  -70      6.309051
  255  -65      5.884116
  255  -60      5.403875
  255  -55      5.088899
  255  -50      4.819544
  255  -45      4.523871
  255  -40      4.307109
  255  -35      4.037424
  255  -30      3.905778
  255  -25      3.742568
  255  -20      3.782206
  255  -15      3.882224
  255  -10      3.997095
  255   -5      4.133872
  255    0      4.097314
  255    5      4.146257
  255   10      4.142115
  255   15      4.250000
  255   20      4.360000
  255   25      4.430000
  255   30      4.467271
  255   35      4.556838
  255   40      4.632501
  255   45      4.729747
  255   50      4.813835
  255   55      4.802064
  255   60      4.860513
  255   65      4.920520
  255   70      5.000000
  255   75      5.080596
  255   80      5.245844
  255   85      5.585595
  255   90      5.750000
  250  -90      8.800000
  250  -85      8.635719
  250  -80      8.175054
  250  -75      7.344465
  250  -70      6.417239
  250  -65      5.960558
  250  -60      5.557053
  250  -55      5.238593
  250  -50      4.914958
  250  -45      4.664196
  250  -40      4.338804
  250  -35      4.182756
  250  -30      4.014022
  250  -25      3.851998
  250  -20      3.920613
  250  -15      4.045921
  250  -10      4.173555
  250   -5      4.160000
  250    0      4.152714
  250    5      4.161540
  250   10      4.238746
  250   15      4.388353
  250   20      4.459963
  250   25      4.524405
  250   30      4.587591
  250   35      4.599547
  250   40      4.630548
  250   45      4.677466
  250   50      4.711501
  250   55      4.753685
  250   60      4.824713
  250   65      4.880589
  250   70      4.947371
  250   75      5.051763
  250   80      5.231054
  250   85      5.565029
  250   90      5.750000
  245  -90      8.800000
  245  -85      8.610428
  245  -80      8.141088
  245  -75      7.321819
  245  -70      6.498407
  245  -65      6.147149
  245  -60      5.700000
  245  -55      5.250000
  245  -50      4.870000
  245  -45      4.680401
  245  -40      4.413960
  245  -35      4.360293
  245  -30      4.189880
  245  -25      3.985512
  245  -20      4.077372
  245  -15      4.190228
  245  -10      4.250000
  245   -5      4.220000
  245    0      4.259009
  245    5      4.270000
  245   10      4.300000
  245   15      4.474172
  245   20      4.624848
  245   25      4.640000
  245   30      4.615824
  245   35      4.605509
  245   40      4.631101
  245   45      4.623894
  245   50      4.643527
  245   55      4.640773
  245   60      4.790984
  245   65      4.864231
  245   70      4.896409
  245   75      5.040485
  245   80      5.221742
  245   85      5.550000
  245   90      5.750000
  240  -90      8.800000
  240  -85      8.584397
  240  -80      8.105065
  240  -75      7.274385
  240  -70      6.574404
  240  -65      6.185338
  240  -60      5.700000
  240  -55      5.220000
  240  -50      4.830000
  240  -45      4.547448
  240  -40      4.384094
  240  -35      4.386187
  240  -30      4.290599
  240  -25      4.253019
  240  -20      4.237520
  240  -15      4.301319
  240  -10      4.340000
  240   -5      4.300000
  240    0      4.403456
  240    5      4.420000
  240   10      4.460000
  240   15      4.590153
  240   20      4.582283
  240   25      4.477403
  240   30      4.438158
  240   35      4.444284
  240   40      4.501925
  240   45      4.582444
  240   50      4.595732
  240   55      4.607229
  240   60      4.775986
  240   65      4.861535
  240   70      4.879621
  240   75      5.035715
  240   80      5.214047
  240   85      5.540938
  240   90      5.750000
  235  -90      8.800000
  235  -85      8.557528
  235  -80      8.071685
  235  -75      7.241677
  235  -70      6.620887
  235  -65      6.173032
  235  -60      5.670559
  235  -55      5.200000
  235  -50      4.733921
  235  -45      4.433362
  235  -40      4.250000
  235  -35      4.345339
  235  -30      4.354503
  235  -25      4.403314
  235  -20      4.312419
  235  -15      4.354973
  235  -10      4.416681
  235   -5      4.400000
  235    0      4.451559
  235    5      4.456911
  235   10      4.519662
  235   15      4.600000
  235   20      4.482525
  235   25      4.400000
  235   30      4.400000
  235   35      4.400000
  235   40      4.406396
  235   45      4.542048
  235   50      4.562258
  235   55      4.626179
  235   60      4.780679
  235   65      4.900328
  235   70      4.900000
  235   75      5.044323
  235   80      5.208035
  235   85      5.538203
  235   90      5.750000
  230  -90      8.800000
  230  -85      8.529743
  230  -80      8.065070
  230  -75      7.212821
  230  -70      6.661888
  230  -65      6.120000
  230  -60      5.567337
  230  -55      5.150000
  230  -50      4.660000
  230  -45      4.337693
  230  -40      4.250499
  230  -35      4.318792
  230  -30      4.379927
  230  -25      4.377584
  230  -20      4.327536
  230  -15      4.363586
  230  -10      4.375986
  230   -5      4.406835
  230    0      4.430000
  230    5      4.400000
  230   10      4.465238
  230   15      4.533422
  230   20      4.420000
  230   25      4.380000
  230   30      4.350000
  230   35      4.350000
  230   40      4.400000
  230   45      4.474978
  230   50      4.560049
  230   55      4.621417
  230   60      4.775931
  230   65      4.919336
  230   70      4.907387
  230   75      5.040917
  230   80      5.201601
  230   85      5.542047
  230   90      5.750000
  225  -90      8.800001
  225  -85      8.520970
  225  -80      8.049587
  225  -75      7.218843
  225  -70      6.700000
  225  -65      6.100000
  225  -60      5.527674
  225  -55      5.100000
  225  -50      4.650000
  225  -45      4.432629
  225  -40      4.256735
  225  -35      4.347098
  225  -30      4.395052
  225  -25      4.426181
  225  -20      4.371190
  225  -15      4.365111
  225  -10      4.377106
  225   -5      4.406235
  225    0      4.480000
  225    5      4.436312
  225   10      4.450000
  225   15      4.520000
  225   20      4.450000
  225   25      4.400000
  225   30      4.350000
  225   35      4.350000
  225   40      4.410000
  225   45      4.500000
  225   50      4.590130
  225   55      4.651191
  225   60      4.740711
  225   65      4.899634
  225   70      4.927529
  225   75      5.045170
  225   80      5.225301
  225   85      5.542211
  225   90      5.750000
  220  -90      8.800001
  220  -85      8.532300
  220  -80      8.039498
  220  -75      7.276296
  220  -70      6.702477
  220  -65      6.100000
  220  -60      5.500000
  220  -55      5.030000
  220  -50      4.630000
  220  -45      4.400000
  220  -40      4.310000
  220  -35      4.330000
  220  -30      4.408394
  220  -25      4.417009
  220  -20      4.389716
  220  -15      4.427730
  220  -10      4.420245
  220   -5      4.480544
  220    0      4.530000
  220    5      4.508842
  220   10      4.494082
  220   15      4.530326
  220   20      4.500000
  220   25      4.450000
  220   30      4.400000
  220   35      4.400000
  220   40      4.430000
  220   45      4.524978
  220   50      4.584313
  220   55      4.664758
  220   60      4.778033
  220   65      4.887240
  220   70      4.948640
  220   75      5.053429
  220   80      5.272581
  220   85      5.533414
  220   90      5.750000
  215  -90      8.800001
  215  -85      8.542544
  215  -80      8.032614
  215  -75      7.338517
  215  -70      6.786296
  215  -65      6.100000
  215  -60      5.420000
  215  -55      4.900000
  215  -50      4.600000
  215  -45      4.380000
  215  -40      4.300000
  215  -35      4.320000
  215  -30      4.418851
  215  -25      4.443526
  215  -20      4.366028
  215  -15      4.417076
  215  -10      4.400000
  215   -5      4.446315
  215    0      4.473899
  215    5      4.563040
  215   10      4.566941
  215   15      4.605952
  215   20      4.630000
  215   25      4.637430
  215   30      4.541845
  215   35      4.473615
  215   40      4.491335
  215   45      4.540000
  215   50      4.674198
  215   55      4.720158
  215   60      4.847498
  215   65      4.965395
  215   70      4.978460
  215   75      5.066882
  215   80      5.315611
  215   85      5.531860
  215   90      5.750000
  210  -90      8.800001
  210  -85      8.551697
  210  -80      8.038949
  210  -75      7.420249
  210  -70      6.863064
  210  -65      6.100000
  210  -60      5.300000
  210  -55      4.850000
  210  -50      4.600000
  210  -45      4.301589
  210  -40      4.250000
  210  -35      4.300000
  210  -30      4.386342
  210  -25      4.340000
  210  -20      4.300000
  210  -15      4.377135
  210  -10      4.370000
  210   -5      4.400000
  210    0      4.443431
  210    5      4.530000
  210   10      4.494516
  210   15      4.537873
  210   20      4.608368
  210   25      4.730000
  210   30      4.794735
  210   35      4.634769
  210   40      4.533504
  210   45      4.560000
  210   50      4.680330
  210   55      4.798433
  210   60      4.939294
  210   65      5.005887
  210   70      5.001428
  210   75      5.102859
  210   80      5.370165
  210   85      5.537497
  210   90      5.750000
  205  -90      8.800001
  205  -85      8.535405
  205  -80      8.048455
  205  -75      7.515397
  205  -70      6.896807
  205  -65      6.120000
  205  -60      5.100000
  205  -55      4.750000
  205  -50      4.400000
  205  -45      4.234177
  205  -40      4.151341
  205  -35      4.200000
  205  -30      4.282119
  205  -25      4.200000
  205  -20      4.170000
  205  -15      4.252623
  205  -10      4.300000
  205   -5      4.381258
  205    0      4.421001
  205    5      4.456874
  205   10      4.464003
  205   15      4.434598
  205   20      4.589205
  205   25      4.650000
  205   30      4.770000
  205   35      4.650781
  205   40      4.591272
  205   45      4.590093
  205   50      4.710773
  205   55      4.854596
  205   60      5.000092
  205   65      5.020859
  205   70      5.047969
  205   75      5.121327
  205   80      5.403085
  205   85      5.547115
  205   90      5.750000
  200  -90      8.800001
  200  -85      8.518765
  200  -80      8.061021
  200  -75      7.584115
  200  -70      6.996335
  200  -65      6.150000
  200  -60      5.000000
  200  -55      4.600000
  200  -50      4.300000
  200  -45      4.200639
  200  -40      3.876688
  200  -35      3.941173
  200  -30      4.076039
  200  -25      4.050000
  200  -20      4.050000
  200  -15      4.058503
  200  -10      4.170823
  200   -5      4.250201
  200    0      4.280170
  200    5      4.298498
  200   10      4.365149
  200   15      4.408034
  200   20      4.432922
  200   25      4.527121
  200   30      4.700000
  200   35      4.651647
  200   40      4.635335
  200   45      4.559864
  200   50      4.738191
  200   55      4.856018
  200   60      5.038445
  200   65      5.113203
  200   70      5.112542
  200   75      5.233095
  200   80      5.456670
  200   85      5.563467
  200   90      5.750000
  195  -90      8.800001
  195  -85      8.467669
  195  -80      8.076472
  195  -75      7.697640
  195  -70      7.101099
  195  -65      6.180000
  195  -60      4.980000
  195  -55      4.530000
  195  -50      4.280000
  195  -45      4.029831
  195  -40      3.703453
  195  -35      3.735757
  195  -30      3.798496
  195  -25      3.865377
  195  -20      3.910104
  195  -15      3.940297
  195  -10      4.034425
  195   -5      4.070000
  195    0      4.151715
  195    5      4.235481
  195   10      4.314847
  195   15      4.347418
  195   20      4.422913
  195   25      4.452583
  195   30      4.491223
  195   35      4.520000
  195   40      4.609601
  195   45      4.551585
  195   50      4.705459
  195   55      4.890000
  195   60      5.130000
  195   65      5.245288
  195   70      5.248033
  195   75      5.329038
  195   80      5.498848
  195   85      5.586065
  195   90      5.750000
  190  -90      8.800000
  190  -85      8.477448
  190  -80      8.115099
  190  -75      7.849911
  190  -70      7.215364
  190  -65      6.172831
  190  -60      5.024247
  190  -55      4.480000
  190  -50      4.200000
  190  -45      3.830000
  190  -40      3.618609
  190  -35      3.532475
  190  -30      3.641054
  190  -25      3.805889
  190  -20      3.804452
  190  -15      3.801502
  190  -10      3.800754
  190   -5      3.900000
  190    0      3.993364
  190    5      4.147609
  190   10      4.214680
  190   15      4.257108
  190   20      4.384360
  190   25      4.385325
  190   30      4.386786
  190   35      4.400000
  190   40      4.530000
  190   45      4.643062
  190   50      4.697670
  190   55      4.971740
  190   60      5.228630
  190   65      5.301274
  190   70      5.366181
  190   75      5.379747
  190   80      5.539707
  190   85      5.608101
  190   90      5.750000
  185  -90      8.800000
  185  -85      8.470882
  185  -80      8.162794
  185  -75      7.887570
  185  -70      7.247801
  185  -65      6.199358
  185  -60      5.082563
  185  -55      4.520000
  185  -50      4.170000
  185  -45      3.720000
  185  -40      3.580000
  185  -35      3.510103
  185  -30      3.470509
  185  -25      3.526517
  185  -20      3.664923
  185  -15      3.688228
  185  -10      3.718379
  185   -5      3.718054
  185    0      3.851179
  185    5      3.940588
  185   10      4.057612
  185   15      4.180000
  185   20      4.360000
  185   25      4.349289
  185   30      4.391731
  185   35      4.450000
  185   40      4.450000
  185   45      4.578703
  185   50      4.700000
  185   55      5.018529
  185   60      5.311292
  185   65      5.348252
  185   70      5.459501
  185   75      5.496933
  185   80      5.566004
  185   85      5.635323
  185   90      5.750000
  180  -90      8.800000
  180  -85      8.493440
  180  -80      8.242038
  180  -75      7.916743
  180  -70      7.195313
  180  -65      6.197757
  180  -60      5.140000
  180  -55      4.540000
  180  -50      4.130000
  180  -45      3.680000
  180  -40      3.513743
  180  -35      3.462741
  180  -30      3.400000
  180  -25      3.396102
  180  -20      3.506730
  180  -15      3.521976
  180  -10      3.550731
  180   -5      3.600000
  180    0      3.689634
  180    5      3.749090
  180   10      3.904680
  180   15      4.052842
  180   20      4.200000
  180   25      4.245325
  180   30      4.286787
  180   35      4.350000
  180   40      4.400000
  180   45      4.497275
  180   50      4.700000
  180   55      5.025116
  180   60      5.443097
  180   65      5.481843
  180   70      5.525660
  180   75      5.583545
  180   80      5.619183
  180   85      5.648656
  180   90      5.750000
  175  -90      8.800000
  175  -85      8.524655
  175  -80      8.302004
  175  -75      7.948282
  175  -70      7.206267
  175  -65      6.218287
  175  -60      5.204161
  175  -55      4.550000
  175  -50      4.120000
  175  -45      3.680000
  175  -40      3.486209
  175  -35      3.396626
  175  -30      3.254646
  175  -25      3.287988
  175  -20      3.320000
  175  -15      3.374714
  175  -10      3.404824
  175   -5      3.454710
  175    0      3.560635
  175    5      3.646076
  175   10      3.734847
  175   15      3.813650
  175   20      4.073656
  175   25      4.052583
  175   30      4.181223
  175   35      4.300000
  175   40      4.400000
  175   45      4.520000
  175   50      4.700000
  175   55      5.073664
  175   60      5.488366
  175   65      5.546348
  175   70      5.556121
  175   75      5.607710
  175   80      5.652118
  175   85      5.644559
  175   90      5.750000
  170  -90      8.800000
  170  -85      8.525214
  170  -80      8.338165
  170  -75      8.000000
  170  -70      7.163691
  170  -65      6.243342
  170  -60      5.259056
  170  -55      4.591196
  170  -50      4.100000
  170  -45      3.680000
  170  -40      3.470000
  170  -35      3.340000
  170  -30      3.200000
  170  -25      3.200000
  170  -20      3.200000
  170  -15      3.244416
  170  -10      3.278366
  170   -5      3.329772
  170    0      3.450527
  170    5      3.566289
  170   10      3.626881
  170   15      3.750000
  170   20      3.950533
  170   25      4.048492
  170   30      4.036290
  170   35      4.200000
  170   40      4.400000
  170   45      4.550000
  170   50      4.740000
  170   55      5.150000
  170   60      5.500000
  170   65      5.578108
  170   70      5.604468
  170   75      5.691819
  170   80      5.684355
  170   85      5.640428
  170   90      5.750000
  165  -90      8.800000
  165  -85      8.515398
  165  -80      8.363915
  165  -75      8.000000
  165  -70      7.192675
  165  -65      6.273560
  165  -60      5.325721
  165  -55      4.699639
  165  -50      4.100000
  165  -45      3.658398
  165  -40      3.410000
  165  -35      3.300000
  165  -30      3.200000
  165  -25      3.120000
  165  -20      3.100000
  165  -15      3.103657
  165  -10      3.159354
  165   -5      3.218126
  165    0      3.330949
  165    5      3.480000
  165   10      3.616390
  165   15      3.700000
  165   20      3.850000
  165   25      4.010828
  165   30      4.016285
  165   35      4.180000
  165   40      4.400000
  165   45      4.550000
  165   50      4.840000
  165   55      5.220000
  165   60      5.520000
  165   65      5.618526
  165   70      5.670073
  165   75      5.781119
  165   80      5.728106
  165   85      5.649726
  165   90      5.750000
  160  -90      8.800000
  160  -85      8.517400
  160  -80      8.358427
  160  -75      8.000000
  160  -70      7.233017
  160  -65      6.328153
  160  -60      5.372080
  160  -55      4.698405
  160  -50      4.100000
  160  -45      3.664313
  160  -40      3.400000
  160  -35      3.250000
  160  -30      3.150000
  160  -25      3.080000
  160  -20      3.020000
  160  -15      3.030000
  160  -10      3.050000
  160   -5      3.100000
  160    0      3.200000
  160    5      3.360000
  160   10      3.500000
  160   15      3.650000
  160   20      3.780000
  160   25      3.993332
  160   30      4.102912
  160   35      4.200000
  160   40      4.450000
  160   45      4.670000
  160   50      4.930000
  160   55      5.312770
  160   60      5.570000
  160   65      5.694312
  160   70      5.735906
  160   75      5.820000
  160   80      5.781795
  160   85      5.664035
  160   90      5.750000
  155  -90      8.800000
  155  -85      8.547201
  155  -80      8.396517
  155  -75      8.020000
  155  -70      7.283035
  155  -65      6.385167
  155  -60      5.429716
  155  -55      4.705657
  155  -50      4.130000
  155  -45      3.673915
  155  -40      3.420000
  155  -35      3.250000
  155  -30      3.130000
  155  -25      3.030000
  155  -20      2.970000
  155  -15      3.000000
  155  -10      3.000000
  155   -5      3.040000
  155    0      3.150000
  155    5      3.200000
  155   10      3.400000
  155   15      3.600000
  155   20      3.750000
  155   25      3.924099
  155   30      4.150000
  155   35      4.349549
  155   40      4.600000
  155   45      4.864998
  155   50      5.077883
  155   55      5.335688
  155   60      5.630000
  155   65      5.750000
  155   70      5.792946
  155   75      5.870000
  155   80      5.843378
  155   85      5.681828
  155   90      5.750000
  150  -90      8.800000
  150  -85      8.577698
  150  -80      8.464208
  150  -75      8.040000
  150  -70      7.317991
  150  -65      6.457563
  150  -60      5.483345
  150  -55      4.745055
  150  -50      4.130000
  150  -45      3.700000
  150  -40      3.460000
  150  -35      3.280000
  150  -30      3.180000
  150  -25      3.050000
  150  -20      2.930000
  150  -15      2.950000
  150  -10      2.980000
  150   -5      3.030000
  150    0      3.100000
  150    5      3.200000
  150   10      3.350000
  150   15      3.620000
  150   20      3.830000
  150   25      4.060000
  150   30      4.250000
  150   35      4.480000
  150   40      4.767250
  150   45      5.046541
  150   50      5.248129
  150   55      5.406327
  150   60      5.720888
  150   65      5.772281
  150   70      5.829478
  150   75      5.932875
  150   80      5.881582
  150   85      5.703049
  150   90      5.750000
  145  -90      8.800000
  145  -85      8.592441
  145  -80      8.507604
  145  -75      8.050000
  145  -70      7.386793
  145  -65      6.510433
  145  -60      5.521764
  145  -55      4.838419
  145  -50      4.200000
  145  -45      3.800000
  145  -40      3.500000
  145  -35      3.340000
  145  -30      3.200000
  145  -25      3.100000
  145  -20      2.980000
  145  -15      3.000000
  145  -10      3.000000
  145   -5      3.000000
  145    0      3.100000
  145    5      3.200000
  145   10      3.350000
  145   15      3.640000
  145   20      3.900000
  145   25      4.158500
  145   30      4.350000
  145   35      4.600000
  145   40      4.840332
  145   45      5.104346
  145   50      5.345162
  145   55      5.506558
  145   60      5.744627
  145   65      5.746762
  145   70      5.817202
  145   75      5.935039
  145   80      5.896725
  145   85      5.727592
  145   90      5.750000
  140  -90      8.800000
  140  -85      8.607925
  140  -80      8.500000
  140  -75      8.050000
  140  -70      7.378264
  140  -65      6.533190
  140  -60      5.576960
  140  -55      4.895801
  140  -50      4.300000
  140  -45      3.900000
  140  -40      3.570000
  140  -35      3.400000
  140  -30      3.250000
  140  -25      3.130000
  140  -20      3.050000
  140  -15      3.050000
  140  -10      3.100000
  140   -5      3.200000
  140    0      3.300000
  140    5      3.400000
  140   10      3.500000
  140   15      3.680000
  140   20      3.941422
  140   25      4.192778
  140   30      4.408645
  140   35      4.557014
  140   40      4.866446
  140   45      5.120348
  140   50      5.286625
  140   55      5.550268
  140   60      5.755325
  140   65      5.708719
  140   70      5.805849
  140   75      5.949052
  140   80      5.904551
  140   85      5.755912
  140   90      5.750000
  135  -90      8.800000
  135  -85      8.624644
  135  -80      8.498522
  135  -75      8.050000
  135  -70      7.300000
  135  -65      6.546330
  135  -60      5.604788
  135  -55      4.954119
  135  -50      4.400000
  135  -45      4.000000
  135  -40      3.670000
  135  -35      3.500000
  135  -30      3.328675
  135  -25      3.200000
  135  -20      3.110000
  135  -15      3.100000
  135  -10      3.220000
  135   -5      3.300000
  135    0      3.350000
  135    5      3.420000
  135   10      3.540000
  135   15      3.700000
  135   20      3.946196
  135   25      4.161441
  135   30      4.335371
  135   35      4.626073
  135   40      4.950000
  135   45      5.169906
  135   50      5.280170
  135   55      5.515826
  135   60      5.722466
  135   65      5.684397
  135   70      5.795719
  135   75      5.979913
  135   80      5.920545
  135   85      5.791234
  135   90      5.750000
  130  -90      8.800000
  130  -85      8.643073
  130  -80      8.504208
  130  -75      8.070000
  130  -70      7.230000
  130  -65      6.580000
  130  -60      5.662469
  130  -55      5.000000
  130  -50      4.500000
  130  -45      4.150000
  130  -40      3.770000
  130  -35      3.600000
  130  -30      3.392352
  130  -25      3.271818
  130  -20      3.178191
  130  -15      3.200000
  130  -10      3.350000
  130   -5      3.400000
  130    0      3.430000
  130    5      3.400000
  130   10      3.500000
  130   15      3.630000
  130   20      3.800000
  130   25      4.009392
  130   30      4.240000
  130   35      4.530000
  130   40      4.850000
  130   45      5.107333
  130   50      5.205457
  130   55      5.463871
  130   60      5.639046
  130   65      5.663754
  130   70      5.783710
  130   75      6.004942
  130   80      5.946700
  130   85      5.826484
  130   90      5.750000
  125  -90      8.800000
  125  -85      8.667310
  125  -80      8.510272
  125  -75      8.100000
  125  -70      7.200000
  125  -65      6.600000
  125  -60      5.734511
  125  -55      5.070283
  125  -50      4.600000
  125  -45      4.300000
  125  -40      3.870000
  125  -35      3.700000
  125  -30      3.490054
  125  -25      3.362107
  125  -20      3.261886
  125  -15      3.210000
  125  -10      3.330000
  125   -5      3.400000
  125    0      3.400000
  125    5      3.380000
  125   10      3.480000
  125   15      3.590000
  125   20      3.750000
  125   25      3.900000
  125   30      4.170000
  125   35      4.470000
  125   40      4.730000
  125   45      4.923901
  125   50      5.168301
  125   55      5.406093
  125   60      5.605093
  125   65      5.666835
  125   70      5.815135
  125   75      6.051697
  125   80      5.948102
  125   85      5.838380
  125   90      5.750000
  120  -90      8.800000
  120  -85      8.700000
  120  -80      8.551847
  120  -75      8.120000
  120  -70      7.200000
  120  -65      6.640000
  120  -60      5.819508
  120  -55      5.160000
  120  -50      4.700000
  120  -45      4.400000
  120  -40      3.950000
  120  -35      3.760000
  120  -30      3.550000
  120  -25      3.390000
  120  -20      3.270000
  120  -15      3.220000
  120  -10      3.279162
  120   -5      3.300000
  120    0      3.309559
  120    5      3.360000
  120   10      3.460000
  120   15      3.560000
  120   20      3.700000
  120   25      3.867641
  120   30      4.063552
  120   35      4.289678
  120   40      4.548048
  120   45      4.819590
  120   50      5.126133
  120   55      5.309307
  120   60      5.553856
  120   65      5.668499
  120   70      5.836961
  120   75      6.053932
  120   80      5.936462
  120   85      5.851442
  120   90      5.750000
  115  -90      8.800000
  115  -85      8.683802
  115  -80      8.508630
  115  -75      8.150000
  115  -70      7.280000
  115  -65      6.644423
  115  -60      5.874442
  115  -55      5.299991
  115  -50      4.800000
  115  -45      4.460000
  115  -40      4.020000
  115  -35      3.787058
  115  -30      3.584094
  115  -25      3.411963
  115  -20      3.268450
  115  -15      3.258579
  115  -10      3.232841
  115   -5      3.231275
  115    0      3.253242
  115    5      3.298528
  115   10      3.440000
  115   15      3.540000
  115   20      3.628672
  115   25      3.781417
  115   30      3.962779
  115   35      4.174974
  115   40      4.420403
  115   45      4.724652
  115   50      5.066049
  115   55      5.213930
  115   60      5.539319
  115   65      5.678904
  115   70      5.842403
  115   75      6.029146
  115   80      5.936286
  115   85      5.866617
  115   90      5.750000
  110  -90      8.800000
  110  -85      8.698700
  110  -80      8.500000
  110  -75      8.206706
  110  -70      7.350000
  110  -65      6.698141
  110  -60      5.991470
  110  -55      5.424179
  110  -50      4.900000
  110  -45      4.520000
  110  -40      4.100000
  110  -35      3.850000
  110  -30      3.606929
  110  -25      3.421915
  110  -20      3.265731
  110  -15      3.246115
  110  -10      3.215545
  110   -5      3.209062
  110    0      3.225994
  110    5      3.266115
  110   10      3.420000
  110   15      3.520000
  110   20      3.586175
  110   25      3.723810
  110   30      3.890274
  110   35      4.087995
  110   40      4.319663
  110   45      4.655429
  110   50      5.030000
  110   55      5.229834
  110   60      5.529265
  110   65      5.671091
  110   70      5.822371
  110   75      6.008479
  110   80      5.946732
  110   85      5.870730
  110   90      5.750000
  105  -90      8.800000
  105  -85      8.717216
  105  -80      8.500000
  105  -75      8.137459
  105  -70      7.396409
  105  -65      6.766900
  105  -60      6.100000
  105  -55      5.534390
  105  -50      5.000000
  105  -45      4.600000
  105  -40      4.200000
  105  -35      3.930000
  105  -30      3.656335
  105  -25      3.458596
  105  -20      3.289813
  105  -15      3.260473
  105  -10      3.225070
  105   -5      3.213663
  105    0      3.225555
  105    5      3.260515
  105   10      3.400000
  105   15      3.510000
  105   20      3.570480
  105   25      3.692932
  105   30      3.844341
  105   35      4.027283
  105   40      4.244672
  105   45      4.586101
  105   50      4.967561
  105   55      5.276529
  105   60      5.558500
  105   65      5.659940
  105   70      5.811724
  105   75      6.019825
  105   80      5.963386
  105   85      5.874884
  105   90      5.750000
  100  -90      8.800000
  100  -85      8.739198
  100  -80      8.510403
  100  -75      8.085050
  100  -70      7.415776
  100  -65      6.728295
  100  -60      6.200000
  100  -55      5.629715
  100  -50      5.103255
  100  -45      4.700000
  100  -40      4.300000
  100  -35      4.010000
  100  -30      3.730950
  100  -25      3.520518
  100  -20      3.339111
  100  -15      3.300000
  100  -10      3.259714
  100   -5      3.243349
  100    0      3.250189
  100    5      3.280000
  100   10      3.390000
  100   15      3.490000
  100   20      3.580000
  100   25      3.687295
  100   30      3.823616
  100   35      3.991644
  100   40      4.194444
  100   45      4.540960
  100   50      4.928349
  100   55      5.327928
  100   60      5.563177
  100   65      5.659638
  100   70      5.876116
  100   75      6.056187
  100   80      6.003295
  100   85      5.880913
  100   90      5.750000
   95  -90      8.800000
   95  -85      8.764419
   95  -80      8.526484
   95  -75      8.068962
   95  -70      7.430000
   95  -65      6.684114
   95  -60      6.247784
   95  -55      5.689515
   95  -50      5.218451
   95  -45      4.800263
   95  -40      4.400000
   95  -35      4.080000
   95  -30      3.750614
   95  -25      3.528333
   95  -20      3.360000
   95  -15      3.300000
   95  -10      3.270000
   95   -5      3.260000
   95    0      3.260000
   95    5      3.280000
   95   10      3.370000
   95   15      3.470000
   95   20      3.560000
   95   25      3.670000
   95   30      3.790218
   95   35      3.957912
   95   40      4.160563
   95   45      4.510760
   95   50      4.902319
   95   55      5.394651
   95   60      5.752045
   95   65      5.811643
   95   70      5.951437
   95   75      6.097534
   95   80      6.047407
   95   85      5.888620
   95   90      5.750000
   90  -90      8.800000
   90  -85      8.792585
   90  -80      8.528569
   90  -75      8.083360
   90  -70      7.384373
   90  -65      6.606600
   90  -60      6.300000
   90  -55      5.799977
   90  -50      5.370109
   90  -45      4.892039
   90  -40      4.500000
   90  -35      4.150000
   90  -30      3.793907
   90  -25      3.559681
   90  -20      3.400000
   90  -15      3.300000
   90  -10      3.270000
   90   -5      3.270000
   90    0      3.270000
   90    5      3.280000
   90   10      3.366540
   90   15      3.469070
   90   20      3.560000
   90   25      3.660000
   90   30      3.780448
   90   35      3.947839
   90   40      4.150247
   90   45      4.503821
   90   50      4.898918
   90   55      5.466655
   90   60      6.062069
   90   65      5.979745
   90   70      6.070632
   90   75      6.149213
   90   80      6.073445
   90   85      5.897773
   90   90      5.750000
   85  -90      8.800000
   85  -85      8.809519
   85  -80      8.481298
   85  -75      8.110626
   85  -70      7.238238
   85  -65      6.630167
   85  -60      6.270000
   85  -55      5.926327
   85  -50      5.500000
   85  -45      5.057511
   85  -40      4.625328
   85  -35      4.225500
   85  -30      3.860629
   85  -25      3.614348
   85  -20      3.430000
   85  -15      3.326682
   85  -10      3.231557
   85   -5      3.238559
   85    0      3.255633
   85    5      3.300000
   85   10      3.420000
   85   15      3.524449
   85   20      3.560000
   85   25      3.680000
   85   30      3.794107
   85   35      3.961245
   85   40      4.163341
   85   45      4.500574
   85   50      4.879169
   85   55      5.485902
   85   60      6.200552
   85   65      6.163650
   85   70      6.209118
   85   75      6.202184
   85   80      6.096545
   85   85      5.905888
   85   90      5.750000
   80  -90      8.800000
   80  -85      8.828654
   80  -80      8.438277
   80  -75      8.037487
   80  -70      7.181314
   80  -65      6.645535
   80  -60      6.226509
   80  -55      5.775235
   80  -50      5.376311
   80  -45      4.850000
   80  -40      4.400000
   80  -35      4.070000
   80  -30      3.768883
   80  -25      3.600000
   80  -20      3.447841
   80  -15      3.315524
   80  -10      3.180000
   80   -5      3.147110
   80    0      3.210000
   80    5      3.320000
   80   10      3.400000
   80   15      3.500000
   80   20      3.580000
   80   25      3.696185
   80   30      3.810000
   80   35      3.998311
   80   40      4.200000
   80   45      4.520588
   80   50      4.882048
   80   55      5.497354
   80   60      6.338062
   80   65      6.370902
   80   70      6.340797
   80   75      6.254962
   80   80      6.120116
   80   85      5.914931
   80   90      5.750000
   75  -90      8.800000
   75  -85      8.849563
   75  -80      8.416824
   75  -75      7.999956
   75  -70      7.202854
   75  -65      6.736560
   75  -60      6.185906
   75  -55      5.707999
   75  -50      5.203610
   75  -45      4.700000
   75  -40      4.252058
   75  -35      3.905720
   75  -30      3.646000
   75  -25      3.456383
   75  -20      3.370000
   75  -15      3.142751
   75  -10      3.140000
   75   -5      3.110000
   75    0      3.163456
   75    5      3.266634
   75   10      3.331716
   75   15      3.429399
   75   20      3.520000
   75   25      3.640000
   75   30      3.765348
   75   35      3.971511
   75   40      4.212121
   75   45      4.546215
   75   50      4.913102
   75   55      5.553764
   75   60      6.434516
   75   65      6.479290
   75   70      6.405578
   75   75      6.305603
   75   80      6.143123
   75   85      5.924640
   75   90      5.750000
   70  -90      8.800000
   70  -85      8.864176
   70  -80      8.417836
   70  -75      7.963881
   70  -70      7.280056
   70  -65      6.827932
   70  -60      6.215594
   70  -55      5.674224
   70  -50      5.183030
   70  -45      4.679116
   70  -40      4.192007
   70  -35      3.880867
   70  -30      3.629248
   70  -25      3.443878
   70  -20      3.337353
   70  -15      3.099706
   70  -10      3.110000
   70   -5      3.100000
   70    0      3.150000
   70    5      3.187620
   70   10      3.268836
   70   15      3.367554
   70   20      3.442814
   70   25      3.600000
   70   30      3.724512
   70   35      3.969784
   70   40      4.249004
   70   45      4.588284
   70   50      4.971128
   70   55      5.602165
   70   60      6.442062
   70   65      6.632106
   70   70      6.440727
   70   75      6.344568
   70   80      6.164560
   70   85      5.928526
   70   90      5.750000
   65  -90      8.800000
   65  -85      8.878873
   65  -80      8.440862
   65  -75      7.989028
   65  -70      7.373684
   65  -65      6.890453
   65  -60      6.265877
   65  -55      5.743783
   65  -50      5.187638
   65  -45      4.694570
   65  -40      4.206257
   65  -35      3.898731
   65  -30      3.644660
   65  -25      3.417472
   65  -20      3.313021
   65  -15      3.195634
   65  -10      3.110000
   65   -5      3.087857
   65    0      3.100000
   65    5      3.170000
   65   10      3.231202
   65   15      3.332443
   65   20      3.416395
   65   25      3.563159
   65   30      3.750373
   65   35      3.999375
   65   40      4.251950
   65   45      4.668419
   65   50      5.055630
   65   55      5.667388
   65   60      6.441388
   65   65      6.638969
   65   70      6.483959
   65   75      6.372169
   65   80      6.183479
   65   85      5.932732
   65   90      5.750000
   60  -90      8.800000
   60  -85      8.909010
   60  -80      8.476567
   60  -75      8.035820
   60  -70      7.423439
   60  -65      6.962626
   60  -60      6.380094
   60  -55      5.740518
   60  -50      5.138103
   60  -45      4.703749
   60  -40      4.214965
   60  -35      3.911637
   60  -30      3.636620
   60  -25      3.479819
   60  -20      3.341723
   60  -15      3.226252
   60  -10      3.150000
   60   -5      3.124643
   60    0      3.120000
   60    5      3.180000
   60   10      3.236043
   60   15      3.337368
   60   20      3.452444
   60   25      3.599652
   60   30      3.759252
   60   35      4.013721
   60   40      4.265455
   60   45      4.660026
   60   50      5.082206
   60   55      5.603622
   60   60      6.299673
   60   65      6.616155
   60   70      6.494826
   60   75      6.490746
   60   80      6.199021
   60   85      5.937169
   60   90      5.750000
   55  -90      8.800000
   55  -85      8.901330
   55  -80      8.499693
   55  -75      7.927237
   55  -70      7.473701
   55  -65      7.021681
   55  -60      6.375959
   55  -55      5.769470
   55  -50      5.146357
   55  -45      4.615691
   55  -40      4.238583
   55  -35      3.912299
   55  -30      3.659519
   55  -25      3.454090
   55  -20      3.331893
   55  -15      3.222602
   55  -10      3.160000
   55   -5      3.133573
   55    0      3.157126
   55    5      3.251415
   55   10      3.309211
   55   15      3.412009
   55   20      3.506457
   55   25      3.631529
   55   30      3.817216
   55   35      4.046132
   55   40      4.293197
   55   45      4.660514
   55   50      5.042541
   55   55      5.563065
   55   60      6.179752
   55   65      6.471832
   55   70      6.512153
   55   75      6.467584
   55   80      6.182806
   55   85      5.941687
   55   90      5.750000
   50  -90      8.800000
   50  -85      8.894133
   50  -80      8.524823
   50  -75      7.821612
   50  -70      7.486736
   50  -65      6.932513
   50  -60      6.319705
   50  -55      5.818875
   50  -50      5.156776
   50  -45      4.637125
   50  -40      4.271032
   50  -35      3.975738
   50  -30      3.700000
   50  -25      3.511558
   50  -20      3.398332
   50  -15      3.327820
   50  -10      3.280000
   50   -5      3.270000
   50    0      3.280000
   50    5      3.296519
   50   10      3.350313
   50   15      3.448436
   50   20      3.596667
   50   25      3.724312
   50   30      3.879127
   50   35      4.126696
   50   40      4.335737
   50   45      4.660591
   50   50      5.066267
   50   55      5.599058
   50   60      6.170011
   50   65      6.393258
   50   70      6.464179
   50   75      6.446761
   50   80      6.166894
   50   85      5.946135
   50   90      5.750000
   45  -90      8.800000
   45  -85      8.887193
   45  -80      8.551152
   45  -75      7.752924
   45  -70      7.410329
   45  -65      6.759075
   45  -60      6.198057
   45  -55      5.655241
   45  -50      5.148857
   45  -45      4.661253
   45  -40      4.344653
   45  -35      4.025335
   45  -30      3.774166
   45  -25      3.579912
   45  -20      3.518517
   45  -15      3.389230
   45  -10      3.399763
   45   -5      3.449759
   45    0      3.425308
   45    5      3.425344
   45   10      3.456357
   45   15      3.564951
   45   20      3.696830
   45   25      3.790387
   45   30      3.960410
   45   35      4.160000
   45   40      4.408450
   45   45      4.726342
   45   50      5.091870
   45   55      5.610105
   45   60      6.108086
   45   65      6.349593
   45   70      6.418295
   45   75      6.428902
   45   80      6.150531
   45   85      5.950381
   45   90      5.750000
   40  -90      8.800000
   40  -85      8.880276
   40  -80      8.577812
   40  -75      7.716574
   40  -70      7.220342
   40  -65      6.577228
   40  -60      5.956217
   40  -55      5.552905
   40  -50      5.154608
   40  -45      4.728826
   40  -40      4.382938
   40  -35      4.091639
   40  -30      3.896586
   40  -25      3.814597
   40  -20      3.722798
   40  -15      3.620910
   40  -10      3.566525
   40   -5      3.590054
   40    0      3.580000
   40    5      3.580000
   40   10      3.610000
   40   15      3.680000
   40   20      3.770000
   40   25      3.860000
   40   30      4.010000
   40   35      4.180000
   40   40      4.463918
   40   45      4.740003
   40   50      5.137085
   40   55      5.640241
   40   60      6.028259
   40   65      6.320062
   40   70      6.382924
   40   75      6.416390
   40   80      6.135206
   40   85      5.955459
   40   90      5.750000
   35  -90      8.800000
   35  -85      8.873144
   35  -80      8.603896
   35  -75      7.603903
   35  -70      7.064052
   35  -65      6.376069
   35  -60      5.708642
   35  -55      5.450000
   35  -50      5.140107
   35  -45      4.768023
   35  -40      4.404698
   35  -35      4.150420
   35  -30      4.024602
   35  -25      4.024691
   35  -20      3.902243
   35  -15      3.798616
   35  -10      3.731400
   35   -5      3.680428
   35    0      3.700000
   35    5      3.640000
   35   10      3.660000
   35   15      3.720000
   35   20      3.800000
   35   25      3.900000
   35   30      4.060000
   35   35      4.250000
   35   40      4.503727
   35   45      4.820000
   35   50      5.200000
   35   55      5.683002
   35   60      6.059713
   35   65      6.328178
   35   70      6.397442
   35   75      6.404529
   35   80      6.117818
   35   85      5.960129
   35   90      5.750000
   30  -90      8.800000
   30  -85      8.865564
   30  -80      8.628485
   30  -75      7.486704
   30  -70      6.760272
   30  -65      6.148290
   30  -60      5.550529
   30  -55      5.260727
   30  -50      5.023828
   30  -45      4.725698
   30  -40      4.455200
   30  -35      4.193454
   30  -30      4.081049
   30  -25      4.008111
   30  -20      3.910000
   30  -15      3.844567
   30  -10      3.757574
   30   -5      3.727039
   30    0      3.700000
   30    5      3.680000
   30   10      3.700000
   30   15      3.750000
   30   20      3.820000
   30   25      3.920000
   30   30      4.100000
   30   35      4.270000
   30   40      4.510000
   30   45      4.830000
   30   50      5.200000
   30   55      5.720000
   30   60      6.157804
   30   65      6.386102
   30   70      6.411737
   30   75      6.391777
   30   80      6.097557
   30   85      5.960641
   30   90      5.750000
   25  -90      8.800000
   25  -85      8.857315
   25  -80      8.650679
   25  -75      7.235208
   25  -70      6.498310
   25  -65      5.837125
   25  -60      5.283080
   25  -55      5.072170
   25  -50      4.828187
   25  -45      4.602100
   25  -40      4.404577
   25  -35      4.161954
   25  -30      3.984914
   25  -25      3.821419
   25  -20      3.744039
   25  -15      3.724382
   25  -10      3.701400
   25   -5      3.660428
   25    0      3.600000
   25    5      3.630000
   25   10      3.680000
   25   15      3.720000
   25   20      3.800000
   25   25      3.920000
   25   30      4.070000
   25   35      4.280000
   25   40      4.500000
   25   45      4.840000
   25   50      5.230000
   25   55      5.760000
   25   60      6.216265
   25   65      6.452734
   25   70      6.442868
   25   75      6.360003
   25   80      6.073645
   25   85      5.934714
   25   90      5.750000
   20  -90      8.800000
   20  -85      8.848196
   20  -80      8.669632
   20  -75      7.072338
   20  -70      6.267353
   20  -65      5.596119
   20  -60      5.169741
   20  -55      4.897572
   20  -50      4.661252
   20  -45      4.466911
   20  -40      4.289583
   20  -35      4.085296
   20  -30      3.915428
   20  -25      3.696801
   20  -20      3.560957
   20  -15      3.526962
   20  -10      3.532310
   20   -5      3.512702
   20    0      3.441395
   20    5      3.431180
   20   10      3.534228
   20   15      3.672906
   20   20      3.775728
   20   25      3.910000
   20   30      4.050000
   20   35      4.290000
   20   40      4.550000
   20   45      4.850000
   20   50      5.270000
   20   55      5.770000
   20   60      6.316468
   20   65      6.496025
   20   70      6.410999
   20   75      6.313420
   20   80      6.045374
   20   85      5.906830
   20   90      5.750000
   15  -90      8.800000
   15  -85      8.838029
   15  -80      8.684590
   15  -75      6.974956
   15  -70      6.035420
   15  -65      5.467482
   15  -60      5.119066
   15  -55      4.843392
   15  -50      4.554138
   15  -45      4.405390
   15  -40      4.214805
   15  -35      3.965759
   15  -30      3.788102
   15  -25      3.584700
   15  -20      3.413128
   15  -15      3.327673
   15  -10      3.223167
   15   -5      3.203931
   15    0      3.220000
   15    5      3.250000
   15   10      3.350000
   15   15      3.380000
   15   20      3.660000
   15   25      3.850000
   15   30      4.030000
   15   35      4.280000
   15   40      4.570000
   15   45      4.900000
   15   50      5.300000
   15   55      5.770000
   15   60      6.315187
   15   65      6.499743
   15   70      6.399990
   15   75      6.284194
   15   80      6.046627
   15   85      5.876875
   15   90      5.750000
   10  -90      8.800000
   10  -85      8.826672
   10  -80      8.694925
   10  -75      6.872735
   10  -70      5.910420
   10  -65      5.406015
   10  -60      5.062131
   10  -55      4.821295
   10  -50      4.489841
   10  -45      4.278007
   10  -40      4.154368
   10  -35      3.823144
   10  -30      3.606325
   10  -25      3.445853
   10  -20      3.274106
   10  -15      3.198599
   10  -10      3.130000
   10   -5      3.070000
   10    0      3.100000
   10    5      3.150000
   10   10      3.200000
   10   15      3.260000
   10   20      3.482197
   10   25      3.781428
   10   30      4.000000
   10   35      4.250000
   10   40      4.490021
   10   45      4.900000
   10   50      5.260000
   10   55      5.760000
   10   60      6.245247
   10   65      6.517319
   10   70      6.437141
   10   75      6.245617
   10   80      6.047852
   10   85      5.872548
   10   90      5.750000
    5  -90      8.800000
    5  -85      8.814017
    5  -80      8.700160
    5  -75      6.801645
    5  -70      5.802657
    5  -65      5.394123
    5  -60      5.029009
    5  -55      4.706362
    5  -50      4.414460
    5  -45      4.148503
    5  -40      4.013875
    5  -35      3.740000
    5  -30      3.517770
    5  -25      3.333900
    5  -20      3.200000
    5  -15      3.100000
    5  -10      3.050000
    5   -5      2.990000
    5    0      3.000000
    5    5      3.050000
    5   10      3.100000
    5   15      3.160000
    5   20      3.350000
    5   25      3.661009
    5   30      3.926382
    5   35      4.141825
    5   40      4.425557
    5   45      4.840000
    5   50      5.210000
    5   55      5.700000
    5   60      6.176792
    5   65      6.549557
    5   70      6.463555
    5   75      6.216914
    5   80      6.042011
    5   85      5.862532
    5   90      5.750000
    0  -90      8.800000
    0  -85      8.800000
    0  -80      8.700001
    0  -75      6.782012
    0  -70      5.768496
    0  -65      5.409548
    0  -60      5.002984
    0  -55      4.586690
    0  -50      4.295362
    0  -45      4.025403
    0  -40      3.895772
    0  -35      3.668709
    0  -30      3.489865
    0  -25      3.308491
    0  -20      3.180000
    0  -15      3.100000
    0  -10      3.000000
    0   -5      2.970000
    0    0      3.000000
    0    5      3.000000
    0   10      3.050000
    0   15      3.091299
    0   20      3.316565
    0   25      3.621385
    0   30      3.870000
    0   35      4.100001
    0   40      4.410000
    0   45      4.828268
    0   50      5.191199
    0   55      5.600000
    0   60      6.119966
    0   65      6.531512
    0   70      6.470000
    0   75      6.181768
    0   80      6.035977
    0   85      5.852253
    0   90      5.750000
