570 1136
    0.261335     0.330729     0.546019
    0.221095     0.370969     0.546019
    0.169440     0.403367     0.548554
    0.158396     0.406176     0.549638
    0.153286     0.407056     0.550195
    0.138289     0.409175     0.551890
    0.133595     0.409721     0.552437
    0.133595     0.330729     0.562836
    0.131776     0.410686     0.552070
    0.042598     0.440439     0.536412
    0.042350     0.440404     0.536384
   -0.137276     0.260778     0.536384
   -0.139839     0.242633     0.538436
    0.045499     0.242633     0.562836
   -0.379072     0.019703     0.477591
   -0.367967    -0.058903     0.468704
   -0.060425    -0.366445     0.468704
   -0.021074    -0.345567     0.476634
    0.045499    -0.274126     0.494803
    0.440960     0.137714     0.496960
    0.394812     0.195384     0.510628
    0.320083     0.280865     0.531720
    0.268570     0.328867     0.544821
    0.194178    -0.253120     0.477995
    0.492305     0.045007     0.477995
    0.460031     0.105839     0.490253
    0.278592     0.332570     0.540035
    0.272372     0.336389     0.541956
    0.270779     0.337109     0.542492
    0.259908     0.347980     0.542492
    0.145634     0.408467     0.550923
   -0.039748     0.469384     0.510295
   -0.040686     0.469293     0.510171
   -0.050420     0.465262     0.510171
    0.038723     0.442317     0.534970
   -0.068805     0.463782     0.506404
   -0.165706     0.366881     0.506404
   -0.260715     0.323976     0.474411
   -0.386749     0.019703     0.474411
   -0.426790     0.000919     0.454603
   -0.484191    -0.052819     0.421607
   -0.479877    -0.097579     0.415714
   -0.418217    -0.246439     0.415714
   -0.414307    -0.295018     0.405760
   -0.355495    -0.394309     0.396739
   -0.309621    -0.440183     0.396739
   -0.073850    -0.377009     0.463359
   -0.300305    -0.460812     0.389792
   -0.251224    -0.481142     0.389792
   -0.105004    -0.410286     0.444229
    0.241839    -0.320228     0.442021
    0.245226    -0.319604     0.441698
    0.322635    -0.287540     0.441698
    0.509279    -0.272517     0.403452
    0.569714    -0.236721     0.397962
    0.580311    -0.226123     0.397962
    0.581017    -0.217350     0.399760
    0.527441    -0.017400     0.456258
    0.523215    -0.007929     0.459310
    0.493809     0.043096     0.477234
    0.583745    -0.210766     0.399760
    0.585418    -0.193401     0.402046
    0.557885    -0.093993     0.430506
    0.541407    -0.046220     0.445528
    0.489723     0.058347     0.477234
    0.434295     0.149992     0.497930
    0.415466     0.173303     0.503562
    0.261191     0.347570     0.541956
    0.167367     0.405306     0.547890
    0.140677     0.409795     0.550923
   -0.060949     0.479080     0.498495
   -0.066662     0.477550     0.498495
   -0.068805     0.477342     0.498078
   -0.112216     0.502863     0.455752
   -0.269546     0.345534     0.455752
   -0.276423     0.323976     0.464766
   -0.465294     0.122061     0.400150
   -0.468444     0.119782     0.398202
   -0.498916     0.071042     0.384841
   -0.532104    -0.052819     0.384841
   -0.550981    -0.066561     0.367531
   -0.518915    -0.186235     0.367531
   -0.510086    -0.192624     0.372992
   -0.340210    -0.442217     0.376708
   -0.300305    -0.482122     0.376708
   -0.295555    -0.496048     0.369365
   -0.253133    -0.482564     0.388434
   -0.294326    -0.518294     0.352548
   -0.087859    -0.408570     0.442021
    0.483652    -0.296488     0.395252
    0.576623    -0.234516     0.395073
    0.584343    -0.226797     0.395073
    0.583947    -0.226123     0.395729
    0.585041    -0.214844     0.397927
    0.586260    -0.195759     0.400915
    0.585914    -0.211584     0.397927
    0.587050    -0.200232     0.399389
    0.527394     0.006965     0.450003
    0.531817     0.001989     0.445528
    0.299215     0.347285     0.503562
    0.278592     0.346390     0.528977
    0.275510     0.347570     0.530497
    0.166018     0.416996     0.534970
    0.166000     0.416901     0.535099
    0.169551     0.418370     0.530497
   -0.141552     0.541913     0.397715
   -0.139922     0.533569     0.409011
   -0.114582     0.506317     0.451096
   -0.088478     0.498992     0.467408
   -0.161601     0.567681     0.350812
   -0.175875     0.573234     0.332740
   -0.205600     0.553372     0.332740
   -0.218486     0.533569     0.346145
   -0.251061     0.500993     0.346145
   -0.269546     0.452751     0.369957
   -0.442895     0.193315     0.369957
   -0.566636    -0.021327     0.335889
   -0.553943    -0.066561     0.364157
   -0.587937    -0.045286     0.314340
   -0.593717    -0.074346     0.314340
   -0.580737    -0.074346     0.331256
   -0.609147    -0.175594     0.267985
   -0.608800    -0.092997     0.289850
   -0.637906    -0.143396     0.238853
   -0.632802    -0.169051     0.238853
   -0.616206    -0.176972     0.258429
   -0.368797    -0.547245     0.258429
   -0.345958    -0.562106     0.273889
   -0.340210    -0.556358     0.285372
   -0.317416    -0.556358     0.303612
   -0.301061    -0.532479     0.335808
   -0.342340    -0.567666     0.270126
   -0.319574    -0.582878     0.270126
   -0.316279    -0.566004     0.292970
   -0.310315    -0.564331     0.296697
   -0.310315    -0.602276     0.247245
    0.256348    -0.505157     0.226919
   -0.308067    -0.609706     0.236980
   -0.302238    -0.614420     0.229325
   -0.245656    -0.608148     0.222831
    0.251803    -0.509197     0.222831
    0.447895    -0.364724     0.328432
    0.481262    -0.316755     0.372893
    0.591915    -0.240231     0.375992
    0.586200    -0.234516     0.387410
    0.592024    -0.242746     0.372893
    0.586200    -0.228068     0.392569
    0.593106    -0.238448     0.375992
    0.588943    -0.227745     0.389543
    0.589398    -0.223998     0.390169
    0.590424    -0.218836     0.390169
    0.590549    -0.217715     0.390298
    0.564416    -0.056946     0.400572
    0.585829    -0.192140     0.400572
    0.557290    -0.005086     0.393703
    0.493184     0.206073     0.290652
    0.418264     0.353112     0.290652
    0.559182     0.030872     0.345801
    0.406318     0.380916     0.279166
    0.348186     0.396256     0.362088
    0.366112     0.531781     0.064734
    0.355881     0.542012     0.064734
    0.323961     0.488061     0.231132
    0.377270     0.515663     0.074345
    0.214854     0.496672     0.342472
    0.291517     0.643820    -0.098818
    0.274502     0.662214    -0.121863
    0.254101     0.680104    -0.139627
    0.193552     0.710956    -0.139627
    0.179042     0.710192    -0.120297
    0.175233     0.639324     0.052250
    0.311615     0.618205    -0.062383
   -0.161601     0.579939     0.324415
    0.110981     0.720972    -0.120297
    0.057344     0.727366    -0.115223
    0.021391     0.727366    -0.101475
   -0.054572     0.722679    -0.061114
   -0.057209     0.722492    -0.059655
   -0.102577     0.710388    -0.013087
   -0.138356     0.697705     0.031215
   -0.143540     0.694359     0.041276
   -0.163547     0.672462     0.101789
   -0.168182     0.659557     0.134716
   -0.168182     0.600401     0.277533
   -0.187892     0.614293     0.236456
   -0.187327     0.603776     0.262063
   -0.189344     0.596514     0.276838
   -0.196404     0.599644     0.260897
   -0.194320     0.596121     0.271761
   -0.257370     0.538677     0.260897
   -0.290697     0.490534     0.289607
   -0.391674     0.363514     0.261716
   -0.437966     0.255769     0.306226
   -0.582349    -0.027599     0.306226
   -0.589137    -0.045619     0.311898
   -0.609723    -0.087757     0.285616
   -0.638642    -0.143633     0.237167
   -0.652175    -0.164896     0.197513
   -0.655728    -0.174919     0.185103
   -0.648495    -0.174530     0.202712
   -0.644776    -0.153434     0.219758
   -0.644291    -0.175698     0.211266
   -0.661099    -0.184515     0.160787
   -0.663412    -0.189991     0.148693
   -0.664271    -0.206313     0.126948
   -0.664537    -0.213006     0.118236
   -0.662811    -0.295875     0.022261
   -0.660879    -0.304596     0.016308
   -0.657981    -0.315999     0.009409
   -0.645014    -0.355018    -0.006976
   -0.630556    -0.393397    -0.019057
   -0.626478    -0.401400    -0.019057
   -0.608793    -0.442562    -0.036061
   -0.595852    -0.458842    -0.032486
   -0.542367    -0.501444     0.010841
   -0.501524    -0.542287     0.010841
   -0.429439    -0.592189     0.053829
   -0.388744    -0.613517     0.091355
   -0.332760    -0.625586     0.176455
   -0.328816    -0.618920     0.197014
   -0.314072    -0.620084     0.212060
   -0.313300    -0.635501     0.176455
   -0.312731    -0.624911     0.202240
   -0.305185    -0.623580     0.208337
   -0.308211    -0.639659     0.168363
   -0.305923    -0.640843     0.166379
   -0.305185    -0.640960     0.166379
   -0.282135    -0.649131     0.137840
   -0.259797    -0.655090     0.114910
   -0.254731    -0.655449     0.112108
    0.012579    -0.671942    -0.029923
    0.050606    -0.667410    -0.033521
    0.071607    -0.664083    -0.033521
    0.158783    -0.652105    -0.045067
    0.185031    -0.647677    -0.046776
    0.196348    -0.645426    -0.046776
    0.216732    -0.635467    -0.034062
    0.558804    -0.355971     0.215253
    0.237322    -0.627711    -0.040543
    0.383458    -0.553251    -0.040543
    0.473140    -0.474605     0.037546
    0.518146    -0.425952     0.098500
    0.572183    -0.339174     0.228860
    0.591145    -0.309683     0.257990
    0.602384    -0.267089     0.318748
    0.600883    -0.256508     0.338810
    0.597149    -0.247871     0.358087
    0.597202    -0.300933     0.263208
    0.603438    -0.272006     0.307178
    0.596902    -0.241530     0.365852
    0.593970    -0.238948     0.373918
    0.597518    -0.243203     0.362851
    0.600562    -0.250410     0.346934
    0.585829    -0.058111     0.266543
    0.603928    -0.252567     0.323525
    0.608819    -0.252567     0.286372
    0.608819    -0.232738     0.266543
    0.574935     0.017654     0.259560
    0.527975     0.179648     0.090560
    0.452500     0.361861     0.090560
    0.548023     0.113780     0.151272
    0.386556     0.508224     0.045928
    0.380637     0.518325     0.031374
    0.343639     0.573905    -0.013506
    0.266212     0.670504    -0.137185
    0.252530     0.682065    -0.145627
    0.248847     0.684728    -0.149691
    0.225593     0.700207    -0.168468
    0.212515     0.706871    -0.168468
    0.194064     0.711689    -0.144770
    0.211782     0.707201    -0.168691
    0.191378     0.715653    -0.168691
    0.190519     0.715914    -0.167900
    0.175865     0.718235    -0.167900
    0.156830     0.720972    -0.166146
    0.153184     0.721452    -0.166146
   -0.068235     0.720907    -0.058639
   -0.105805     0.710388    -0.016315
   -0.134874     0.701541     0.010478
   -0.135326     0.701316     0.011445
   -0.147254     0.694327     0.028632
   -0.147101     0.693429     0.036702
   -0.163731     0.672670     0.100228
   -0.195701     0.657152     0.028632
   -0.194698     0.656149     0.042712
   -0.204841     0.648012     0.011741
   -0.428043     0.357129     0.011741
   -0.452816     0.319915     0.041790
   -0.458762     0.309767     0.056412
   -0.543171     0.122422     0.113541
   -0.654117    -0.145424     0.113541
   -0.659477    -0.163034     0.129773
   -0.662193    -0.172735     0.140701
   -0.661099    -0.172384     0.148656
   -0.664537    -0.190541     0.140701
   -0.664271    -0.190541     0.142720
   -0.643784    -0.358462    -0.008628
   -0.629854    -0.396085    -0.022509
   -0.619866    -0.419970    -0.033788
   -0.610191    -0.441443    -0.040336
   -0.610158    -0.441498    -0.040416
   -0.596526    -0.461977    -0.056952
   -0.590870    -0.470208    -0.062190
   -0.587439    -0.475053    -0.064470
   -0.586665    -0.476062    -0.064470
   -0.567618    -0.498602    -0.078379
   -0.564885    -0.501335    -0.078379
   -0.541936    -0.520728    -0.064217
   -0.536461    -0.524928    -0.064217
   -0.479372    -0.562931    -0.018120
   -0.361762    -0.625674     0.099583
   -0.319393    -0.643224     0.099583
   -0.298859    -0.649474     0.118510
   -0.298969    -0.649131     0.121006
    0.016888    -0.671942    -0.034232
    0.034265    -0.670870    -0.043465
    0.060550    -0.667410    -0.043465
    0.077933    -0.664910    -0.045067
    0.260644    -0.621621    -0.070498
    0.286384    -0.610856    -0.082653
    0.307474    -0.601354    -0.089084
    0.343114    -0.583194    -0.089084
    0.378159    -0.559866    -0.060787
    0.389518    -0.551150    -0.060787
    0.435182    -0.512563    -0.032609
    0.541061    -0.397510     0.120510
    0.538275    -0.402132     0.113199
    0.597628    -0.300967     0.259618
    0.597243    -0.300901     0.263085
    0.604484    -0.273173     0.298698
    0.603928    -0.272348     0.303744
    0.606178    -0.272629     0.286372
    0.599529    -0.296378     0.259618
    0.570195    -0.232738    -0.026839
    0.548023    -0.218526    -0.181034
    0.532214    -0.218526    -0.280851
    0.526189    -0.201529    -0.301896
    0.474509     0.124763    -0.301896
    0.470300     0.155393    -0.297839
    0.473961     0.224971    -0.205149
    0.419470     0.369623    -0.159616
    0.306090     0.592145    -0.159616
    0.279884     0.653140    -0.134419
    0.266481     0.670000    -0.138121
    0.246255     0.686110    -0.154505
    0.237731     0.691591    -0.162925
    0.225977     0.699728    -0.169934
    0.219333     0.701713    -0.177179
    0.205173     0.708927    -0.177179
    0.221912     0.700604    -0.176113
    0.200321     0.710755    -0.178706
    0.192129     0.714757    -0.173597
    0.184798     0.715764    -0.174568
    0.169197     0.718235    -0.174568
    0.162048     0.719087    -0.175245
   -0.017930     0.722679    -0.097755
   -0.073878     0.713817    -0.097755
   -0.074017     0.714016    -0.096361
   -0.134315     0.698269    -0.018914
   -0.087866     0.702389    -0.119998
   -0.134919     0.667984    -0.173932
   -0.162981     0.653686    -0.173932
   -0.166679     0.657872    -0.142539
   -0.197994     0.641166    -0.084377
   -0.249962     0.503971    -0.423706
   -0.258907     0.492741    -0.432803
   -0.287598     0.464050    -0.432803
   -0.290920     0.466985    -0.407888
   -0.288126     0.461599    -0.436529
   -0.345977     0.348060    -0.436529
   -0.359257     0.326437    -0.424827
   -0.502147     0.131015    -0.200830
   -0.530159     0.073677    -0.165068
   -0.635447    -0.129758     0.011331
   -0.659477    -0.281475     0.011331
   -0.661193    -0.295875     0.009969
   -0.661019    -0.296528     0.009299
   -0.660879    -0.297697     0.009409
   -0.610938    -0.438511    -0.044252
   -0.612651    -0.434737    -0.042999
   -0.568908    -0.496184    -0.082869
   -0.564376    -0.499121    -0.089222
   -0.554924    -0.506649    -0.096879
   -0.566566    -0.497545    -0.086776
   -0.553316    -0.507683    -0.098467
   -0.546493    -0.512407    -0.102536
   -0.424187    -0.577343    -0.088998
   -0.534869    -0.514913    -0.120205
   -0.524615    -0.518064    -0.130924
   -0.517034    -0.520557    -0.138009
   -0.466945    -0.546078    -0.138009
   -0.337896    -0.621172    -0.021141
   -0.395566    -0.591325    -0.071147
   -0.121482    -0.655449    -0.021141
    0.041118    -0.669042    -0.050499
    0.075780    -0.664910    -0.047220
    0.181675    -0.648138    -0.047220
    0.302567    -0.602950    -0.092746
    0.305289    -0.601925    -0.091890
    0.343848    -0.582278    -0.091890
    0.345328    -0.580980    -0.093178
    0.369250    -0.561963    -0.098431
    0.389431    -0.536627    -0.118954
    0.459984    -0.466074    -0.118954
    0.466230    -0.457052    -0.124335
    0.535396    -0.401640     0.087330
    0.557682    -0.316301    -0.022278
    0.477271    -0.405836    -0.202185
    0.532028    -0.298370    -0.202185
    0.570195    -0.305802     0.046225
    0.528921    -0.239319    -0.280851
    0.486712    -0.201529    -0.397201
    0.455990    -0.191648    -0.467593
    0.447413    -0.182824    -0.484925
    0.433348    -0.163628    -0.511540
    0.426428    -0.151645    -0.523665
    0.426304    -0.151421    -0.523879
    0.425937    -0.150740    -0.524505
    0.425760    -0.150495    -0.524782
    0.406315    -0.121777    -0.554354
    0.402467    -0.110623    -0.557862
    0.382790    -0.011699    -0.557862
    0.373560     0.064351    -0.545162
    0.373904     0.067202    -0.543200
    0.414266     0.170957    -0.411839
    0.317307     0.450020    -0.304650
    0.281581     0.503486    -0.304650
    0.220463     0.663000    -0.225915
    0.221805     0.693924    -0.187807
    0.223285     0.695403    -0.183532
    0.208918     0.702534    -0.187807
    0.207727     0.702948    -0.188264
    0.200772     0.709132    -0.182008
    0.175590     0.714141    -0.182008
    0.162048     0.715642    -0.183563
    0.086015     0.671733    -0.260496
   -0.049842     0.594857    -0.367850
   -0.161393     0.572668    -0.367850
    0.057544     0.648708    -0.297883
    0.039731     0.635824    -0.317998
   -0.237564     0.504949    -0.436357
   -0.265870     0.458513    -0.484020
   -0.268381     0.456835    -0.484020
   -0.246298     0.486650    -0.457941
   -0.269680     0.454839    -0.485372
   -0.274536     0.453558    -0.478444
   -0.276046     0.434428    -0.497965
   -0.269305     0.446208    -0.496008
   -0.271032     0.441702    -0.498232
   -0.275758     0.434629    -0.498232
   -0.308281     0.390461    -0.474664
   -0.484089    -0.039855    -0.312908
   -0.505480    -0.066306    -0.278175
   -0.392117     0.161241    -0.424827
   -0.638434    -0.296528    -0.045225
   -0.636284    -0.315925    -0.042999
   -0.545352    -0.509785    -0.109828
   -0.552608    -0.504738    -0.103103
   -0.473389    -0.522878    -0.185209
   -0.500886    -0.520708    -0.157149
   -0.472911    -0.521060    -0.188911
   -0.472497    -0.521336    -0.188911
   -0.502710    -0.520648    -0.155091
   -0.121818    -0.543062    -0.292339
   -0.424828    -0.502792    -0.249265
   -0.396383    -0.491852    -0.285009
   -0.385989    -0.488995    -0.295612
   -0.378903    -0.488141    -0.300488
   -0.269725    -0.477467    -0.370239
   -0.267708    -0.477712    -0.370576
   -0.181398    -0.494880    -0.370576
    0.041118    -0.637158    -0.127473
    0.089180    -0.631831    -0.121957
    0.306555    -0.588592    -0.121957
    0.312174    -0.583596    -0.127011
    0.327672    -0.551126    -0.165310
    0.341538    -0.531192    -0.183786
    0.401424    -0.491178    -0.183786
    0.454300    -0.409914    -0.238795
    0.474952    -0.404464    -0.209337
    0.447887    -0.262162    -0.420871
    0.470346    -0.228551    -0.420871
    0.488028    -0.238781    -0.378411
    0.493035    -0.237390    -0.368225
    0.399247    -0.103978    -0.560336
    0.382514    -0.066478    -0.572421
    0.377690    -0.052020    -0.574960
    0.376057    -0.035695    -0.572857
    0.371161    -0.017424    -0.572857
    0.364695     0.049272    -0.559864
    0.281581     0.356573    -0.422210
    0.203098     0.435057    -0.422210
    0.170475     0.530701    -0.371780
    0.166542     0.601845    -0.317998
    0.208430     0.663000    -0.235544
    0.205228     0.690149    -0.205592
   -0.192119     0.471448    -0.491798
   -0.203532     0.455770    -0.506175
   -0.249332     0.443498    -0.506175
   -0.263498     0.442124    -0.503415
   -0.265216     0.443134    -0.501740
   -0.267321     0.446208    -0.497596
   -0.271032     0.437318    -0.501740
   -0.272358     0.435030    -0.501983
   -0.271453     0.435996    -0.502293
   -0.275070     0.407056    -0.507433
   -0.293567     0.338024    -0.507433
   -0.322777     0.241181    -0.494470
   -0.298178     0.291946    -0.513369
   -0.467810    -0.202543    -0.291950
   -0.391235    -0.488325    -0.291950
   -0.386391    -0.488593    -0.295612
   -0.200377    -0.453269    -0.418974
   -0.195857    -0.453707    -0.419854
   -0.188852    -0.455584    -0.419854
   -0.181398    -0.456330    -0.420815
   -0.176320    -0.451926    -0.425238
   -0.121140    -0.425187    -0.445781
   -0.091670    -0.405804    -0.458866
   -0.025917    -0.367911    -0.481964
    0.368878    -0.262126    -0.481964
    0.373321    -0.261695    -0.481098
    0.373328    -0.261689    -0.481101
    0.447413    -0.261689    -0.421817
    0.394459    -0.199734    -0.513767
    0.431906    -0.162287    -0.513767
    0.373692    -0.044483    -0.576479
    0.371102    -0.017610    -0.572941
    0.361574     0.005392    -0.572941
    0.358042     0.049272    -0.563949
    0.230208     0.177107    -0.563949
    0.203098     0.237140    -0.543734
   -0.115200     0.368983    -0.543734
   -0.175849     0.417515    -0.529360
   -0.177873     0.419983    -0.528359
   -0.185329     0.425850    -0.525390
   -0.197418     0.438763    -0.517967
   -0.203532     0.450111    -0.510517
   -0.238327     0.441940    -0.509632
   -0.243012     0.441489    -0.509015
   -0.263498     0.439751    -0.504872
   -0.243280     0.441378    -0.509015
   -0.267253     0.435996    -0.504872
   -0.268695     0.418079    -0.508544
   -0.274285     0.404585    -0.508544
   -0.283847     0.305361    -0.521607
   -0.283363    -0.167780    -0.440629
   -0.385185    -0.488141    -0.296630
   -0.194784    -0.447676    -0.423831
   -0.192734    -0.386577    -0.440629
   -0.189086    -0.431907    -0.431340
   -0.187010    -0.450896    -0.423831
    0.125709    -0.248596    -0.542342
    0.200861    -0.208724    -0.557486
    0.204564    -0.205761    -0.558363
    0.378265    -0.133812    -0.558363
    0.394459    -0.132508    -0.555045
    0.404264    -0.122703    -0.555045
    0.353302    -0.025483    -0.581665
    0.353045    -0.025417    -0.581707
    0.167361     0.160267    -0.581707
    0.079141     0.172731    -0.591680
    0.055376     0.185932    -0.590290
   -0.248955     0.344409    -0.529360
   -0.254472     0.305361    -0.533774
   -0.096281    -0.026607    -0.542342
   -0.126308     0.185932    -0.566370
    0.277289    -0.127717    -0.578212
    0.328512    -0.120480    -0.572421
    0.277289    -0.025417    -0.591680
     1      2      3
     1      3      4
     1      4      5
     1      5      6
     1      6      7
     1      7      8
     8      7      9
     8      9     10
     8     10     11
     8     11     12
     8     12     13
     8     13     14
    14     13     15
    14     15     16
    14     16     17
    14     17     18
    14     18     19
    20     21     22
    20     22     23
    20     23      1
    20      1      8
    20      8     14
    20     14     19
    20     19     24
    20     24     25
    20     25     26
    22     27     28
    22     28     29
    22     29     23
    23     29     30
    23     30      2
    23      2      1
     5     31      6
    32     33     34
    32     34     11
    32     11     10
    32     10     35
    11     34     36
    11     36     37
    11     37     12
    12     37     38
    12     38     39
    12     39     15
    12     15     13
    15     39     40
    15     40     41
    15     41     42
    15     42     43
    15     43     16
    16     43     44
    16     44     45
    16     45     46
    16     46     47
    16     47     17
    46     48     49
    46     49     50
    46     50     47
    19     18     51
    19     51     52
    19     52     53
    19     53     24
    24     53     54
    24     54     55
    24     55     56
    24     56     57
    24     57     58
    24     58     59
    24     59     60
    24     60     25
    58     57     61
    58     61     62
    58     62     63
    58     63     64
    26     25     60
    26     60     65
    66     67     21
    66     21     20
    28     68     30
    28     30     29
     3     69      4
     6     31     70
     6     70      9
     6      9      7
    71     72     33
    71     33     32
    73     36     34
    73     34     33
    73     33     72
    74     75     76
    74     76     38
    74     38     37
    74     37     36
    74     36     73
    38     76     77
    38     77     40
    38     40     39
    40     77     78
    40     78     79
    40     79     80
    40     80     41
    41     80     81
    41     81     82
    41     82     83
    41     83     42
    42     83     44
    42     44     43
    45     84     85
    45     85     48
    45     48     46
    49     48     85
    49     85     86
    49     86     87
    87     86     88
    17     47     50
    17     50     89
    17     89     51
    17     51     18
    52     90     54
    52     54     53
    55     91     92
    55     92     93
    55     93     56
    61     57     56
    61     56     93
    61     93     94
    95     62     61
    95     61     94
    95     94     96
    95     96     97
    98     59     58
    98     58     64
    98     64     99
    65     60     59
    65     59     98
   100    101     27
   100     27     22
   100     22     21
   100     21     67
   102     68     28
   102     28     27
   102     27    101
   103    104     69
   103     69      3
   103      3      2
   103      2     30
   103     30     68
   103     68    102
   103    102    105
     4     69    104
     4    104     70
     4     70     31
     4     31      5
    35     10      9
    35      9     70
    35     70    104
    35    104    103
   106    107    108
   106    108    109
   109    108     74
   109     74     73
   109     73     72
   109     72     71
   110    111    112
   110    112    113
   110    113    107
   110    107    106
   113    114    115
   113    115     75
   113     75     74
   113     74    108
   113    108    107
   115    116     78
   115     78     77
   115     77     76
   115     76     75
    79    117    118
    79    118     81
    79     81     80
   119    120    121
   119    121    118
   119    118    117
   122    121    120
   122    120    123
   122    123    124
   122    124    125
   122    125    126
    81    118    121
    81    121    122
    81    122     82
    44     83     82
    44     82    122
    44    122    126
    44    126    127
    44    127    128
    44    128    129
    44    129     84
    44     84     45
    88     86     85
    88     85     84
    88     84    129
    88    129    130
    88    130    131
   128    132    133
   128    133    134
   128    134    130
   128    130    129
   131    130    134
   131    134    135
   135    134    133
   135    133    136
   137     89     50
   137     50     49
   137     49     87
   137     87     88
   137     88    131
   137    131    135
   137    135    136
   137    136    138
   137    138    139
   137    139    140
   137    140    141
    51     89    137
    51    137    142
    51    142    143
    51    143     90
    51     90     52
   144    145     91
   144     91     55
   144     55     54
   144     54     90
   144     90    143
   144    143    146
    92     91    145
    92    145    147
   148    149    147
   148    147    145
   148    145    144
    94     93     92
    94     92    147
    94    147    149
    94    149    150
    94    150     96
    97     96    150
    97    150    151
    97    151    152
   153     63     62
   153     62     95
   153     95    154
    99     64     63
    99     63    153
    99    153    155
   156    157     66
   156     66     20
   156     20     26
   156     26     65
   156     65     98
   156     98     99
   156     99    155
   156    155    158
   159    160    100
   159    100     67
   159     67     66
   159     66    157
   161    162    163
   161    163    160
   161    160    159
   161    159    164
   165    105    102
   165    102    101
   165    101    100
   165    100    160
   165    160    163
   166    167    168
   166    168    169
   166    169    170
   166    170    171
   166    171    165
   166    165    163
   166    163    162
   166    162    172
   171    173    110
   171    110    106
   171    106    109
   171    109     71
   171     71     32
   171     32     35
   171     35    103
   171    103    105
   171    105    165
   170    174    175
   170    175    176
   170    176    177
   170    177    178
   170    178    179
   170    179    180
   170    180    181
   170    181    182
   170    182    183
   170    183    184
   170    184    173
   170    173    171
   183    185    186
   183    186    184
   184    186    187
   184    187    111
   184    111    110
   184    110    173
   188    189    187
   188    187    186
   188    186    185
   187    189    112
   187    112    111
   190    191    114
   190    114    113
   190    113    112
   190    112    189
   190    189    188
   192    193    116
   192    116    115
   192    115    114
   192    114    191
    78    116    193
    78    193    194
    78    194    195
    78    195    119
    78    119    117
    78    117     79
   195    196    123
   195    123    120
   195    120    119
   123    196    197
   123    197    124
   198    199    200
   198    200    201
   124    197    201
   124    201    200
   124    200    202
   124    202    125
   202    200    199
   202    199    203
   202    203    204
   202    204    205
   202    205    206
   202    206    207
   202    207    208
   202    208    209
   202    209    210
   202    210    211
   202    211    212
   126    125    202
   126    202    212
   126    212    213
   126    213    214
   126    214    215
   126    215    127
   127    215    216
   127    216    217
   127    217    218
   127    218    219
   127    219    220
   127    220    132
   127    132    128
   136    133    132
   136    132    220
   136    220    221
   136    221    138
   220    219    222
   220    222    223
   220    223    221
   138    221    223
   138    223    224
   138    224    139
   223    222    225
   223    225    226
   223    226    227
   223    227    224
   139    224    227
   139    227    228
   139    228    229
   139    229    230
   139    230    231
   139    231    232
   139    232    233
   139    233    140
   141    140    233
   141    233    234
   141    234    235
   141    235    236
   141    236    237
   238    142    137
   238    137    141
   238    141    237
   238    237    239
   238    239    240
   238    240    241
   238    241    242
   146    143    142
   146    142    238
   146    238    243
   146    243    244
   146    244    245
   146    245    246
   146    246    247
   245    244    248
   245    248    249
   250    251    148
   250    148    144
   250    144    146
   250    146    247
   250    247    252
   252    247    246
   252    246    253
   150    149    148
   150    148    251
   150    251    151
   152    151    251
   152    251    250
   254    154     95
   254     95     97
   254     97    152
   254    152    250
   254    250    252
   254    252    253
   254    253    255
   254    255    256
   254    256    257
   158    155    153
   158    153    154
   158    154    254
   158    254    258
   259    260    156
   259    156    158
   259    158    258
   259    258    261
   262    164    159
   262    159    157
   262    157    156
   262    156    260
   263    264    161
   263    161    164
   263    164    262
   172    162    161
   172    161    264
   265    266    168
   265    168    167
   168    266    267
   168    267    268
   168    268    269
   168    269    270
   168    270    169
   269    271    272
   269    272    273
   269    273    270
   169    270    273
   169    273    274
   169    274    275
   169    275    174
   169    174    170
   275    276    175
   275    175    174
   178    277    278
   178    278    179
   179    278    279
   179    279    280
   179    280    180
   180    280    281
   180    281    282
   180    282    181
   181    282    283
   181    283    182
   281    284    285
   281    285    283
   281    283    282
   182    283    285
   182    285    190
   182    190    188
   182    188    185
   182    185    183
   285    284    286
   285    286    287
   285    287    288
   285    288    289
   285    289    192
   285    192    191
   285    191    190
   289    290    194
   289    194    193
   289    193    192
   291    292    293
   291    293    294
   291    294    198
   291    198    201
   291    201    197
   291    197    196
   291    196    195
   291    195    194
   291    194    290
   294    203    199
   294    199    198
   293    295    296
   293    296    204
   293    204    203
   293    203    294
   205    296    295
   205    295    206
   204    296    205
   210    297    298
   210    298    211
   212    211    298
   212    298    299
   212    299    300
   212    300    213
   213    300    301
   213    301    302
   213    302    303
   213    303    304
   213    304    305
   213    305    214
   214    305    306
   214    306    307
   214    307    308
   214    308    216
   214    216    215
   216    308    309
   216    309    310
   216    310    217
   218    311    225
   218    225    222
   218    222    219
   225    311    312
   225    312    313
   225    313    314
   225    314    226
   227    226    314
   227    314    228
   228    314    313
   228    313    229
   231    315    316
   231    316    317
   231    317    232
   233    232    317
   233    317    318
   233    318    234
   237    236    319
   237    319    239
   239    319    320
   239    320    321
   239    321    322
   239    322    323
   239    323    240
   241    240    323
   241    323    324
   241    324    325
   326    243    238
   326    238    242
   326    242    327
   328    329    248
   328    248    244
   328    244    243
   328    243    326
   249    248    329
   249    329    330
   249    330    331
   332    330    329
   332    329    328
   332    328    333
   253    246    245
   253    245    249
   253    249    331
   253    331    255
   255    331    330
   255    330    332
   255    332    256
   261    258    254
   261    254    257
   261    257    334
   261    334    335
   259    261    335
   259    335    336
   259    336    337
   259    337    338
   259    338    339
   259    339    340
   340    341    263
   340    263    262
   340    262    260
   340    260    259
   341    342    343
   341    343    166
   341    166    172
   341    172    264
   341    264    263
   343    344    265
   343    265    167
   343    167    166
   345    267    266
   345    266    265
   345    265    344
   346    347    268
   346    268    267
   346    267    345
   348    349    271
   348    271    269
   348    269    268
   348    268    347
   348    347    350
   351    352    272
   351    272    271
   351    271    349
   273    272    352
   273    352    353
   273    353    354
   273    354    274
   274    354    355
   274    355    276
   274    276    275
   176    356    177
   177    356    357
   177    357    358
   177    358    277
   177    277    178
   358    359    279
   358    279    278
   358    278    277
   360    361    362
   360    362    363
   360    363    359
   360    359    358
   360    358    357
   279    359    363
   279    363    364
   279    364    286
   279    286    284
   279    284    281
   279    281    280
   362    365    366
   362    366    367
   362    367    368
   362    368    364
   362    364    363
   364    368    287
   364    287    286
   287    368    367
   287    367    369
   287    369    370
   287    370    371
   287    371    372
   287    372    288
   288    372    373
   288    373    374
   288    374    291
   288    291    290
   288    290    289
   374    375    292
   374    292    291
   376    207    206
   376    206    295
   376    295    293
   376    293    292
   376    292    375
   377    378    208
   377    208    207
   377    207    376
   208    378    209
   379    301    300
   379    300    299
   379    299    380
   302    301    379
   304    381    306
   304    306    305
   382    383    307
   382    307    306
   382    306    381
   382    381    384
   309    308    307
   309    307    383
   309    383    385
   309    385    386
   387    310    309
   387    309    386
   387    386    388
   387    388    389
   387    389    390
   387    390    391
   392    312    311
   392    311    218
   392    218    217
   392    217    310
   392    310    387
   392    387    393
   229    313    312
   229    312    392
   229    392    394
   229    394    230
   230    394    315
   230    315    231
   317    316    395
   317    395    396
   317    396    318
   234    318    396
   234    396    397
   234    397    235
   320    398    399
   320    399    321
   321    399    400
   321    400    322
   323    322    400
   323    400    401
   323    401    402
   323    402    324
   325    324    402
   325    402    403
   325    403    404
   327    242    241
   327    241    325
   327    325    404
   327    404    405
   327    405    406
   407    406    405
   407    405    408
   407    408    409
   410    333    328
   410    328    326
   410    326    327
   410    327    406
   410    406    407
   335    334    410
   335    410    407
   335    407    409
   335    409    411
   335    411    336
   257    256    332
   257    332    333
   257    333    410
   257    410    334
   337    412    413
   337    413    414
   337    414    415
   337    415    416
   337    416    417
   337    417    418
   337    418    338
   338    418    419
   338    419    420
   338    420    421
   338    421    422
   338    422    423
   338    423    424
   338    424    425
   338    425    339
   339    425    426
   339    426    342
   339    342    341
   339    341    340
   426    427    428
   426    428    429
   426    429    430
   426    430    346
   426    346    345
   426    345    344
   426    344    343
   426    343    342
   430    350    347
   430    347    346
   429    431    348
   429    348    350
   429    350    430
   432    433    351
   432    351    349
   432    349    348
   432    348    431
   434    353    352
   434    352    351
   434    351    433
   435    355    354
   435    354    353
   435    353    434
   175    276    355
   175    355    435
   175    435    436
   175    436    360
   175    360    357
   175    357    356
   175    356    176
   437    438    361
   437    361    360
   437    360    436
   437    436    439
   437    439    440
   441    365    362
   441    362    361
   441    361    438
   442    443    366
   442    366    365
   442    365    441
   442    441    444
   445    446    369
   445    369    367
   445    367    366
   445    366    443
   447    446    445
   447    445    448
   447    448    449
   447    449    450
   370    369    446
   370    446    447
   370    447    451
   452    453    373
   452    373    372
   452    372    371
   452    371    454
   373    453    455
   373    455    377
   373    377    376
   373    376    375
   373    375    374
   456    297    210
   456    210    209
   456    209    378
   456    378    377
   456    377    455
   380    299    298
   380    298    297
   380    297    456
   384    381    304
   384    304    303
   457    385    383
   457    383    382
   457    382    458
   386    385    457
   386    457    388
   459    460    461
   459    461    462
   391    390    463
   391    463    460
   391    460    459
   464    393    387
   464    387    391
   464    391    459
   464    459    462
   464    462    465
   464    465    466
   464    466    467
   464    467    468
   464    468    469
   464    469    470
   464    470    471
   472    395    316
   472    316    315
   472    315    394
   472    394    392
   472    392    393
   472    393    464
   473    397    396
   473    396    395
   473    395    472
   235    397    473
   235    473    474
   235    474    398
   235    398    320
   235    320    319
   235    319    236
   401    400    399
   401    399    398
   401    398    474
   401    474    475
   403    402    401
   403    401    475
   403    475    476
   403    476    477
   403    477    478
   405    404    403
   405    403    478
   405    478    479
   405    479    480
   405    480    408
   480    479    481
   480    481    482
   480    482    483
   409    408    480
   409    480    483
   409    483    484
   409    484    411
   484    483    482
   484    482    413
   484    413    412
   336    411    484
   336    484    412
   336    412    337
   421    485    486
   421    486    487
   421    487    488
   421    488    422
   422    488    489
   422    489    490
   422    490    423
   424    491    427
   424    427    426
   424    426    425
   492    493    494
   492    494    495
   492    495    428
   492    428    427
   492    427    491
   428    495    496
   428    496    432
   428    432    431
   428    431    429
   494    440    439
   494    439    496
   494    496    495
   496    439    436
   496    436    435
   496    435    434
   496    434    433
   496    433    432
   497    444    441
   497    441    438
   497    438    437
   498    499    500
   498    500    501
   498    501    502
   498    502    442
   498    442    444
   498    444    497
   502    448    445
   502    445    443
   502    443    442
   503    449    448
   503    448    502
   503    502    501
   504    450    449
   504    449    503
   504    503    505
   506    507    451
   506    451    447
   506    447    450
   506    450    504
   508    454    371
   508    371    370
   508    370    451
   508    451    507
   508    507    509
   510    458    382
   510    382    384
   510    384    303
   510    303    302
   510    302    379
   510    379    380
   510    380    456
   510    456    455
   510    455    453
   510    453    452
   465    461    460
   465    460    463
   465    463    389
   465    389    388
   465    388    457
   465    457    458
   465    458    510
   465    510    511
   465    511    466
   389    463    390
   466    511    512
   466    512    467
   462    461    465
   469    513    514
   469    514    515
   469    515    470
   471    470    515
   471    515    516
   475    474    473
   475    473    472
   475    472    464
   475    464    471
   475    471    516
   475    516    517
   475    517    518
   475    518    476
   477    476    518
   477    518    519
   477    519    520
   477    520    521
   477    521    522
   481    479    478
   481    478    477
   481    477    522
   481    522    523
   481    523    524
   414    524    523
   414    523    525
   414    525    526
   414    526    415
   413    482    481
   413    481    524
   413    524    414
   417    419    418
   415    526    416
   487    527    528
   487    528    489
   487    489    488
   489    528    529
   489    529    530
   489    530    490
   423    490    530
   423    530    531
   423    531    532
   423    532    492
   423    492    491
   423    491    424
   532    533    534
   532    534    535
   532    535    493
   532    493    492
   535    536    537
   535    537    538
   535    538    498
   535    498    497
   535    497    437
   535    437    440
   535    440    494
   535    494    493
   538    539    540
   538    540    499
   538    499    498
   541    500    499
   541    499    540
   541    540    542
   543    505    503
   543    503    501
   543    501    500
   543    500    541
   544    545    506
   544    506    504
   544    504    505
   544    505    543
   509    507    506
   509    506    545
   509    545    546
   547    548    512
   547    512    511
   547    511    510
   547    510    452
   547    452    454
   547    454    508
   549    513    469
   549    469    468
   549    468    548
   549    548    547
   549    547    550
   549    550    551
   467    512    548
   467    548    468
   552    514    513
   552    513    549
   516    515    514
   516    514    552
   516    552    517
   521    520    553
   521    553    554
   523    522    521
   523    521    554
   523    554    555
   523    555    556
   523    556    557
   523    557    525
   416    526    525
   416    525    557
   416    557    558
   416    558    420
   416    420    419
   416    419    417
   559    529    528
   559    528    527
   530    529    559
   530    559    560
   530    560    561
   530    561    531
   531    561    562
   531    562    563
   531    563    533
   531    533    532
   542    540    539
   542    539    537
   542    537    536
   534    564    544
   534    544    543
   534    543    541
   534    541    542
   534    542    536
   534    536    535
   565    546    545
   565    545    544
   565    544    564
   566    550    547
   566    547    508
   566    508    509
   566    509    546
   566    546    565
   566    565    567
   519    551    550
   519    550    566
   519    566    553
   519    553    520
   518    517    552
   518    552    549
   518    549    551
   518    551    519
   555    568    569
   555    569    556
   557    556    569
   557    569    486
   557    486    485
   557    485    558
   420    558    485
   420    485    421
   570    562    561
   570    561    560
   563    567    565
   563    565    564
   563    564    534
   563    534    533
   554    553    566
   554    566    567
   554    567    563
   554    563    562
   554    562    570
   554    570    568
   554    568    555
   486    569    568
   486    568    570
   486    570    560
   486    560    559
   486    559    527
   486    527    487
   537    539    538
