996 1988
   -0.073999    -0.016431     0.467439
    0.050222    -0.249969     0.478205
    0.051472    -0.249969     0.478082
    0.138069    -0.170823     0.461758
   -0.073999     0.041246     0.461758
   -0.156800     0.248300     0.433210
   -0.291119     0.113981     0.433210
   -0.114243     0.201738     0.441987
    0.031554    -0.400201     0.465247
    0.031554    -0.375590     0.467671
   -0.003641    -0.451259     0.456752
    0.020078    -0.474978     0.456752
    0.028870    -0.439918     0.461071
    0.361722     0.361386     0.333753
    0.324501     0.324165     0.349721
    0.199269    -0.124630     0.444101
    0.274880    -0.092530     0.417131
    0.477561     0.081726     0.333753
    0.143361    -0.168288     0.460471
    0.370536     0.383205     0.326027
    0.347764     0.439396     0.311843
   -0.082104     0.617453     0.311843
   -0.171269     0.624231     0.320991
   -0.188427     0.618257     0.324959
   -0.198080     0.614149     0.327418
   -0.219435     0.602224     0.333718
   -0.237845     0.580812     0.342527
   -0.237845     0.417512     0.392063
   -0.248112     0.580031     0.341473
   -0.339470     0.542190     0.341473
   -0.355467     0.522991     0.345287
   -0.391793     0.465204     0.358252
   -0.392123     0.464228     0.358507
   -0.393070     0.460826     0.359420
   -0.405759     0.431220     0.362201
   -0.406378     0.420035     0.363939
   -0.322018     0.117712     0.427516
   -0.469730     0.267091     0.363939
   -0.475359     0.193042     0.371535
   -0.364035     0.097331     0.417331
   -0.354870     0.097331     0.420111
   -0.011154    -0.453090     0.455216
   -0.357276     0.008412     0.408209
   -0.115176    -0.576069     0.408209
   -0.095959    -0.583857     0.413060
   -0.041505    -0.561859     0.432342
    0.020078    -0.518122     0.449659
   -0.031220    -0.562429     0.433940
    0.003752    -0.552670     0.441294
    0.017475    -0.524020     0.448261
    0.003752    -0.557880     0.439714
   -0.007241    -0.572361     0.433940
   -0.001071    -0.572830     0.434573
    0.002112    -0.565332     0.437247
    0.029666    -0.442771     0.460471
    0.025813    -0.512388     0.449659
    0.546535     0.113223     0.293120
    0.544953     0.135842     0.290727
    0.542027     0.173770     0.286858
    0.537776     0.212344     0.283606
    0.534940     0.222929     0.283606
    0.485817     0.084330     0.329713
    0.528417     0.084330     0.306943
    0.543381     0.098303     0.296944
    0.544419     0.101865     0.295878
    0.531101     0.292247     0.272841
    0.521937     0.314369     0.272841
    0.490088     0.370622     0.276541
    0.473627     0.386724     0.280778
    0.444979     0.513300     0.239215
    0.433432     0.543478     0.231307
    0.354028     0.622883     0.231307
    0.341742     0.672665     0.211964
    0.337236     0.677272     0.210778
    0.299784     0.680468     0.216109
    0.278269     0.682067     0.219274
    0.124267     0.690596     0.243190
    0.117184     0.692494     0.243190
    0.040726     0.697844     0.251281
   -0.074483     0.664262     0.285731
   -0.126271     0.646349     0.302723
   -0.239116     0.600847     0.331635
   -0.273858     0.591538     0.331635
   -0.276084     0.589945     0.332168
   -0.301692     0.575446     0.333852
   -0.309481     0.568917     0.335282
   -0.323151     0.557310     0.337855
   -0.327054     0.553818     0.338667
   -0.338332     0.543709     0.341020
   -0.437562     0.375050     0.358507
   -0.461494     0.331336     0.355986
   -0.478203     0.290997     0.355986
   -0.481919     0.283163     0.355121
   -0.496579     0.228454     0.355121
   -0.499056     0.193042     0.358869
   -0.518112     0.175249     0.346135
   -0.554065     0.117444     0.318639
   -0.594233     0.035726     0.285465
   -0.587009    -0.067526     0.274538
   -0.511897    -0.347848     0.274538
   -0.504841    -0.355531     0.277209
   -0.494315    -0.365914     0.281348
   -0.490926    -0.368677     0.282764
   -0.447399    -0.417317     0.292883
   -0.382467    -0.480831     0.309599
   -0.297416    -0.557027     0.332749
   -0.284746    -0.566522     0.336530
   -0.280259    -0.569511     0.337936
   -0.236856    -0.580223     0.354801
   -0.096070    -0.587112     0.411631
   -0.204512    -0.612567     0.354801
   -0.147448    -0.625482     0.373539
   -0.055241    -0.589373     0.417972
    0.002785    -0.585057     0.428589
    0.005589    -0.605672     0.417972
    0.005589    -0.599513     0.421264
    0.012556    -0.617717     0.410536
    0.012533    -0.617253     0.410787
    0.069842    -0.513891     0.430333
    0.056370    -0.573417     0.410787
    0.332991    -0.256488     0.362588
    0.438599    -0.194125     0.315071
    0.464808    -0.157504     0.306307
    0.527996     0.078320     0.306307
    0.546686     0.113922     0.292882
    0.531451     0.291561     0.272719
    0.464932     0.481309     0.240273
    0.463292     0.485893     0.239215
    0.404167     0.664348     0.184051
    0.394859     0.673656     0.184051
    0.384103     0.676260     0.188256
    0.381852     0.677765     0.188256
    0.377094     0.678846     0.189816
    0.205730     0.687858     0.229243
    0.139297     0.692563     0.238811
    0.121503     0.693351     0.241718
    0.119526     0.693340     0.242114
    0.043715     0.699009     0.249837
   -0.248294     0.604161     0.327418
   -0.259781     0.603348     0.325763
   -0.259867     0.603304     0.325778
   -0.265776     0.598971     0.327787
   -0.502085     0.243702     0.348113
   -0.505726     0.237515     0.346135
   -0.625153     0.001196     0.254452
   -0.654877    -0.061516     0.219821
   -0.651714    -0.103811     0.215513
   -0.633385    -0.195958     0.215513
   -0.632235    -0.212187     0.213175
   -0.598267    -0.258512     0.228924
   -0.564636    -0.295080     0.246337
   -0.445088    -0.420776     0.292883
   -0.428831    -0.439866     0.295485
   -0.249642    -0.600129     0.337936
   -0.234332    -0.610208     0.340634
   -0.219380    -0.613829     0.346480
   -0.177288    -0.641954     0.346480
   -0.146468    -0.648958     0.356579
   -0.131296    -0.662912     0.349355
   -0.112542    -0.664240     0.352056
    0.012924    -0.618935     0.409718
    0.045406    -0.695657     0.352056
    0.042928    -0.685782     0.359756
    0.051233    -0.698161     0.349085
    0.045973    -0.696262     0.351503
    0.048106    -0.698980     0.348925
    0.058682    -0.708449     0.339426
    0.059685    -0.708250     0.339426
    0.059586    -0.707825     0.339791
    0.067838    -0.708525     0.335173
    0.065611    -0.712493     0.333331
    0.069324    -0.710011     0.333331
    0.072288    -0.710927     0.330674
    0.116386    -0.691413     0.307591
    0.125914    -0.685269     0.303562
    0.430616    -0.229249     0.303562
    0.535958     0.007293     0.286586
    0.539135     0.047084     0.292054
    0.539158     0.047410     0.292101
    0.527327    -0.089526     0.273937
    0.539166     0.047452     0.292101
    0.539709     0.051877     0.292378
    0.494925     0.422444     0.240273
    0.415736     0.663593     0.173899
    0.418298     0.672627     0.163010
    0.408439     0.682487     0.163010
    0.406836     0.682167     0.164816
    0.394532     0.678676     0.179646
    0.393927     0.678838     0.179868
    0.391204     0.680226     0.179868
    0.157016     0.692025     0.235453
    0.044641     0.699633     0.248898
   -0.216529     0.632054     0.302723
   -0.219184     0.630830     0.303702
   -0.221891     0.629154     0.305222
   -0.236578     0.620869     0.311253
   -0.286775     0.588272     0.327787
   -0.323298     0.557188     0.337877
   -0.566818     0.156609     0.295540
   -0.607548     0.112352     0.254452
   -0.655665    -0.062407     0.218689
   -0.683381    -0.103566     0.176974
   -0.682240    -0.117526     0.175669
   -0.675786    -0.158276     0.175669
   -0.675783    -0.158282     0.175672
   -0.672556    -0.163495     0.178599
   -0.671517    -0.164624     0.179647
   -0.647217    -0.196804     0.199771
   -0.636363    -0.209225     0.209197
   -0.595072    -0.264783     0.228924
   -0.593472    -0.267070     0.229429
   -0.252342    -0.598926     0.336530
   -0.197001    -0.643706     0.332786
   -0.191003    -0.652238     0.326428
   -0.180441    -0.663112     0.320053
   -0.128655    -0.689498     0.320053
   -0.122451    -0.698143     0.311721
   -0.082781    -0.728098     0.286913
   -0.081040    -0.728841     0.286466
   -0.051386    -0.731378     0.290246
   -0.005670    -0.738618     0.290246
    0.031558    -0.741661     0.293724
    0.035848    -0.740496     0.295971
    0.043034    -0.738180     0.300180
    0.053762    -0.730956     0.311053
    0.060403    -0.725079     0.319495
    0.060403    -0.716069     0.330474
    0.064189    -0.724480     0.319495
    0.066502    -0.722351     0.321643
    0.066934    -0.721518     0.322575
    0.066430    -0.718032     0.326920
    0.066764    -0.714665     0.330630
    0.073844    -0.717997     0.322575
    0.072013    -0.715132     0.326984
    0.076076    -0.718630     0.319885
    0.099689    -0.708111     0.307591
    0.193190    -0.653444     0.261340
    0.420581    -0.400027     0.208060
    0.439510    -0.329295     0.234059
    0.514608    -0.181906     0.234059
    0.530244    -0.119351     0.252910
    0.549888     0.121310     0.285073
    0.542656     0.176239     0.285073
    0.531553     0.291543     0.272547
    0.575923     0.446192     0.073637
    0.503916     0.620033     0.073637
    0.490540     0.665298     0.058917
    0.426167     0.678829     0.146252
    0.492346     0.684312     0.032395
    0.478913     0.701818     0.032395
    0.465315     0.703729     0.052019
    0.445519     0.699391     0.089427
    0.431618     0.694910     0.117475
    0.425047     0.688339     0.136262
    0.420102     0.688921     0.141457
    0.414628     0.686634     0.150700
    0.430300     0.694785     0.119313
    0.397593     0.681746     0.172611
    0.173675     0.692612     0.229809
    0.162090     0.693318     0.231784
    0.047341     0.703389     0.241206
    0.044641     0.702219     0.244060
    0.013224     0.699462     0.241480
   -0.112517     0.682908     0.241480
   -0.125679     0.677386     0.248569
   -0.125786     0.677335     0.248639
   -0.199321     0.641747     0.290532
   -0.238267     0.620169     0.311253
   -0.256993     0.609722     0.316189
   -0.260537     0.607660     0.317278
   -0.266257     0.603595     0.320388
   -0.274120     0.598376     0.322232
   -0.274895     0.597800     0.322507
   -0.284084     0.590623     0.326298
   -0.325930     0.555168     0.337877
   -0.336340     0.546522     0.338941
   -0.338387     0.543702     0.340962
   -0.354981     0.527108     0.340962
   -0.356624     0.525916     0.339785
   -0.405405     0.462343     0.339785
   -0.417535     0.452774     0.328763
   -0.464165     0.390032     0.306485
   -0.529153     0.320963     0.239749
   -0.616190     0.110837     0.239749
   -0.657456     0.063218     0.180739
   -0.678262     0.026279     0.154568
   -0.688573     0.009954     0.139300
   -0.692028    -0.016289     0.139300
   -0.693500    -0.033063     0.140677
   -0.689542    -0.096199     0.163632
   -0.688692    -0.101852     0.166616
   -0.687949    -0.103566     0.168428
   -0.686615    -0.118764     0.167180
   -0.685232    -0.129268     0.167180
   -0.684386    -0.138048     0.166226
   -0.680422    -0.150046     0.169839
   -0.667835    -0.174892     0.178599
   -0.454334    -0.421354     0.277209
   -0.255941    -0.598502     0.332749
   -0.249539    -0.607322     0.326428
   -0.162651    -0.685663     0.299561
   -0.144508    -0.699146     0.293119
   -0.135267    -0.707842     0.284190
   -0.093113    -0.725302     0.284190
   -0.065288    -0.737714     0.275305
   -0.062825    -0.738528     0.274564
   -0.021089    -0.742547     0.279098
   -0.014817    -0.743373     0.279098
    0.017283    -0.746190     0.281733
    0.023768    -0.745036     0.285489
    0.049905    -0.737275     0.300180
    0.058144    -0.732072     0.307885
    0.059385    -0.731373     0.308765
    0.063624    -0.727700     0.314017
    0.074197    -0.723320     0.314017
    0.074825    -0.722730     0.314624
    0.075286    -0.722387     0.314787
    0.105874    -0.707834     0.300361
    0.106571    -0.707300     0.300361
    0.192063    -0.663013     0.251286
    0.239641    -0.656328     0.182620
    0.325707    -0.593854     0.120944
    0.484792    -0.386530     0.120944
    0.485745    -0.385778     0.120078
    0.518796    -0.273931     0.156450
    0.535405    -0.233834     0.156450
    0.548841    -0.184170     0.169539
    0.539949     0.050934     0.291697
    0.539585     0.044957     0.290678
    0.596133     0.159528     0.119622
    0.629113     0.324411    -0.050338
    0.615984     0.440931    -0.050338
    0.602623     0.441339    -0.006444
    0.555475     0.122921     0.267252
    0.587134     0.122921     0.162886
    0.580876     0.448454     0.057504
    0.618709     0.534404    -0.168000
    0.601571     0.583382    -0.168000
    0.595777     0.595146    -0.162430
    0.584855     0.615553    -0.149871
    0.572059     0.636474    -0.131690
    0.569216     0.641435    -0.129530
    0.568518     0.642383    -0.128694
    0.542476     0.675776    -0.095245
    0.504148     0.692470    -0.009193
    0.541437     0.677428    -0.095245
    0.528938     0.691286    -0.083523
    0.514397     0.701044    -0.057527
    0.506619     0.702815    -0.036922
    0.502496     0.699890    -0.018498
    0.493002     0.703383    -0.002810
    0.484132     0.703983     0.016553
    0.479937     0.702843     0.028226
    0.505737     0.703154    -0.035505
    0.468216     0.705452     0.042927
    0.471031     0.706139     0.035335
    0.468287     0.705692     0.042048
    0.432679     0.699993     0.102347
    0.431168     0.704610     0.088771
    0.326941     0.715306     0.098069
    0.209196     0.728572     0.098069
    0.113798     0.737318     0.104674
    0.070912     0.728740     0.148881
    0.047341     0.722945     0.176738
   -0.035761     0.713582     0.176738
   -0.046991     0.710666     0.182181
   -0.051292     0.709015     0.186026
   -0.076914     0.699559     0.204715
   -0.097286     0.690429     0.224531
   -0.204490     0.639201     0.292979
   -0.216446     0.632801     0.300337
   -0.219709     0.630805     0.303173
   -0.274295     0.598266     0.322232
   -0.344047     0.540661     0.334115
   -0.360055     0.524654     0.334115
   -0.404855     0.486396     0.298555
   -0.411936     0.477924     0.297219
   -0.505502     0.374191     0.209473
   -0.542638     0.315090     0.209473
   -0.624316     0.210356     0.104564
   -0.652894     0.160494     0.082855
   -0.692869     0.014977     0.119195
   -0.692684     0.008609     0.127211
   -0.660783     0.147596     0.071645
   -0.680937     0.090001     0.071645
   -0.685095     0.075333     0.074881
   -0.687303     0.061569     0.083541
   -0.693736    -0.004748     0.129380
   -0.693104     0.004510     0.127577
   -0.693727    -0.002891     0.128658
   -0.693736    -0.027996     0.138015
   -0.687957    -0.109862     0.166061
   -0.686807    -0.120066     0.166061
   -0.684611    -0.137440     0.165783
   -0.685284    -0.134910     0.164737
   -0.679121    -0.154634     0.168827
   -0.675464    -0.165084     0.168827
   -0.672699    -0.172773     0.167677
   -0.673466    -0.171435     0.167094
   -0.651700    -0.214851     0.150859
   -0.579527    -0.329715     0.150859
   -0.565061    -0.355823     0.138039
   -0.545659    -0.379036     0.141701
   -0.527726    -0.394349     0.155935
   -0.262577    -0.652311     0.174726
   -0.228099    -0.665592     0.230143
   -0.292587    -0.629489     0.155935
   -0.211500    -0.674789     0.238293
   -0.171853    -0.699701     0.238293
   -0.140122    -0.715536     0.250976
   -0.131282    -0.716990     0.263649
   -0.106925    -0.724655     0.270292
   -0.088013    -0.731272     0.270292
   -0.056107    -0.741007     0.269664
   -0.022282    -0.744478     0.272681
   -0.011093    -0.745739     0.272681
    0.010829    -0.747749     0.274199
    0.011446    -0.747625     0.274835
    0.046959    -0.742423     0.285489
    0.047378    -0.742203     0.286060
    0.048469    -0.741664     0.287274
    0.070926    -0.730832     0.297152
    0.071719    -0.733529     0.287274
    0.153783    -0.720025     0.169622
    0.210113    -0.684630     0.169622
    0.234121    -0.671328     0.157833
    0.363313    -0.621563    -0.049815
    0.380843    -0.608232    -0.060791
    0.435689    -0.553386    -0.060791
    0.449639    -0.541473    -0.071864
    0.461247    -0.527586    -0.074055
    0.471154    -0.509704    -0.065274
    0.497007    -0.393564     0.080391
    0.489652    -0.480266    -0.065274
    0.497658    -0.465095    -0.060556
    0.517308    -0.425720    -0.044819
    0.524575    -0.381556     0.018496
    0.529161    -0.366982     0.022471
    0.553498    -0.182646     0.155845
    0.546102    -0.318566     0.022471
    0.556402    -0.282234     0.030486
    0.561598    -0.103715     0.162886
    0.641305     0.324555    -0.173982
    0.641305     0.378718    -0.228145
    0.636189     0.430660    -0.228145
    0.629339     0.495831    -0.223768
    0.629339     0.324555    -0.052492
    0.628752     0.501040    -0.223768
    0.626062     0.516214    -0.215068
    0.622912     0.530621    -0.201517
    0.618818     0.534476    -0.169036
    0.621918     0.533897    -0.201517
    0.620054     0.539679    -0.200289
    0.615296     0.552396    -0.190295
    0.607996     0.569395    -0.179842
    0.577617     0.628269    -0.144900
    0.572052     0.637214    -0.136064
    0.546498     0.671902    -0.105745
    0.543562     0.675590    -0.101656
    0.531944     0.688759    -0.093225
    0.528140     0.692563    -0.086129
    0.524997     0.695337    -0.084117
    0.514929     0.701624    -0.063571
    0.517832     0.701217    -0.084117
    0.516910     0.701904    -0.083400
    0.514724     0.703373    -0.080016
    0.514351     0.702292    -0.065585
    0.507305     0.705120    -0.055013
    0.507256     0.705111    -0.054755
    0.507164     0.707414    -0.080016
    0.474631     0.711523    -0.016048
    0.503075     0.709130    -0.085303
    0.493699     0.712154    -0.087293
    0.466175     0.720503    -0.087293
    0.465840     0.720576    -0.087608
    0.394873     0.728572    -0.087608
    0.378051     0.730340    -0.088738
    0.287676     0.739242    -0.088738
    0.237903     0.741568    -0.062583
    0.113798     0.741568     0.061523
    0.084430     0.738675     0.061523
    0.079269     0.738133     0.061869
    0.033563     0.728740     0.111532
   -0.058184     0.707270     0.182181
   -0.059742     0.706767     0.182511
   -0.267924     0.603019     0.317278
   -0.347878     0.538269     0.326298
   -0.402621     0.489974     0.291253
   -0.442126     0.450469     0.217554
   -0.506538     0.377457     0.170814
   -0.518315     0.363107     0.170814
   -0.615065     0.233406     0.069979
   -0.643567     0.190984     0.004307
   -0.667230     0.146714     0.004307
   -0.671778     0.135879     0.018316
   -0.672143     0.134749     0.018556
   -0.673320     0.130867     0.018556
   -0.679338     0.103348     0.044441
   -0.693104     0.010427     0.121659
   -0.687957    -0.111391     0.164532
   -0.689366    -0.097990     0.163632
   -0.685332    -0.134692     0.164532
   -0.678617    -0.157199     0.165783
   -0.674320    -0.170525     0.162954
   -0.632734    -0.262105     0.079959
   -0.669186    -0.182755     0.147141
   -0.626773    -0.274571     0.067588
   -0.595525    -0.329468     0.046126
   -0.462902    -0.511550    -0.128728
   -0.563259    -0.377492    -0.028216
   -0.520611    -0.437834    -0.099723
   -0.490057    -0.478793    -0.131567
   -0.464423    -0.510028    -0.131567
   -0.437224    -0.534203    -0.112290
   -0.408321    -0.557211    -0.080249
   -0.333930    -0.610548     0.000006
   -0.249815    -0.667062     0.130219
   -0.388941    -0.571667    -0.065183
   -0.233066    -0.675132     0.146448
   -0.249163    -0.667434     0.130474
   -0.172629    -0.702895     0.197617
   -0.138184    -0.717354     0.242155
   -0.105963    -0.727745     0.248996
   -0.055245    -0.743130     0.248996
   -0.054743    -0.743240     0.249469
   -0.053828    -0.743427     0.250462
   -0.031835    -0.745739     0.251939
    0.010829    -0.749941     0.251939
    0.050438    -0.747625     0.235843
    0.050329    -0.749941     0.212439
    0.051079    -0.748077     0.230612
    0.150884    -0.728464     0.112202
    0.086085    -0.745957     0.136230
    0.133272    -0.736259     0.084958
    0.150638    -0.732462     0.068623
    0.156352    -0.723333     0.137086
    0.334233    -0.652038    -0.130954
    0.334608    -0.651787    -0.130374
    0.176895    -0.723307     0.013629
    0.229138    -0.703035    -0.072605
    0.274465    -0.684008    -0.131214
    0.280315    -0.681321    -0.136166
    0.320900    -0.659628    -0.136166
    0.341822    -0.646405    -0.124765
    0.392309    -0.603002    -0.104273
    0.399800    -0.596393    -0.099478
    0.353205    -0.637063    -0.124765
    0.355903    -0.634752    -0.123754
    0.402140    -0.594053    -0.099478
    0.403890    -0.592204    -0.098941
    0.446642    -0.546272    -0.081657
    0.449850    -0.542317    -0.081259
    0.461379    -0.527471    -0.074454
    0.473602    -0.508019    -0.074454
    0.478803    -0.499438    -0.073195
    0.479546    -0.498133    -0.072684
    0.517293    -0.426669    -0.050370
    0.518133    -0.424841    -0.048822
    0.534293    -0.378658    -0.048822
    0.545008    -0.345429    -0.055877
    0.567288    -0.271983    -0.055877
    0.576450    -0.230079    -0.095292
    0.594492    -0.128304    -0.153640
    0.595527    -0.122002    -0.156529
    0.596133    -0.116623    -0.156529
    0.623448     0.143257    -0.173982
    0.640184     0.382994    -0.235248
    0.636505     0.423127    -0.232470
    0.636189     0.426883    -0.231921
    0.641039     0.378718    -0.230841
    0.631642     0.471193    -0.227969
    0.628739     0.500590    -0.224334
    0.624048     0.523318    -0.213501
    0.623855     0.524041    -0.213210
    0.621281     0.532223    -0.210978
    0.603632     0.578142    -0.176346
    0.596972     0.592170    -0.166895
    0.579090     0.624444    -0.151048
    0.550295     0.665823    -0.118150
    0.537989     0.678128    -0.118150
    0.528077     0.689736    -0.108937
    0.526415     0.692212    -0.104509
    0.522803     0.695471    -0.101453
    0.512572     0.701899    -0.101453
    0.507958     0.705497    -0.096832
    0.505360     0.706987    -0.095701
    0.504867     0.707142    -0.095835
    0.486499     0.713569    -0.095835
    0.482652     0.714659    -0.096684
    0.466974     0.719840    -0.091963
    0.466299     0.720089    -0.091471
    0.381291     0.728813    -0.099055
    0.367734     0.730340    -0.099055
    0.302093     0.736358    -0.103599
    0.206351     0.738675    -0.060398
    0.076842     0.735555     0.041421
    0.189701     0.736799    -0.060398
    0.155290     0.733268    -0.057328
    0.056718     0.729850     0.045860
   -0.072924     0.684487     0.045860
   -0.077376     0.690220     0.102254
   -0.076311     0.681407     0.039569
   -0.347553     0.510974     0.039569
   -0.352754     0.506283     0.035169
   -0.443433     0.384305    -0.134947
   -0.600108     0.227630    -0.134947
   -0.402237     0.432545    -0.096656
   -0.606399     0.219356    -0.140127
   -0.640440     0.189907    -0.037421
   -0.650640     0.164494    -0.075551
   -0.614597     0.198076    -0.174330
   -0.620385     0.188864    -0.174330
   -0.622231     0.186834    -0.170558
   -0.632899     0.177487    -0.138864
   -0.653601     0.160803    -0.064420
   -0.666797     0.146740    -0.000416
   -0.668158     0.139813    -0.008635
   -0.671722     0.132372     0.005878
   -0.679338     0.101395     0.042488
   -0.689366    -0.075674     0.141316
   -0.682406    -0.137447     0.141316
   -0.673562    -0.160486     0.120721
   -0.649260    -0.207403     0.059728
   -0.625152    -0.276298     0.059728
   -0.655095    -0.195586     0.072878
   -0.483359    -0.479986    -0.170895
   -0.477022    -0.490070    -0.170895
   -0.489859    -0.471650    -0.162546
   -0.472625    -0.494945    -0.175018
   -0.463673    -0.509279    -0.145766
   -0.470912    -0.496094    -0.178081
   -0.468381    -0.498626    -0.178081
   -0.459470    -0.511904    -0.154343
   -0.443472    -0.526981    -0.134081
   -0.453584    -0.517213    -0.149364
   -0.405616    -0.556504    -0.096161
   -0.264587    -0.652960     0.060270
   -0.097422    -0.715098     0.088455
   -0.089602    -0.719212     0.099113
   -0.122749    -0.702591     0.060270
   -0.071068    -0.726326     0.115681
    0.079045    -0.743240     0.115681
    0.086085    -0.743885     0.115194
    0.124209    -0.736259     0.075895
    0.264749    -0.685979    -0.142059
    0.265077    -0.685853    -0.142352
    0.278310    -0.678890    -0.160390
    0.285637    -0.676327    -0.160390
    0.287092    -0.675437    -0.161654
    0.308078    -0.664963    -0.153266
    0.310664    -0.663736    -0.151524
    0.332795    -0.651526    -0.140314
    0.335617    -0.650439    -0.135778
    0.332159    -0.651826    -0.140969
    0.478883    -0.499290    -0.073188
    0.543444    -0.343560    -0.073037
    0.547851    -0.330965    -0.073037
    0.597412    -0.066742    -0.195062
    0.623289     0.185420    -0.217557
    0.623448     0.186832    -0.217557
    0.639881     0.382994    -0.236247
    0.638221     0.401912    -0.234694
    0.636461     0.422833    -0.232722
    0.634556     0.440612    -0.231383
    0.632071     0.466427    -0.228579
    0.631970     0.467507    -0.228450
    0.628273     0.501839    -0.224430
    0.624381     0.516225    -0.220639
    0.620204     0.526309    -0.220639
    0.618039     0.533635    -0.218256
    0.617728     0.534053    -0.218405
    0.609680     0.550969    -0.210427
    0.583041     0.585686    -0.210427
    0.572731     0.605589    -0.199002
    0.568505     0.617522    -0.187648
    0.566903     0.628928    -0.171187
    0.552029     0.649418    -0.156504
    0.542920     0.664728    -0.140293
    0.524137     0.688537    -0.118658
    0.523061     0.690852    -0.115229
    0.513441     0.699904    -0.105934
    0.497041     0.707509    -0.103710
    0.502458     0.704453    -0.105934
    0.492946     0.709258    -0.102658
    0.489065     0.711047    -0.101228
    0.401172     0.726177    -0.099112
    0.381224     0.728803    -0.099112
    0.302093     0.735748    -0.105609
    0.278051     0.728446    -0.120751
    0.258000     0.726686    -0.119105
    0.297318     0.733679    -0.110656
    0.148417     0.712259    -0.119105
    0.142142     0.708296    -0.124974
    0.090336     0.679116    -0.161676
   -0.073379     0.671439     0.003062
    0.069273     0.660863    -0.187779
    0.014121     0.626714    -0.218745
   -0.048088     0.591622    -0.244289
   -0.121365     0.561269    -0.244289
   -0.237604     0.477409    -0.277743
   -0.270058     0.461968    -0.262437
   -0.150295     0.534049    -0.272241
   -0.180714     0.511442    -0.283042
   -0.224465     0.484687    -0.280767
   -0.466573     0.320725    -0.240455
   -0.466737     0.320625    -0.240394
   -0.466893     0.320544    -0.240304
   -0.324462     0.420223    -0.262437
   -0.589715     0.201563    -0.230263
   -0.589895     0.201410    -0.230191
   -0.591565     0.200198    -0.228995
   -0.608701     0.193893    -0.200679
   -0.556730     0.230707    -0.240304
   -0.603015     0.186100    -0.227540
   -0.604292     0.185092    -0.226380
   -0.605509     0.184527    -0.224577
   -0.610082     0.187688    -0.208461
   -0.595002     0.195719    -0.228995
   -0.611475     0.187082    -0.205334
   -0.614108     0.187050    -0.197256
   -0.614303     0.187076    -0.196603
   -0.605568     0.184384    -0.224577
   -0.612692     0.177487    -0.205476
   -0.604495     0.180644    -0.229387
   -0.604483     0.180516    -0.229477
   -0.604622     0.179070    -0.229634
   -0.605118     0.175304    -0.229634
   -0.601585     0.167149    -0.238253
   -0.601437     0.166797    -0.238609
   -0.531319    -0.115873    -0.339717
   -0.513418    -0.251846    -0.339717
   -0.601081     0.166107    -0.239423
   -0.597521     0.156903    -0.246639
   -0.594760     0.148336    -0.251656
   -0.578615     0.085342    -0.275784
   -0.551715    -0.021361    -0.315279
   -0.507752    -0.260817    -0.348107
   -0.499019    -0.276323    -0.359092
   -0.453702    -0.479409    -0.252792
   -0.465677    -0.487687    -0.210594
   -0.474961    -0.304084    -0.393495
   -0.428739    -0.415673    -0.393495
   -0.430021    -0.429167    -0.374672
   -0.430820    -0.433245    -0.367857
   -0.438710    -0.457724    -0.318465
   -0.442370    -0.468077    -0.296692
   -0.465332    -0.492134    -0.203021
   -0.464977    -0.490830    -0.206653
   -0.454427    -0.480280    -0.249583
   -0.464800    -0.493580    -0.200633
   -0.463779    -0.493807    -0.201914
   -0.221686    -0.565129    -0.281238
   -0.234157    -0.554322    -0.296692
   -0.155532    -0.602391    -0.234369
    0.243513    -0.654845    -0.234620
    0.257683    -0.662518    -0.216775
   -0.153227    -0.602613    -0.234620
    0.258244    -0.662761    -0.216181
    0.262440    -0.666007    -0.207038
    0.264749    -0.674017    -0.181490
    0.278397    -0.676038    -0.169759
    0.277403    -0.673121    -0.179126
    0.278539    -0.675607    -0.171027
    0.267612    -0.667491    -0.200386
    0.287025    -0.675209    -0.162488
    0.287516    -0.674081    -0.165019
    0.305452    -0.665548    -0.156560
    0.311976    -0.660542    -0.156560
    0.327552    -0.652474    -0.147619
    0.450593    -0.538978    -0.085447
    0.435743    -0.550693    -0.098941
    0.508135    -0.400297    -0.105381
    0.544951    -0.311417    -0.105381
    0.594409    -0.056274    -0.208525
    0.617058     0.178920    -0.234077
    0.620443     0.204639    -0.234077
    0.632993     0.347625    -0.245817
    0.638149     0.375295    -0.239098
    0.639742     0.382674    -0.236586
    0.633637     0.448113    -0.230913
    0.619841     0.518339    -0.227360
    0.610535     0.535565    -0.228164
    0.618107     0.520703    -0.228164
    0.591624     0.554842    -0.234829
    0.584896     0.569945    -0.226966
    0.606163     0.538639    -0.231422
    0.579962     0.574878    -0.226966
    0.573596     0.588335    -0.218520
    0.564531     0.623177    -0.183435
    0.552197     0.648621    -0.157585
    0.523570     0.688511    -0.119136
    0.398246     0.725431    -0.101228
    0.219032     0.688704    -0.180567
    0.213359     0.683684    -0.187779
   -0.123459     0.534709    -0.291422
   -0.129825     0.533118    -0.289504
   -0.158924     0.518291    -0.289504
   -0.170232     0.514247    -0.286894
   -0.556518     0.230844    -0.240394
   -0.604152     0.182017    -0.228973
   -0.604059     0.182200    -0.228973
   -0.604042     0.179691    -0.230477
   -0.499038    -0.226620    -0.372833
   -0.475492    -0.294694    -0.395168
   -0.473978    -0.304257    -0.395168
   -0.427098    -0.369325    -0.431724
   -0.420534    -0.380479    -0.435290
   -0.420432    -0.380888    -0.435167
   -0.421657    -0.407819    -0.412455
   -0.426132    -0.414498    -0.399171
   -0.471196    -0.307279    -0.397974
   -0.458763    -0.323745    -0.408271
   -0.414499    -0.402177    -0.427699
   -0.412643    -0.396175    -0.435167
   -0.414285    -0.401963    -0.428191
   -0.425882    -0.416620    -0.396942
   -0.429822    -0.437993    -0.361417
   -0.403365    -0.398865    -0.441353
   -0.376602    -0.406027    -0.451190
   -0.323373    -0.433149    -0.451190
   -0.277640    -0.444579    -0.464971
   -0.250190    -0.465307    -0.447806
   -0.249685    -0.465772    -0.447337
    0.033632    -0.542403    -0.391766
    0.046872    -0.548546    -0.384686
    0.051099    -0.550549    -0.382351
   -0.118191    -0.486598    -0.447337
   -0.090301    -0.496245    -0.438186
   -0.086175    -0.497675    -0.436827
    0.013470    -0.533289    -0.402125
    0.185953    -0.604454    -0.314717
    0.212366    -0.616702    -0.298308
    0.216702    -0.619432    -0.294269
    0.229077    -0.627765    -0.281727
    0.239374    -0.639916    -0.261531
    0.241576    -0.642717    -0.256833
    0.243513    -0.651093    -0.241640
    0.071401    -0.558466    -0.372539
    0.252123    -0.653287    -0.235415
    0.258222    -0.662450    -0.216769
    0.250659    -0.650129    -0.241346
    0.266875    -0.665857    -0.203944
    0.262050    -0.662624    -0.213542
    0.252645    -0.650692    -0.238952
    0.312212    -0.591126    -0.238952
    0.336114    -0.579819    -0.223952
    0.345164    -0.569733    -0.221831
    0.348412    -0.557597    -0.226292
    0.501611    -0.256926    -0.226292
    0.512554    -0.213144    -0.239485
    0.527398    -0.181851    -0.236033
    0.590584    -0.058205    -0.214075
    0.591681    -0.056753    -0.213166
    0.607130     0.123872    -0.236193
    0.613224     0.173590    -0.239307
    0.615214     0.186154    -0.239307
    0.626625     0.325777    -0.252350
    0.633181     0.450403    -0.230913
    0.605919     0.535904    -0.233322
    0.612205     0.527121    -0.231220
    0.599896     0.540815    -0.235838
    0.590473     0.554917    -0.235838
    0.583699     0.560771    -0.236702
    0.580396     0.568237    -0.232794
    0.588823     0.555647    -0.236702
    0.568041     0.587841    -0.222380
    0.563594     0.579463    -0.232794
    0.543574     0.576847    -0.240213
    0.259716     0.633310    -0.240213
    0.558468     0.575793    -0.238067
    0.213359     0.636777    -0.244935
    0.151986     0.581820    -0.300055
   -0.124099     0.526008    -0.301062
   -0.124308     0.526158    -0.300846
    0.151154     0.580760    -0.301062
   -0.208793     0.488481    -0.286894
   -0.556402     0.230895    -0.240455
   -0.603894     0.180343    -0.230263
   -0.594769     0.149759    -0.251371
   -0.596651     0.155541    -0.247961
   -0.594565     0.152628    -0.250958
   -0.470443    -0.304965    -0.399338
   -0.411864    -0.388732    -0.440473
   -0.412519    -0.396096    -0.435358
   -0.416528    -0.383661    -0.438059
   -0.408305    -0.390327    -0.442761
   -0.404083    -0.396647    -0.442761
   -0.403492    -0.396908    -0.443070
   -0.395508    -0.394442    -0.450228
   -0.367077    -0.397329    -0.465011
   -0.347735    -0.402012    -0.472574
   -0.345821    -0.403291    -0.472574
   -0.292369    -0.415439    -0.490088
   -0.279556    -0.427223    -0.483987
   -0.279336    -0.427500    -0.483796
   -0.247400    -0.433852    -0.483796
   -0.206731    -0.451155    -0.473437
   -0.144331    -0.474182    -0.457421
   -0.119927    -0.485745    -0.448041
   -0.156603    -0.468609    -0.461844
    0.225498    -0.622296    -0.289081
    0.228992    -0.627175    -0.282462
    0.222234    -0.619623    -0.292818
    0.225210    -0.621754    -0.289756
    0.221769    -0.619400    -0.293173
    0.231366    -0.627387    -0.280813
    0.227704    -0.620087    -0.289756
    0.231909    -0.619069    -0.288112
    0.242653    -0.608325    -0.288112
    0.276210    -0.593477    -0.270547
    0.319219    -0.529109    -0.270547
    0.343470    -0.502009    -0.264909
    0.486058    -0.250167    -0.248345
    0.601380     0.094251    -0.236033
    0.601689     0.096521    -0.236193
    0.624242     0.320931    -0.254317
    0.632941     0.449735    -0.231220
    0.588152     0.547750    -0.241122
    0.576390     0.547161    -0.247494
    0.564417     0.559134    -0.247494
    0.559113     0.560334    -0.249235
    0.202147     0.416475    -0.424222
    0.196310     0.416798    -0.425129
    0.149685     0.429291    -0.425129
    0.151154     0.435147    -0.420563
    0.526811     0.536210    -0.273185
    0.280869     0.430474    -0.398584
    0.140591     0.419553    -0.431637
   -0.121337     0.514133    -0.311258
   -0.119479     0.476354    -0.339224
   -0.122713     0.481175    -0.335069
    0.124424     0.391606    -0.448890
    0.028437     0.365886    -0.448890
   -0.466553     0.129281    -0.339224
   -0.516028     0.131756    -0.312424
   -0.549917     0.154492    -0.283214
   -0.549827     0.005618    -0.312424
   -0.415322    -0.380321    -0.439594
   -0.402852    -0.387535    -0.447292
   -0.402034    -0.390589    -0.447292
   -0.338523    -0.395900    -0.480478
   -0.329211    -0.398198    -0.484097
   -0.327145    -0.400264    -0.484097
   -0.299845    -0.406443    -0.493061
   -0.292953    -0.413490    -0.491247
   -0.292412    -0.414405    -0.490835
   -0.268412    -0.423199    -0.489108
   -0.274833    -0.419115    -0.490835
   -0.250138    -0.432323    -0.484603
    0.053426    -0.550912    -0.381673
    0.242314    -0.604334    -0.290346
    0.235038    -0.606130    -0.293173
    0.616911     0.314085    -0.259216
    0.471464     0.314085    -0.336959
    0.550477     0.537017    -0.262797
    0.345530     0.274366    -0.398584
    0.125565     0.385539    -0.451341
    0.122944     0.386624    -0.451341
    0.124424     0.391320    -0.449043
    0.075127     0.332787    -0.473269
    0.035959     0.346669    -0.460239
    0.100215     0.360188    -0.462216
    0.058028     0.305920    -0.481832
    0.041173     0.284335    -0.488152
    0.038130     0.283075    -0.488152
   -0.071270     0.121847    -0.510149
   -0.080804     0.112313    -0.510149
   -0.084077     0.110986    -0.509323
   -0.451894     0.123542    -0.347881
    0.026864     0.255275    -0.495169
    0.014093     0.234786    -0.498445
   -0.285141    -0.346943    -0.504396
   -0.235518    -0.254625    -0.509323
   -0.270310    -0.321172    -0.506195
   -0.291351    -0.361052    -0.503098
   -0.294438    -0.366620    -0.502245
   -0.309034    -0.379169    -0.496241
   -0.335559    -0.387535    -0.483261
   -0.301543    -0.397254    -0.496241
   -0.301385    -0.397318    -0.496281
   -0.299678    -0.401531    -0.495217
   -0.284994    -0.410669    -0.493895
   -0.288521    -0.406152    -0.495217
    0.322220     0.212098    -0.402125
    0.325654     0.257277    -0.406760
    0.044455     0.257277    -0.492061
    0.032368     0.251488    -0.495000
    0.027684     0.256172    -0.495000
   -0.079680     0.108285    -0.510996
   -0.214088    -0.216205    -0.510996
   -0.294011    -0.372935    -0.501581
   -0.300594    -0.396526    -0.496620
   -0.293853    -0.371031    -0.501868
   -0.294011    -0.394689    -0.498004
   -0.170730    -0.454481    -0.467904
   -0.221538    -0.272400    -0.506195
     1      2      3
     1      3      4
     1      4      5
     6      7      1
     6      1      5
     6      5      8
     9     10     11
     9     11     12
     9     12     13
     3      2     10
     3     10      9
    14     15     16
    14     16     17
    14     17     18
     8      5      4
     8      4     19
     8     19     16
     8     16     15
    20     21     22
    20     22     23
    20     23     24
    20     24     25
    20     25     26
    20     26     27
    20     27     28
    20     28      6
    20      6      8
    20      8     15
    20     15     14
    27     29     30
    27     30     31
    27     31     32
    27     32     33
    27     33     34
    27     34     28
    28     34     35
    28     35     36
    28     36     37
    28     37      7
    28      7      6
    36     38     39
    36     39     40
    36     40     41
    36     41     37
    42     41     40
    42     40     43
    42     43     44
    42     44     45
    42     45     46
    47     12     11
    47     11     42
    47     42     46
    47     46     48
    47     48     49
    47     49     50
    51     49     48
    51     48     52
    51     52     53
    51     53     54
    50     49     51
    55     13     12
    55     12     47
    55     47     56
    19      4      3
    19      3      9
    19      9     13
    19     13     55
    57     58     59
    57     59     60
    57     60     61
    57     61     62
    57     62     63
    57     63     64
    57     64     65
    61     66     67
    61     67     68
    61     68     69
    61     69     20
    61     20     14
    61     14     18
    61     18     62
    69     70     71
    69     71     72
    69     72     21
    69     21     20
    72     73     74
    72     74     75
    72     75     76
    72     76     77
    72     77     22
    72     22     21
    22     77     78
    22     78     79
    22     79     80
    22     80     81
    22     81     23
    26     82     83
    26     83     84
    26     84     29
    26     29     27
    84     85     86
    84     86     87
    84     87     88
    84     88     89
    84     89     30
    84     30     29
    35     90     91
    35     91     92
    35     92     38
    35     38     36
    92     93     94
    92     94     95
    92     95     39
    92     39     38
    39     95     96
    39     96     97
    39     97     98
    39     98     99
    39     99    100
    39    100    101
    39    101    102
    39    102    103
    39    103     43
    39     43     40
    43    103    104
    43    104    105
    43    105    106
    43    106    107
    43    107    108
    43    108    109
    43    109     44
   110     45     44
   110     44    109
   110    109    111
   110    111    112
    46     45    110
    46    110    113
    46    113     52
    46     52     48
   114     53     52
   114     52    113
   114    113    115
   114    115    116
   116    115    117
   116    117    118
    54     53    114
   119     56     47
   119     47     50
   119     50     51
   119     51     54
   119     54    114
   119    114    116
   119    116    118
   119    118    120
    17     16     19
    17     19     55
    17     55     56
    17     56    119
    17    119    121
    62     18     17
    62     17    121
    62    121    122
    62    122    123
    62    123    124
    62    124     63
   125     58     57
    60    126     66
    60     66     61
    68    127    128
    68    128     70
    68     70     69
    71    129    130
    71    130    131
    71    131     73
    71     73     72
   131    132    133
   131    133     74
   131     74     73
    76    134    135
    76    135    136
    76    136    137
    76    137     78
    76     78     77
    78    137    138
    78    138     79
    25    139     82
    25     82     26
   140    141    142
   140    142     83
   140     83     82
   140     82    139
   143     94     93
   144     96     95
   144     95     94
   144     94    143
    98    145    146
    98    146    147
    98    147    148
    98    148     99
    99    148    149
    99    149    150
    99    150    151
    99    151    100
   104    152    153
   104    153    105
   109    108    154
   109    154    155
   109    155    156
   109    156    111
   112    111    156
   112    156    157
   112    157    158
   117    115    113
   117    113    110
   117    110    112
   117    112    158
   117    158    159
   117    159    160
   117    160    161
   161    160    162
   161    162    163
   164    165    166
   164    166    167
   164    167    168
   164    168    169
   163    162    165
   163    165    164
   170    169    168
   170    168    171
   170    171    172
   120    118    117
   120    117    161
   120    161    163
   120    163    164
   120    164    169
   120    169    170
   122    121    119
   122    119    120
   122    120    170
   122    170    172
   122    172    173
   122    173    174
   122    174    175
   122    175    176
   177    178    179
   177    179    124
   177    124    123
   177    123    180
    63    124    179
    63    179    181
    63    181    182
    63    182     64
   183    127     68
   183     68     67
   184    129     71
   184     71     70
   184     70    128
   185    186    187
   185    187    188
   185    188    130
   185    130    129
   185    129    184
   188    189    132
   188    132    131
   188    131    130
   133    132    189
   133    189    190
   191    135    134
   136    192    138
   136    138    137
    23     81    193
    23    193    194
    23    194    195
    23    195     24
    24    195    196
    24    196    140
    24    140    139
    24    139     25
    83    142    197
    83    197     85
    83     85     84
    87    198     88
    33     90     35
    33     35     34
   199     97     96
   199     96    144
   200    145     98
   200     98     97
   200     97    199
   201    202    203
   201    203    204
   201    204    205
   201    205    206
   201    206    207
   201    207    147
   201    147    146
   147    207    208
   147    208    209
   147    209    149
   147    149    148
   150    210    211
   150    211    151
   102    152    104
   102    104    103
   107    212    154
   107    154    108
   156    155    213
   156    213    157
   158    157    213
   158    213    214
   158    214    215
   158    215    216
   158    216    159
   159    216    217
   159    217    218
   159    218    219
   159    219    220
   159    220    166
   159    166    165
   159    165    162
   159    162    160
   166    220    221
   166    221    222
   166    222    223
   166    223    224
   166    224    225
   166    225    226
   166    226    227
   166    227    167
   227    226    228
   227    228    229
   227    229    230
   227    230    231
   168    167    227
   168    227    231
   168    231    232
   168    232    171
   232    231    230
   232    230    233
   232    233    234
   172    171    232
   172    232    234
   172    234    173
   173    234    233
   173    233    235
   173    235    236
   173    236    174
   176    175    237
   176    237    238
   176    238    239
   180    123    122
   180    122    176
   180    176    239
   180    239    240
   180    240    241
   181    179    178
   242    243     59
   242     59     58
   242     58    125
   244    126     60
   244     60     59
   244     59    243
   245    246    183
   245    183     67
   245     67     66
   245     66    126
   245    126    244
   247    248    185
   247    185    184
   247    184    128
   247    128    127
   247    127    183
   247    183    246
   249    250    251
   249    251    252
   249    252    253
   249    253    254
   249    254    248
   249    248    247
   254    255    256
   254    256    186
   254    186    185
   254    185    248
   253    257    255
   253    255    254
   187    258    190
   187    190    189
   187    189    188
   256    258    187
   256    187    186
    75    259    260
    75    260    191
    75    191    134
    75    134     76
   260    261    262
   260    262    192
   260    192    136
   260    136    135
   260    135    191
    79    138    192
    79    192    262
    79    262    263
    79    263    264
    79    264    265
    79    265    266
    79    266     80
    80    266    267
    80    267    193
    80    193     81
   196    268    269
   196    269    270
   196    270    271
   196    271    141
   196    141    140
   271    272    273
   271    273    274
   271    274    197
   271    197    142
   271    142    141
    88    198    275
    88    275    276
    88    276    277
    88    277     89
    30     89    277
    30    277    278
    30    278     31
    31    278    279
    31    279    280
    31    280     32
    32    280    281
    32    281    282
    32    282     91
    32     91     90
    32     90     33
   282    283    284
   282    284    200
   282    200    199
   282    199    144
   282    144    143
   282    143     93
   282     93     92
   282     92     91
   284    285    286
   284    286    201
   284    201    146
   284    146    145
   284    145    200
   286    287    288
   286    288    289
   286    289    290
   286    290    291
   286    291    292
   286    292    202
   286    202    201
   292    293    294
   292    294    203
   292    203    202
   203    294    295
   203    295    296
   203    296    204
   206    297    208
   206    208    207
   149    209    210
   149    210    150
   101    298    153
   101    153    152
   101    152    102
   106    299    212
   106    212    107
   213    155    154
   213    154    212
   213    212    299
   213    299    300
   213    300    214
   215    301    302
   215    302    217
   215    217    216
   217    302    303
   217    303    304
   217    304    218
   219    305    306
   219    306    307
   219    307    221
   219    221    220
   221    307    308
   221    308    309
   221    309    310
   221    310    222
   224    311    312
   224    312    225
   225    312    313
   225    313    314
   225    314    228
   225    228    226
   229    228    314
   229    314    315
   229    315    316
   233    230    229
   233    229    316
   233    316    317
   233    317    235
   235    317    318
   235    318    319
   235    319    236
   174    236    319
   174    319    320
   174    320    237
   174    237    175
   237    320    321
   237    321    322
   237    322    323
   237    323    238
   239    238    323
   239    323    324
   239    324    325
   239    325    240
   241    240    325
   241    325    326
   241    326    327
   328    182    181
   328    181    178
   328    178    177
   328    177    329
    65     64    182
    65    182    328
   330    331    332
   330    332    333
   330    333    334
   330    334    335
   334    333    336
   334    336    245
   334    245    244
   334    244    243
   334    243    242
   332    337    338
   332    338    339
   332    339    340
   332    340    341
   332    341    336
   332    336    333
   336    341    342
   336    342    343
   336    343    344
   336    344    345
   336    345    249
   336    249    247
   336    247    246
   336    246    245
   344    346    347
   344    347    348
   344    348    349
   344    349    350
   344    350    345
   345    350    351
   345    351    352
   345    352    353
   345    353    250
   345    250    249
   349    354    351
   349    351    350
   353    355    251
   353    251    250
   352    356    357
   352    357    355
   352    355    353
   252    358    257
   252    257    253
   251    355    357
   251    357    359
   251    359    358
   251    358    252
   359    360    259
   359    259     75
   359     75     74
   359     74    133
   359    133    190
   359    190    258
   359    258    256
   359    256    255
   359    255    257
   359    257    358
   361    362    363
   361    363    364
   361    364    261
   361    261    260
   361    260    259
   361    259    360
   262    261    364
   262    364    365
   262    365    366
   262    366    367
   262    367    263
   263    367    368
   263    368    369
   263    369    264
   193    267    370
   193    370    371
   193    371    372
   193    372    194
   194    372    268
   194    268    196
   194    196    195
   373    273    272
    86    275    198
    86    198     87
   277    276    374
   277    374    375
   277    375    279
   277    279    278
   279    375    376
   279    376    377
   279    377    281
   279    281    280
   281    377    378
   281    378    379
   281    379    283
   281    283    282
   379    380    381
   379    381    285
   379    285    284
   379    284    283
   382    383    287
   382    287    286
   382    286    285
   382    285    381
   382    381    384
   382    384    385
   382    385    386
   382    386    387
   388    288    287
   388    287    383
   388    383    389
   388    389    390
   391    289    288
   391    288    388
   291    392    393
   291    393    293
   291    293    292
   394    295    294
   394    294    293
   394    293    393
   394    393    395
   204    296    396
   204    396    397
   204    397    205
   398    297    206
   398    206    205
   398    205    397
   398    397    399
   211    210    209
   211    209    208
   211    208    297
   211    297    398
   211    398    400
   211    400    401
   100    151    211
   100    211    401
   100    401    402
   100    402    403
   100    403    404
   100    404    298
   100    298    101
   405    406    300
   405    300    299
   405    299    106
   405    106    105
   405    105    153
   405    153    298
   405    298    404
   405    404    407
   214    300    406
   214    406    408
   214    408    301
   214    301    215
   408    409    410
   408    410    411
   408    411    303
   408    303    302
   408    302    301
   303    411    412
   303    412    304
   218    304    412
   218    412    413
   218    413    305
   218    305    219
   306    414    415
   306    415    308
   306    308    307
   308    415    416
   308    416    417
   308    417    418
   308    418    309
   222    310    419
   222    419    420
   222    420    223
   223    420    421
   223    421    311
   223    311    224
   422    313    312
   422    312    311
   422    311    421
   422    421    423
   314    313    422
   314    422    315
   316    315    422
   316    422    423
   316    423    424
   316    424    425
   316    425    318
   316    318    317
   319    318    425
   319    425    426
   319    426    321
   319    321    320
   322    321    426
   322    426    427
   322    427    428
   322    428    429
   324    323    322
   324    322    429
   324    429    430
   324    430    431
   324    431    432
   324    432    433
   433    432    434
   433    434    435
   433    435    436
   433    436    437
   326    325    324
   326    324    433
   326    433    437
   326    437    438
   439    327    326
   439    326    438
   439    438    440
   439    440    441
   442    329    177
   442    177    180
   442    180    241
   442    241    327
   442    327    439
   335    334    242
   335    242    125
   335    125     57
   335     57     65
   335     65    328
   335    328    329
   335    329    442
   443    444    445
   443    445    446
   443    446    447
   447    446    448
   447    448    449
   447    449    450
   447    450    451
   447    451    337
   447    337    332
   447    332    331
   450    452    453
   450    453    454
   450    454    451
   451    454    455
   451    455    338
   451    338    337
   340    456    457
   340    457    342
   340    342    341
   343    458    459
   343    459    346
   343    346    344
   459    460    461
   459    461    347
   459    347    346
   347    461    462
   347    462    463
   347    463    348
   462    464    465
   462    465    466
   462    466    467
   462    467    463
   348    463    467
   348    467    468
   348    468    469
   348    469    354
   348    354    349
   467    466    470
   467    470    468
   351    354    469
   351    469    471
   351    471    356
   351    356    352
   468    470    472
   468    472    473
   468    473    474
   468    474    471
   468    471    469
   471    474    475
   471    475    476
   471    476    361
   471    361    360
   471    360    359
   471    359    357
   471    357    356
   476    477    478
   476    478    479
   476    479    480
   476    480    362
   476    362    361
   480    481    482
   480    482    483
   480    483    363
   480    363    362
   363    483    365
   363    365    364
   366    484    485
   366    485    368
   366    368    367
   264    369    265
   371    269    268
   371    268    372
   270    486    373
   270    373    272
   270    272    271
   197    274    487
   197    487    374
   197    374    276
   197    276    275
   197    275     86
   197     86     85
   487    488    376
   487    376    375
   487    375    374
   376    488    489
   376    489    490
   376    490    491
   376    491    378
   376    378    377
   378    491    492
   378    492    380
   378    380    379
   492    493    494
   492    494    495
   492    495    384
   492    384    381
   492    381    380
   384    495    496
   384    496    385
   385    496    497
   385    497    498
   385    498    386
   499    389    383
   499    383    382
   390    389    499
   500    392    291
   500    291    290
   500    290    501
   395    393    392
   395    392    500
   395    500    502
   503    396    296
   503    296    295
   503    295    394
   399    397    396
   399    396    503
   399    503    504
   505    400    398
   505    398    399
   505    399    504
   505    504    506
   402    401    400
   402    400    505
   402    505    507
   402    507    508
   509    403    402
   509    402    508
   509    508    510
   509    510    511
   509    511    512
   509    512    513
   407    404    403
   407    403    509
   407    509    514
   407    514    515
   516    517    405
   516    405    407
   516    407    515
   516    515    518
   519    409    408
   519    408    406
   519    406    405
   519    405    517
   519    517    520
   521    522    410
   521    410    409
   521    409    519
   412    411    410
   412    410    522
   412    522    523
   412    523    413
   413    523    524
   413    524    525
   413    525    526
   413    526    414
   413    414    306
   413    306    305
   527    416    415
   527    415    414
   527    414    526
   417    416    527
   417    527    528
   529    418    417
   529    417    528
   529    528    530
   529    530    531
   419    310    309
   419    309    418
   419    418    529
   532    531    530
   532    530    533
   532    533    534
   532    534    535
   424    423    421
   424    421    420
   424    420    419
   424    419    529
   424    529    531
   424    531    532
   424    532    536
   537    538    536
   537    536    532
   537    532    535
   537    535    539
   537    539    540
   537    540    541
   537    541    542
   537    542    543
   426    425    424
   426    424    536
   426    536    538
   426    538    544
   426    544    427
   545    546    428
   545    428    427
   545    427    544
   545    544    547
   545    547    548
   429    428    546
   429    546    549
   429    549    550
   429    550    551
   429    551    430
   430    551    552
   430    552    553
   430    553    431
   434    432    431
   434    431    553
   434    553    554
   434    554    555
   434    555    556
   436    435    557
   436    557    558
   438    437    436
   438    436    558
   438    558    559
   438    559    440
   441    440    559
   441    559    560
   441    560    561
   442    439    441
   442    441    561
   442    561    562
   442    562    563
   442    563    564
   442    564    565
   442    565    330
   442    330    335
   565    566    443
   565    443    447
   565    447    331
   565    331    330
   567    568    569
   567    569    445
   567    445    444
   567    444    570
   445    569    571
   445    571    572
   445    572    448
   445    448    446
   449    573    574
   449    574    452
   449    452    450
   574    575    453
   574    453    452
   338    455    576
   338    576    577
   338    577    339
   339    577    578
   339    578    456
   339    456    340
   342    457    579
   342    579    458
   342    458    343
   579    580    581
   579    581    582
   579    582    460
   579    460    459
   579    459    458
   582    583    464
   582    464    462
   582    462    461
   582    461    460
   584    585    465
   584    465    464
   584    464    583
   465    585    586
   465    586    472
   465    472    470
   465    470    466
   472    586    587
   472    587    588
   472    588    473
   473    588    589
   473    589    590
   473    590    591
   473    591    475
   473    475    474
   475    591    592
   475    592    593
   475    593    477
   475    477    476
   593    594    478
   593    478    477
   479    595    481
   479    481    480
   596    482    481
   596    481    595
   596    595    597
   596    597    598
   365    483    482
   365    482    596
   365    596    599
   365    599    484
   365    484    366
   485    484    599
   485    599    600
   485    600    601
   265    369    368
   265    368    485
   265    485    601
   265    601    370
   265    370    267
   265    267    266
   370    601    600
   370    600    602
   370    602    603
   370    603    486
   370    486    270
   370    270    269
   370    269    371
   604    489    488
   604    488    487
   604    487    274
   604    274    273
   604    273    373
   604    373    486
   604    486    603
   605    606    490
   605    490    489
   605    489    604
   605    604    607
   608    609    493
   608    493    492
   608    492    491
   608    491    490
   608    490    606
   610    609    608
   610    608    611
   610    611    612
   610    612    613
   610    613    614
   615    616    494
   615    494    493
   615    493    609
   615    609    610
   617    616    615
   618    497    496
   618    496    495
   618    495    494
   618    494    616
   618    616    617
   619    498    497
   619    497    618
   387    386    498
   387    498    619
   620    501    290
   620    290    289
   620    289    391
   621    502    500
   621    500    501
   621    501    620
   506    504    503
   506    503    394
   506    394    395
   506    395    502
   506    502    621
   506    621    622
   623    624    507
   623    507    505
   623    505    506
   623    506    622
   623    622    625
   508    507    624
   508    624    510
   626    627    512
   626    512    511
   626    511    628
   513    512    627
   513    627    629
   513    629    630
   630    629    631
   630    631    632
   630    632    633
   634    514    509
   634    509    513
   634    513    630
   634    630    633
   634    633    635
   518    515    514
   518    514    634
   518    634    636
   637    520    517
   637    517    516
   638    639    521
   638    521    519
   638    519    520
   638    520    637
   638    637    640
   641    524    523
   641    523    522
   641    522    521
   641    521    639
   642    525    524
   642    524    641
   530    528    527
   530    527    526
   530    526    525
   530    525    642
   530    642    643
   530    643    533
   533    643    644
   533    644    534
   535    534    644
   535    644    539
   540    645    646
   540    646    541
   541    646    647
   541    647    648
   541    648    542
   543    542    648
   543    648    649
   543    649    650
   543    650    651
   652    653    537
   652    537    543
   652    543    651
   652    651    654
   544    538    537
   544    537    653
   544    653    547
   549    546    545
   556    555    655
   559    558    557
   559    557    656
   559    656    657
   559    657    560
   561    560    657
   561    657    562
   564    658    659
   564    659    660
   564    660    566
   564    566    565
   660    570    444
   660    444    443
   660    443    566
   661    662    663
   661    663    568
   661    568    567
   664    665    666
   664    666    571
   664    571    569
   664    569    568
   664    568    663
   448    572    667
   448    667    668
   448    668    573
   448    573    449
   668    669    670
   668    670    575
   668    575    574
   668    574    573
   453    575    670
   453    670    671
   453    671    672
   453    672    576
   453    576    455
   453    455    454
   576    672    673
   576    673    674
   576    674    675
   576    675    676
   576    676    578
   576    578    577
   578    676    677
   578    677    678
   578    678    580
   578    580    579
   578    579    457
   578    457    456
   678    679    680
   678    680    581
   678    581    580
   581    680    681
   581    681    584
   581    584    583
   581    583    582
   682    587    586
   682    586    585
   682    585    584
   682    584    681
   682    681    683
   684    685    589
   684    589    588
   684    588    587
   684    587    682
   590    686    687
   590    687    592
   590    592    591
   592    687    688
   592    688    594
   592    594    593
   689    690    597
   689    597    595
   689    595    479
   689    479    478
   689    478    594
   689    594    688
   689    688    691
   598    597    690
   598    690    692
   602    600    599
   602    599    596
   602    596    598
   602    598    692
   602    692    693
   602    693    694
   602    694    695
   695    694    696
   695    696    697
   695    697    698
   695    698    699
   700    701    607
   700    607    604
   700    604    603
   700    603    602
   700    602    695
   700    695    699
   700    699    702
   700    702    703
   700    703    704
   705    706    707
   705    707    605
   705    605    607
   705    607    701
   705    701    708
   709    710    711
   709    711    712
   709    712    611
   709    611    608
   709    608    606
   709    606    605
   709    605    707
   709    707    713
   714    715    716
   714    716    717
   714    717    712
   714    712    711
   714    711    718
   712    717    719
   712    719    720
   712    720    721
   712    721    612
   712    612    611
   719    717    716
   719    716    722
   612    721    613
   723    720    719
   723    719    722
   723    722    724
   723    724    725
   723    725    726
   723    726    727
   614    613    721
   614    721    720
   614    720    723
   625    622    621
   625    621    620
   625    620    391
   625    391    388
   625    388    390
   625    390    499
   625    499    382
   625    382    387
   625    387    619
   625    619    618
   625    618    617
   625    617    615
   625    615    610
   625    610    614
   625    614    723
   625    723    727
   625    727    728
   625    728    729
   730    731    623
   730    623    625
   730    625    729
   730    729    732
   730    732    733
   730    733    734
   730    734    735
   730    735    736
   628    511    510
   628    510    624
   628    624    623
   628    623    731
   628    731    737
   628    737    738
   739    740    626
   739    626    628
   739    628    738
   739    738    741
   739    741    742
   739    742    743
   739    743    744
   739    744    745
   739    745    746
   747    631    629
   747    629    627
   747    627    626
   747    626    740
   747    740    748
   749    748    740
   749    740    739
   632    631    747
   632    747    750
   751    750    747
   751    747    748
   751    748    749
   635    633    632
   635    632    750
   635    750    751
   752    636    634
   752    634    635
   752    635    751
   752    751    749
   752    749    739
   752    739    746
   752    746    753
   754    640    637
   754    637    516
   754    516    518
   754    518    636
   754    636    752
   755    756    638
   755    638    640
   755    640    754
   755    754    757
   539    644    643
   539    643    642
   539    642    641
   539    641    639
   539    639    638
   539    638    756
   539    756    758
   539    758    759
   539    759    760
   539    760    645
   539    645    540
   760    761    647
   760    647    646
   760    646    645
   762    763    761
   762    761    760
   762    760    759
   762    759    764
   648    647    761
   648    761    763
   648    763    765
   648    765    649
   765    763    762
   765    762    766
   650    649    765
   650    765    766
   650    766    767
   654    651    650
   654    650    767
   654    767    768
   654    768    769
   548    547    653
   548    653    652
   770    552    551
   770    551    550
   770    550    771
   554    553    552
   554    552    770
   656    557    435
   656    435    434
   656    434    556
   656    556    655
   656    655    772
   656    772    773
   562    657    656
   562    656    773
   562    773    563
   774    775    776
   774    776    659
   774    659    658
   659    776    777
   659    777    778
   659    778    779
   659    779    661
   659    661    567
   659    567    570
   659    570    660
   779    662    661
   780    665    664
   667    781    669
   667    669    668
   782    671    670
   782    670    669
   782    669    781
   782    781    783
   784    785    673
   784    673    672
   784    672    671
   784    671    782
   784    782    786
   673    785    787
   673    787    788
   673    788    674
   675    789    790
   675    790    677
   675    677    676
   677    790    791
   677    791    679
   677    679    678
   683    681    680
   683    680    679
   683    679    791
   792    686    590
   792    590    589
   792    589    685
   691    688    687
   691    687    686
   691    686    792
   793    693    692
   793    692    690
   793    690    689
   696    694    693
   696    693    793
   696    793    794
   699    698    795
   699    795    796
   699    796    702
   702    796    797
   702    797    798
   702    798    703
   708    701    700
   713    707    706
   713    706    799
   718    711    710
   800    715    714
   800    714    801
   724    722    716
   724    716    715
   724    715    800
   729    728    726
   729    726    725
   729    725    802
   729    802    732
   727    726    728
   803    737    731
   803    731    730
   804    805    741
   804    741    738
   804    738    737
   804    737    803
   806    807    808
   806    808    809
   806    809    810
   806    810    742
   806    742    741
   806    741    805
   806    805    811
   806    811    812
   813    809    808
   813    808    814
   813    814    815
   742    810    816
   742    816    743
   816    810    809
   816    809    813
   745    744    817
   817    744    743
   817    743    816
   817    816    813
   817    813    815
   817    815    818
   817    818    819
   817    819    820
   753    746    745
   753    745    817
   753    817    820
   753    820    821
   753    821    822
   753    822    823
   824    825    826
   824    826    757
   824    757    754
   824    754    752
   824    752    753
   824    753    823
   824    823    827
   824    827    828
   824    828    829
   824    829    830
   831    832    833
   831    833    834
   831    834    835
   831    835    836
   831    836    837
   831    837    755
   831    755    757
   831    757    826
   831    826    838
   837    839    840
   837    840    758
   837    758    756
   837    756    755
   841    839    837
   841    837    836
   842    764    759
   842    759    758
   842    758    840
   842    840    843
   843    840    839
   843    839    841
   843    841    844
   767    766    762
   767    762    764
   767    764    842
   767    842    768
   769    768    842
   769    842    843
   769    843    844
   769    844    845
   769    845    846
   771    550    549
   771    549    545
   771    545    548
   771    548    652
   771    652    654
   771    654    769
   771    769    846
   771    846    847
   772    655    555
   772    555    554
   772    554    770
   772    770    771
   772    771    847
   772    847    848
   772    848    849
   563    773    772
   563    772    849
   563    849    850
   563    850    851
   563    851    852
   563    852    853
   563    853    774
   563    774    658
   563    658    564
   853    854    855
   853    855    856
   853    856    775
   853    775    774
   856    857    777
   856    777    776
   856    776    775
   858    666    665
   858    665    780
   859    786    782
   859    782    783
   859    783    860
   861    862    784
   861    784    786
   861    786    859
   863    864    787
   863    787    785
   863    785    784
   863    784    862
   863    862    865
   866    788    787
   866    787    864
   866    864    867
   674    788    866
   674    866    789
   674    789    675
   868    869    684
   868    684    682
   868    682    683
   868    683    791
   868    791    790
   868    790    789
   868    789    866
   868    866    867
   868    867    870
   871    794    793
   871    793    689
   871    689    691
   871    691    792
   871    792    685
   871    685    684
   871    684    869
   872    697    696
   872    696    794
   872    794    871
   873    874    795
   873    795    698
   873    698    697
   873    697    872
   873    872    875
   797    796    795
   797    795    874
   704    703    798
   704    798    876
   877    799    706
   877    706    705
   878    801    714
   878    714    718
   878    718    710
   878    710    709
   802    725    724
   802    724    800
   802    800    801
   802    801    878
   879    880    881
   733    880    879
   733    879    734
   882    811    805
   882    805    804
   812    811    882
   883    884    814
   883    814    808
   883    808    807
   883    807    885
   886    887    884
   886    884    883
   815    814    884
   815    884    887
   815    887    888
   815    888    818
   818    888    889
   818    889    890
   818    890    891
   818    891    892
   818    892    819
   820    819    892
   820    892    893
   820    893    894
   820    894    895
   820    895    821
   822    821    895
   822    895    896
   822    896    897
   898    899    827
   898    827    823
   898    823    822
   898    822    897
   898    897    900
   833    901    902
   833    902    834
   903    904    901
   903    901    833
   903    833    832
   903    832    905
   835    834    902
   835    902    906
   906    902    901
   906    901    904
   906    904    907
   906    907    908
   845    844    841
   845    841    836
   845    836    835
   845    835    906
   845    906    908
   845    908    909
   845    909    910
   847    846    845
   847    845    910
   847    910    911
   847    911    912
   847    912    848
   849    848    912
   849    912    913
   849    913    850
   852    914    915
   852    915    854
   852    854    853
   855    916    857
   855    857    856
   778    917    858
   778    858    780
   778    780    664
   778    664    663
   778    663    662
   778    662    779
   860    783    781
   860    781    667
   860    667    572
   860    572    571
   860    571    666
   860    666    858
   860    858    917
   918    865    862
   918    862    861
   919    920    863
   919    863    865
   919    865    918
   870    867    864
   870    864    863
   870    863    920
   870    920    921
   922    923    924
   922    924    925
   922    925    868
   922    868    870
   922    870    921
   922    921    926
   922    926    927
   925    875    872
   925    872    871
   925    871    869
   925    869    868
   924    928    929
   924    929    873
   924    873    875
   924    875    925
   930    931    929
   930    929    928
   930    928    932
   930    932    933
   876    798    797
   876    797    874
   876    874    873
   876    873    929
   876    929    931
   934    935    936
   934    936    877
   934    877    705
   934    705    708
   934    708    700
   934    700    704
   934    704    876
   934    876    931
   934    931    930
   936    881    880
   936    880    733
   936    733    732
   936    732    802
   936    802    878
   936    878    709
   936    709    713
   936    713    799
   936    799    877
   937    735    734
   937    734    879
   937    879    881
   937    881    936
   937    936    935
   736    735    937
   938    885    807
   938    807    806
   939    940    886
   939    886    883
   939    883    885
   939    885    938
   889    888    887
   889    887    886
   889    886    940
   891    890    941
   891    941    942
   891    942    943
   893    892    891
   893    891    943
   893    943    944
   893    944    945
   893    945    946
   947    894    893
   947    893    946
   947    946    948
   896    895    894
   896    894    947
   896    947    949
   838    826    825
   838    825    950
   950    825    824
   907    904    903
   951    909    908
   951    908    907
   951    907    903
   951    903    905
   951    905    952
   910    909    951
   910    951    911
   851    914    852
   953    916    855
   953    855    854
   953    854    915
   954    955    919
   954    919    918
   954    918    861
   954    861    859
   954    859    860
   954    860    917
   954    917    778
   954    778    777
   954    777    857
   954    857    916
   954    916    953
   956    927    926
   956    926    955
   956    955    954
   926    921    920
   926    920    919
   926    919    955
   957    958    959
   957    959    923
   957    923    922
   932    928    924
   932    924    923
   932    923    959
   960    961    933
   960    933    932
   960    932    959
   960    959    958
   960    958    962
   963    964    965
   963    965    961
   963    961    960
   966    967    968
   966    968    969
   966    969    934
   966    934    930
   966    930    933
   966    933    961
   966    961    965
   966    965    970
   966    970    971
   972    969    968
   972    968    973
   972    973    974
   975    976    977
   975    977    978
   975    978    939
   975    939    938
   975    938    806
   975    806    812
   975    812    882
   975    882    804
   975    804    803
   975    803    730
   975    730    736
   975    736    937
   975    937    935
   975    935    934
   975    934    969
   975    969    972
   978    941    890
   978    890    889
   978    889    940
   978    940    939
   979    942    941
   979    941    978
   979    978    977
   944    943    942
   944    942    979
   944    979    980
   944    980    981
   982    945    944
   982    944    981
   982    981    983
   948    946    945
   948    945    982
   827    899    828
   829    828    899
   829    899    898
   952    905    832
   952    832    831
   912    911    951
   912    951    952
   912    952    831
   912    831    838
   912    838    950
   912    950    824
   912    824    830
   912    830    984
   912    984    913
   850    913    984
   850    984    985
   850    985    956
   850    956    954
   850    954    953
   850    953    915
   850    915    914
   850    914    851
   985    986    963
   985    963    960
   985    960    962
   985    962    957
   985    957    922
   985    922    927
   985    927    956
   987    988    964
   987    964    963
   987    963    986
   962    958    957
   965    964    988
   965    988    970
   989    967    966
   990    973    968
   990    968    967
   990    967    989
   991    992    980
   991    980    979
   991    979    977
   991    977    976
   991    976    993
   994    992    991
   983    981    980
   983    980    992
   983    992    994
   900    897    896
   900    896    949
   900    949    995
   995    949    947
   995    947    948
   995    948    982
   995    982    983
   995    983    994
   995    994    991
   995    991    993
   995    993    975
   995    975    972
   995    972    974
   995    974    996
   984    830    829
   984    829    898
   984    898    900
   984    900    995
   984    995    996
   984    996    990
   984    990    989
   984    989    966
   984    966    971
   984    971    987
   984    987    986
   984    986    985
   971    970    988
   971    988    987
   993    976    975
   996    974    973
   996    973    990
    37     41     42
    37     42     11
    37     11     10
    37     10      2
    37      2      1
    37      1      7
